timestamp,emg1,emg2,emg3,emg4,emg5,emg6,emg7,emg8
1514892918860503,-2,-2,-3,-1,-2,-2,-1,1
1514892918860503,-1,-5,-2,-2,-3,-2,-1,0
1514892918863504,0,-1,-1,0,0,0,-1,-1
1514892918863504,-2,1,-1,-1,-1,0,-2,-2
1514892918882517,0,0,-2,0,-2,-1,-1,-1
1514892918882517,-3,-2,1,-1,-2,-1,0,-3
1514892918884019,-2,-2,-1,0,-2,-2,-1,-2
1514892918884019,-2,0,-2,1,0,-3,-2,0
1514892918905535,0,0,-1,-2,0,1,-2,-2
1514892918905535,-2,-1,-3,-1,-1,-1,-1,1
1514892918907034,-1,-3,0,-2,-3,1,0,-1
1514892918907034,0,0,-1,-2,0,1,-1,0
1514892918920545,-1,-1,1,0,0,0,-1,-1
1514892918920545,0,-1,-1,-1,-2,-1,0,-1
1514892918922047,-2,-2,-1,-1,0,0,-1,-1
1514892918922047,0,0,-1,-1,-3,-2,-2,-2
1514892918942560,-1,-1,-2,0,-1,-1,1,0
1514892918942560,-3,-2,-1,-1,-1,0,0,0
1514892918944060,-1,-2,-2,0,-1,-1,0,-3
1514892918944060,0,-1,-3,-3,0,-1,0,-1
1514892918965075,0,0,0,-2,-2,-2,-1,-2
1514892918965075,-1,-2,-1,-1,-2,-1,-1,0
1514892918967577,-1,1,-1,-2,-2,-2,-2,0
1514892918967577,0,0,-1,-2,-2,-1,-1,-3
1514892918980586,0,1,0,0,-1,-1,-2,0
1514892918980586,0,-1,0,-1,-1,-1,0,-3
1514892918986591,-2,-3,0,0,-1,-2,0,-2
1514892918986591,-1,0,-3,-1,-1,-1,-2,-1
1514892919003104,-1,1,-1,-2,-1,-2,-1,-3
1514892919003104,-2,-3,-2,-2,1,0,-1,-1
1514892919004105,-1,-3,-1,0,0,-1,-1,-1
1514892919004105,-2,0,-2,-1,-2,0,-2,0
1514892919025117,-2,-1,-4,-1,-2,-1,-1,1
1514892919025117,0,-1,0,-1,-1,-1,-2,-1
1514892919026619,-1,-1,-1,-1,-1,-2,0,-1
1514892919026619,-2,1,-1,-2,-2,-2,-1,-1
1514892919047633,-2,0,-1,-1,-2,-1,0,-2
1514892919047633,-2,-2,-3,0,-2,-2,0,-1
1514892919049645,0,-1,0,-1,-1,0,-1,-1
1514892919049645,0,2,-2,-2,0,0,0,-1
1514892919062658,0,-1,0,-1,0,-2,0,-1
1514892919062658,-2,-3,-1,0,-1,0,-2,-2
1514892919064156,-1,-2,1,-2,-1,0,-1,-1
1514892919064156,-1,-1,0,0,-1,0,0,0
1514892919085160,0,0,-1,-3,-1,-1,-2,-1
1514892919085160,-2,-2,-2,-1,0,-1,-1,1
1514892919086663,-1,-4,0,0,-1,-2,0,1
1514892919086663,-2,1,-2,0,-1,-1,-2,-2
1514892919099678,-2,1,0,-2,0,0,0,-1
1514892919099678,-1,-3,-2,-1,1,-2,-1,-3
1514892919106185,0,-1,-1,0,1,-1,-3,-1
1514892919106185,-1,-1,0,-1,1,-2,0,0
1514892919122686,0,0,-2,0,-1,-1,-1,-1
1514892919122686,0,-2,-1,0,-3,0,-1,-2
1514892919124188,-2,-2,-2,-2,0,-2,1,-2
1514892919124188,-3,0,-1,-1,-2,0,0,-1
1514892919145225,-2,-1,-3,-2,-2,-2,1,-1
1514892919145225,-2,-3,-2,-1,-2,1,1,-2
1514892919146704,-2,-3,-1,-1,-2,1,0,1
1514892919146704,-1,0,-2,-2,-2,0,1,0
1514892919159714,-2,-2,-1,-1,-1,-1,-2,0
1514892919159714,0,-3,-1,1,-2,-2,-1,-1
1514892919166268,-1,-2,-4,-3,-2,0,0,-1
1514892919166268,0,-1,-1,-2,0,-2,-1,-1
1514892919182789,-1,0,-1,0,-1,-2,-1,-2
1514892919182789,0,0,-1,0,1,1,-3,-1
1514892919184288,-2,0,-2,0,0,-1,0,-1
1514892919184288,-1,-2,-1,-2,-1,-1,-1,-1
1514892919206297,-3,-2,-1,-1,0,0,-1,-2
1514892919206297,-2,-1,0,-2,0,-1,-2,-1
1514892919207809,-1,-2,-1,0,1,0,0,-2
1514892919207809,-2,1,-1,-1,-1,-1,-1,-2
1514892919219306,1,-1,-2,1,0,-2,-3,-2
1514892919219306,0,-2,-2,-2,-2,0,-1,0
1514892919226325,-1,-2,-1,0,-1,-1,-2,1
1514892919226325,-2,-2,0,-1,-2,-2,-3,-3
1514892919242821,-1,0,0,-3,-1,-1,-1,-1
1514892919242821,0,-4,0,-1,-1,-3,1,-1
1514892919244334,-1,3,-3,0,-2,0,0,-1
1514892919244334,0,2,-1,0,-1,-1,0,0
1514892919265354,-1,-2,-2,-1,0,0,0,0
1514892919265354,-2,-2,1,0,0,-3,-1,0
1514892919267840,-2,2,1,-1,0,-2,0,0
1514892919267840,1,-2,-3,-4,-2,-2,-2,-1
1514892919279357,0,-2,-1,-1,-3,0,-1,-2
1514892919279357,-1,-2,-2,-2,-2,1,1,0
1514892919293858,0,-2,-2,1,-1,-2,-1,-1
1514892919293858,-1,1,-3,-2,1,0,-2,-2
1514892919303366,-2,-3,-3,-2,0,0,-2,-2
1514892919303366,-1,-2,-1,0,-2,0,0,-3
1514892919306880,-1,0,0,-2,-3,-1,-1,-1
1514892919306880,0,1,-3,-1,-2,-2,-1,-1
1514892919325392,-2,-2,-1,-2,1,-3,-1,1
1514892919325392,-1,-2,-2,-1,-2,-1,-1,0
1514892919327394,-2,-1,0,0,-2,-2,0,-1
1514892919327394,-1,-1,0,0,0,0,-1,-1
1514892919338900,1,1,-1,-1,-2,-1,-1,-1
1514892919338900,-1,-3,0,-3,1,-2,-2,-1
1514892919347905,-1,-3,-1,-1,-3,0,-1,0
1514892919347905,0,0,-1,1,0,1,-1,0
1514892919362425,0,3,-1,0,-2,-1,-1,-1
1514892919362425,-2,1,-2,-2,-1,0,-3,-2
1514892919364423,-1,-4,-1,-2,0,0,-1,-3
1514892919364423,-1,-1,-1,-2,-2,-2,-1,-1
1514892919385968,0,2,-2,-2,-2,-1,0,0
1514892919385968,-1,-1,-2,1,1,-1,0,-1
1514892919388466,-2,-5,0,-3,-2,-2,-1,-1
1514892919388466,-3,-2,-1,0,-1,-1,-1,0
1514892919398974,-2,0,-2,3,0,-1,-2,0
1514892919398974,-1,-2,-1,-2,0,-3,0,0
1514892919407990,-1,-4,0,0,0,-2,1,-1
1514892919407990,-1,0,-2,-3,-3,-1,0,-2
1514892919422499,-1,1,-2,-3,-2,0,-1,-1
1514892919422499,-1,-2,-2,1,-1,-1,-2,-2
1514892919424491,0,-3,0,0,0,-1,0,-1
1514892919424491,-1,-1,-2,-1,0,-1,-2,-1
1514892919445016,-1,0,-1,0,-1,-2,-1,0
1514892919445016,0,-1,-1,-2,-2,-3,-2,0
1514892919447008,-1,-3,-1,-2,0,1,-2,-2
1514892919447008,-1,0,-1,-2,-1,1,-3,0
1514892919459016,1,1,-1,-2,-1,0,0,-1
1514892919459016,-4,-4,-1,-2,-1,1,0,-1
1514892919468027,-1,-3,-2,-1,-1,-2,-1,-2
1514892919468027,1,-1,-1,-1,0,-1,-1,-1
1514892919482533,-1,1,1,-2,0,-3,-1,-3
1514892919482533,-1,-2,0,-1,-2,0,0,0
1514892919484034,-1,-1,-1,-1,1,-1,-1,0
1514892919484034,0,0,0,1,-2,-1,-1,1
1514892919505049,-1,0,-1,-3,0,-3,-2,-2
1514892919505049,0,-1,-1,1,-2,-1,-1,0
1514892919506550,-1,-5,1,-1,-2,-2,0,0
1514892919506550,-1,-1,-1,-1,-3,0,-1,-2
1514892919519072,-1,0,-3,0,-2,-1,-2,-2
1514892919519072,0,-2,0,-2,-1,-1,-1,-1
1514892919528566,0,-2,-1,1,-1,-1,-1,-2
1514892919528566,-1,-1,-1,-1,-2,-2,0,0
1514892919542576,0,0,-3,-1,-1,-1,-1,-1
1514892919542576,-1,-4,-2,-3,0,-1,-1,-1
1514892919545077,0,-2,0,0,0,0,-1,0
1514892919545077,-1,-1,-1,-1,-2,-2,-1,0
1514892919565094,-3,1,0,-2,0,-1,-2,-1
1514892919565094,0,-2,-1,1,-2,0,-2,-1
1514892919567593,-1,-2,-1,-1,-2,-1,-1,-2
1514892919567593,-2,-1,-1,-2,-1,0,-1,-2
1514892919579101,0,-1,-3,-1,-2,-1,-1,1
1514892919579101,-1,-1,0,-2,-1,-1,-3,-1
1514892919587607,-3,-2,-1,-2,-2,0,-2,-1
1514892919587607,-3,0,-2,-1,-2,-1,-1,-2
1514892919602619,1,1,1,-2,-3,0,0,3
1514892919602619,0,-2,-2,-1,-1,-3,0,-2
1514892919604120,-1,-2,-2,0,-1,-2,0,-1
1514892919604120,-1,1,-1,0,1,-2,-1,0
1514892919625134,-2,-2,-2,-2,-2,-1,-2,-3
1514892919625134,-1,-3,0,-1,-2,0,0,-1
1514892919626648,-1,-3,-3,1,-1,0,-1,0
1514892919626648,-1,-1,-1,-1,0,1,0,-2
1514892919638643,-1,0,-1,-2,-2,0,-1,-1
1514892919638643,0,1,0,-1,1,-1,-2,1
1514892919647651,-1,-2,-1,-2,1,0,-1,0
1514892919647651,0,0,-2,-2,-2,0,-2,0
1514892919662660,-1,0,-2,0,-1,-1,-1,-1
1514892919662660,-2,-2,-1,0,-3,-1,2,-1
1514892919665162,-3,-3,1,-2,0,-1,1,-1
1514892919665162,-2,0,0,-1,-1,0,-3,-3
1514892919684677,-1,0,-1,-1,-1,-2,-2,-1
1514892919684677,-2,0,-1,-2,1,-1,-1,-1
1514892919691180,1,-3,0,0,-1,1,-1,-2
1514892919691180,0,1,-1,0,0,-2,-1,-1
1514892919698686,-1,2,-1,-2,-1,0,-2,-1
1514892919698686,-2,-2,-2,-3,-3,-2,-2,-2
1514892919707693,0,-1,-3,0,0,-1,-1,-1
1514892919707693,0,0,-1,-1,0,-1,-1,0
1514892919722703,0,1,1,1,0,-3,0,-3
1514892919722703,0,-2,-1,-3,-1,-2,-2,-1
1514892919724204,-4,-1,-2,-2,-2,-2,0,0
1514892919724204,-1,-2,-1,-2,0,-1,-1,0
1514892919745227,-1,-1,-2,-1,-1,-2,-1,-1
1514892919745227,0,-2,0,0,-1,0,-1,-2
1514892919746720,-1,-2,-2,-1,-1,-2,-1,-2
1514892919746720,-3,0,-1,-2,-1,-3,-1,-1
1514892919768736,-2,-2,-2,-2,-1,-1,-1,-1
1514892919768736,-3,-1,0,-2,-2,-2,0,0
1514892919770242,0,-1,-1,-1,-1,0,-1,-1
1514892919770242,-1,-1,-3,-1,-2,-1,-1,-2
1514892919782755,0,-1,-1,-1,0,-1,-1,-2
1514892919782755,-2,-2,-1,0,0,-2,-1,0
1514892919784249,0,-1,1,0,1,0,-1,-1
1514892919784249,1,-1,-1,-1,-1,-1,0,-1
1514892919805261,-1,-1,-2,-2,0,-1,-1,-3
1514892919805261,0,-1,-2,0,0,-1,-1,-2
1514892919806762,-1,-2,-1,0,-2,-2,0,-1
1514892919806762,0,-1,-1,1,-2,-2,-2,-3
1514892919826777,-2,0,-1,-1,-1,-1,-2,0
1514892919826777,1,-3,-2,-1,0,-1,-2,-2
1514892919835794,-1,-1,-2,-3,0,-2,0,0
1514892919835794,-2,0,1,-1,-1,-2,-1,0
1514892919842800,-1,-1,0,-2,-2,2,0,0
1514892919842800,-1,-2,1,2,-2,0,1,-1
1514892919844301,-1,-1,-1,-2,-2,-1,-2,-2
1514892919844301,-2,0,-1,-1,-2,1,-1,-2
1514892919865313,-2,-1,-2,-2,-3,-2,-2,0
1514892919865313,-2,-2,0,-1,0,-1,0,-2
1514892919866816,0,0,1,0,0,-1,-2,-2
1514892919866816,-1,-1,-1,-2,-2,-1,-1,-1
1514892919887831,0,-3,-1,1,-1,-1,-1,-1
1514892919887831,0,-1,-1,0,-1,-1,-1,-1
1514892919889330,-1,-1,-1,-1,0,0,-1,-1
1514892919889330,1,0,-3,-2,0,-1,-1,-1
1514892919901842,-1,0,-2,0,-2,-1,-2,1
1514892919901842,-2,-4,-1,-1,-1,0,0,-1
1514892919908845,-2,-2,-1,1,-1,-1,-2,0
1514892919908845,-1,2,-2,0,-1,-2,0,-1
1514892919925348,1,-2,-1,-2,-1,-2,-1,-1
1514892919925348,-2,0,-2,-1,-1,0,0,1
1514892919926847,-1,-1,-1,-1,-2,-2,0,1
1514892919926847,-2,-1,-1,-1,-2,-2,-2,0
1514892919947877,0,-1,0,-1,-1,-4,1,-2
1514892919947877,-1,-3,-3,-1,-3,0,-1,0
1514892919950373,-1,-2,-3,-1,-1,0,-2,0
1514892919950373,-2,-2,-1,-1,0,-1,-1,-1
1514892919962384,-2,-1,-2,-1,0,-2,-1,-2
1514892919962384,-2,-1,1,-2,0,0,0,-1
1514892919968885,-2,1,1,-2,-1,1,1,-2
1514892919968885,1,-1,-1,-1,-2,-1,0,0
1514892919985423,0,-1,-2,0,-2,-1,-3,-1
1514892919985423,-2,-2,1,-2,-1,-3,-1,-1
1514892919986907,-1,-1,-2,0,-2,-2,-1,-2
1514892919986907,0,0,-1,-2,0,-1,-1,-2
1514892920008914,0,-1,0,0,-2,0,-2,-2
1514892920008914,1,0,-3,0,-1,-2,-1,-3
1514892920012415,-2,-1,0,0,-2,-2,-2,-1
1514892920012415,0,-1,-3,-1,0,-2,-3,0
1514892920021915,-2,-1,-1,-1,0,-1,0,0
1514892920021915,-2,-1,-2,-1,-1,-2,-2,-2
1514892920028931,-2,-1,-2,0,-1,0,0,-1
1514892920028931,1,0,0,-1,-1,-1,2,-2
1514892920045431,-3,-1,-1,-3,-1,1,0,-3
1514892920045431,-1,-2,0,0,1,0,-1,-1
1514892920047932,-1,-2,0,-2,1,-1,-1,-2
1514892920047932,-2,-2,0,0,-3,-1,-1,-1
1514892920068449,0,-1,-2,-2,0,-1,-1,-1
1514892920068449,-3,-1,-3,1,-1,-1,-1,0
1514892920070952,-1,0,-2,-1,-2,-1,-2,0
1514892920070952,0,-1,-2,-1,-1,0,-2,0
1514892920081966,-2,-1,-1,-1,-2,-1,0,1
1514892920081966,0,-1,-2,-3,-2,0,-2,-1
1514892920088971,0,-1,0,0,1,-1,-1,0
1514892920088971,-1,0,-2,-1,0,-2,1,-3
1514892920105474,0,-2,-2,-1,0,-1,-2,-3
1514892920105474,-1,-2,-1,-1,-1,-1,-1,-2
1514892920106474,-1,-1,-1,-2,-2,-2,-1,-1
1514892920106474,-2,-1,0,-2,1,0,-1,-1
1514892920127489,-2,-2,-1,-1,-1,-1,-1,0
1514892920127489,-1,-3,-1,-2,-1,-2,-1,-1
1514892920128991,-1,-2,-1,-1,2,-1,1,0
1514892920128991,-1,1,-1,-1,0,-1,-2,1
1514892920142011,-2,-1,-1,-1,-2,-1,-2,-3
1514892920142011,1,-1,-1,0,-2,-2,0,1
1514892920156021,1,-1,-1,-1,-2,-1,-1,0
1514892920156021,-1,0,0,-1,-2,-3,-1,-1
1514892920165040,-1,-2,-1,-1,-1,-1,0,0
1514892920165040,-1,-1,0,0,-2,-2,-2,-1
1514892920167527,-1,0,-2,-1,-2,-1,-2,-1
1514892920167527,-1,-2,-1,-1,-4,-3,-2,-1
1514892920187531,-2,-1,-2,-1,-1,0,0,0
1514892920187531,-1,-2,-1,-2,0,1,-1,-2
1514892920189040,-1,0,0,-2,-1,1,-1,-1
1514892920189040,0,1,0,-1,-1,0,-1,-3
1514892920202041,-1,-2,-1,-2,0,-3,-1,-1
1514892920202041,-2,-4,-3,-2,1,-2,-1,-2
1514892920209060,-2,0,-2,-1,2,0,-2,0
1514892920209060,0,-1,-1,0,-1,0,-1,-1
1514892920225057,0,-2,-2,0,-1,0,0,-1
1514892920225057,-3,0,-1,-1,-1,0,-2,0
1514892920227059,-1,1,0,-1,-2,-2,0,-1
1514892920227059,-2,-2,-2,-1,-2,-1,0,-1
1514892920247575,-1,-1,-1,-1,-2,-2,-1,-1
1514892920247575,2,-2,-1,0,-2,-2,-2,0
1514892920249575,-1,-3,-2,-1,-3,-2,-1,-1
1514892920249575,-2,-1,-2,0,-1,-1,-1,0
1514892920261083,-1,-2,0,0,-2,-2,0,0
1514892920261083,-2,-2,-1,-2,-3,-1,-1,0
1514892920270130,0,0,1,0,-3,-1,-2,-2
1514892920270130,1,0,-1,0,-3,-1,-1,-2
1514892920285131,-2,-2,-2,-3,-1,1,-2,-2
1514892920285131,-1,-1,-1,1,0,0,0,-2
1514892920287642,-1,1,-2,0,0,0,1,0
1514892920287642,-1,-1,-2,-3,0,-1,-2,0
1514892920306645,-1,-2,0,-2,-2,-2,-2,1
1514892920306645,-2,-2,-1,-2,0,1,0,0
1514892920323658,-2,-1,-2,-2,-1,-2,-2,-3
1514892920323658,-1,0,-3,-1,0,0,-1,-2
1514892920324158,-1,-4,0,-2,0,-1,-1,-1
1514892920324158,-2,-1,-1,-1,-2,0,-1,-2
1514892920330162,-1,0,1,1,-1,0,-1,2
1514892920330162,-1,0,-2,-3,-1,1,0,0
1514892920345172,-1,-1,0,-2,-2,1,-1,-1
1514892920345172,-1,-2,-2,-1,0,-2,0,0
1514892920346674,0,-2,-1,0,-2,0,-1,0
1514892920346674,0,-1,-3,-1,0,-1,-1,0
1514892920368691,1,0,-2,-1,-1,-3,0,-1
1514892920368691,-2,-1,0,-1,-3,-2,-2,-1
1514892920371203,-2,1,-2,-1,0,-1,-1,-1
1514892920371203,-1,-1,-1,-2,-1,-3,-2,0
1514892920382208,-1,-2,-3,0,-2,0,0,-1
1514892920382208,0,-1,-1,-2,0,1,-2,-1
1514892920390204,-2,-1,-2,-3,-2,-2,-1,-2
1514892920390204,-2,0,0,0,-1,0,-3,-2
1514892920405715,0,-2,-3,-1,-1,-1,-2,-1
1514892920405715,0,-3,-3,-3,-1,-2,1,0
1514892920407217,0,0,-1,-1,0,-3,-1,1
1514892920407217,-1,-1,0,0,-2,-1,-1,0
1514892920435237,-1,-2,-1,-1,0,-2,0,0
1514892920435237,-1,-2,-1,0,0,1,0,0
1514892920436754,-2,-1,0,-1,-1,0,-1,-2
1514892920436754,0,1,-1,-1,1,-2,-1,-1
1514892920441255,-3,-2,0,-1,-3,0,-1,-1
1514892920441255,-2,-3,-1,-1,-2,-2,-1,-2
1514892920450247,-1,1,-2,-2,-1,-2,-2,-1
1514892920450247,-1,1,-2,-2,0,-2,0,-1
1514892920465257,0,1,-1,-1,0,-2,-2,0
1514892920465257,-2,-2,0,1,0,1,-2,-1
1514892920467771,0,0,-2,-1,-1,0,0,0
1514892920467771,0,-2,-1,-1,1,0,0,-2
1514892920487783,0,-2,-2,0,-1,0,-1,-1
1514892920487783,-2,-1,0,0,-2,0,-1,-1
1514892920489284,-2,0,-2,0,-1,1,-1,-3
1514892920489284,-1,0,-2,0,-2,-2,-2,-2
1514892920510290,0,-2,-2,-1,-1,-1,-1,-1
1514892920510290,-3,-2,-3,-1,-1,-2,-2,-1
1514892920513801,-1,-2,-2,-1,0,0,0,-1
1514892920513801,-1,1,0,-3,-2,0,0,-1
1514892920525313,-1,-1,-1,-2,-2,-1,-1,-2
1514892920525313,2,0,-2,0,-1,-2,-1,-2
1514892920526813,0,0,-3,-1,-1,-1,-1,0
1514892920526813,-1,-1,-1,-1,-1,0,-1,1
1514892920548332,-1,-1,0,2,-1,-1,-1,-1
1514892920548332,1,0,0,-2,-2,-1,-1,1
1514892920549826,-3,-2,-1,0,-2,-2,-2,-2
1514892920549826,-1,-2,-1,0,0,-2,-1,1
1514892920561326,-3,-1,0,0,1,-1,-2,0
1514892920561326,-2,-4,-3,-1,0,-2,-1,-1
1514892920570334,0,1,-1,-2,-1,-1,-2,-1
1514892920570334,0,0,-1,-1,-1,-1,-1,0
1514892920585362,-1,-2,-2,-1,-2,-2,0,0
1514892920585362,-1,-1,-1,-2,-2,0,-1,-1
1514892920586860,-1,0,0,-1,-2,0,-1,1
1514892920586860,-3,-1,-1,-2,-1,-1,-1,-1
1514892920607859,-2,-3,-2,-2,0,-1,-1,0
1514892920607859,-1,-3,-1,-1,-2,-1,-1,-1
1514892920609359,0,-2,-3,-2,1,-1,-2,-2
1514892920609359,0,0,-2,0,-2,-1,1,0
1514892920622378,-1,-2,0,-2,-2,-2,0,-2
1514892920622378,-2,-3,-1,0,-3,-1,0,-1
1514892920630384,-4,1,-1,0,-1,-3,-1,0
1514892920630384,0,-2,-1,-2,0,-1,-1,-1
1514892920652891,1,-4,-3,-3,-1,-2,-3,-2
1514892920652891,0,-2,0,-1,-1,-1,-1,-1
1514892920654394,-1,0,0,-1,-2,-1,1,-1
1514892920654394,-2,-1,-2,-1,-3,-1,-1,-2
1514892920667399,-1,0,-2,-1,-1,-2,-1,-1
1514892920667399,-1,1,-2,-1,1,-1,-1,-1
1514892920670404,-1,0,-1,1,-1,0,-1,-1
1514892920670404,-3,0,-1,0,0,0,-2,0
1514892920690426,0,-2,-2,-1,-1,-2,0,0
1514892920690426,-2,-1,0,0,0,-1,-1,-1
1514892920691927,-1,0,-2,-1,-2,-2,0,0
1514892920691927,-1,0,-2,-1,-1,-1,0,-3
1514892920704427,-2,-1,-3,-1,-1,0,-2,-2
1514892920704427,-3,-3,-1,0,1,0,-1,0
1514892920712932,1,1,-1,-2,0,-1,-1,-2
1514892920712932,-1,-1,-2,-1,-1,0,-2,-2
1514892920727444,-1,-1,1,0,-2,-3,0,-1
1514892920727444,-1,-4,-1,-1,1,-1,-1,0
1514892920729445,0,1,1,-2,0,-1,-2,-1
1514892920729445,0,0,-1,-2,-1,-1,-2,0
1514892920750459,-1,0,-1,-2,-3,-1,-2,1
1514892920750459,-1,-2,-2,-1,-1,0,0,-1
1514892920751961,-1,-1,-2,0,0,-2,1,0
1514892920751961,0,-1,-1,-1,-2,-2,-1,-1
1514892920765482,-1,-2,0,-1,0,-3,0,-2
1514892920765482,1,-2,-2,-2,-3,-1,-1,-2
1514892920766980,-1,1,-2,-1,0,-1,-2,-1
1514892920766980,-2,0,0,-2,-2,-1,-2,-1
1514892920787486,-1,-2,-2,-2,0,0,-1,0
1514892920787486,-2,-1,-1,1,-1,0,-3,-2
1514892920788994,-1,0,-1,-1,-1,-1,0,-2
1514892920788994,1,0,-2,-1,1,-2,1,-1
1514892920811002,-2,-3,0,-1,0,1,-1,-2
1514892920811002,0,-3,0,-1,-3,0,-1,-1
1514892920812541,-1,-1,-3,-1,-2,0,-1,0
1514892920812541,0,-1,-1,-1,0,-1,0,-1
1514892920824595,-1,0,-1,-1,-1,-3,-1,-1
1514892920824595,-2,-1,-1,-1,1,-3,0,-1
1514892920831115,-1,0,-1,-2,-1,0,-1,-2
1514892920831115,0,2,-2,-1,0,0,-1,-1
1514892920847611,-1,-2,-2,0,0,1,-3,-2
1514892920847611,-1,-2,0,-2,1,0,-1,-1
1514892920849112,-1,-1,-1,-1,-2,0,-1,-2
1514892920849112,-1,0,0,-2,-2,-1,0,-1
1514892920870129,0,-2,-2,-1,-1,-1,1,-1
1514892920870129,-2,0,-1,-1,-1,-2,-1,0
1514892920871639,-1,-1,0,0,-2,-1,-3,0
1514892920871639,-1,1,0,-1,-2,0,-2,-3
1514892920884638,-2,-2,-2,-2,-2,0,-1,-2
1514892920884638,-1,-2,-1,0,0,-1,-1,-1
1514892920891142,-1,-1,-2,-2,-1,-1,-1,-2
1514892920891142,0,-1,0,-2,-1,-1,-1,0
1514892920907652,-3,-2,0,-1,-1,0,-1,0
1514892920907652,0,-1,-2,-1,-1,0,0,0
1514892920910154,-1,-1,1,-1,-1,-2,0,0
1514892920910154,-2,0,-1,-2,-2,-1,-1,0
1514892920930168,-1,-1,-2,0,-1,-1,0,-2
1514892920930168,-1,-4,-2,-1,-3,-1,-1,-1
1514892920931670,-1,-2,-1,-1,1,0,0,0
1514892920931670,-4,-1,-1,-2,0,-1,-2,-2
1514892920944679,-2,-4,1,-3,0,-1,-2,-2
1514892920944679,-1,1,-2,0,-2,0,0,-2
1514892920958690,0,1,0,0,-3,-2,0,-3
1514892920958690,-1,0,-1,0,0,-3,-1,0
1514892920968196,-1,-2,-1,-1,-2,-1,-2,-2
1514892920968196,-1,-2,-1,-1,-1,-2,0,-1
1514892920970199,0,1,-2,0,-1,1,-1,0
1514892920970199,-2,-1,0,0,1,0,-1,-1
1514892920990714,-2,-2,-2,-2,0,0,0,-1
1514892920990714,-1,-3,-3,-2,-2,-1,-1,-1
1514892920992213,-1,1,0,-2,-1,0,0,0
1514892920992213,-1,-1,-2,-3,-2,-2,-2,0
1514892921005228,-1,-3,-1,-1,0,-2,0,-1
1514892921005228,-2,0,-1,0,-1,-3,0,-1
1514892921011230,-1,-3,1,0,-3,-1,-2,-1
1514892921011230,0,0,-1,-1,-2,-1,-1,-2
1514892921027739,0,-1,-1,-1,-3,1,0,1
1514892921027739,-2,-1,1,-3,-1,-1,-2,-2
1514892921029243,-2,0,-2,-1,-1,0,-1,-1
1514892921029243,-1,-2,-1,-2,-1,-1,0,-1
1514892921050255,0,-2,0,-2,1,-1,-1,-1
1514892921050255,0,-2,0,0,0,0,-1,-1
1514892921051756,1,-1,-2,-4,-1,-1,-3,1
1514892921051756,-2,-1,-2,0,-2,0,0,0
1514892921064765,-2,-1,-1,-1,-1,-2,-1,-1
1514892921064765,-4,-1,-1,-1,0,1,0,0
1514892921071771,-2,-1,-1,0,0,-2,0,-1
1514892921071771,-1,0,-3,-1,-1,-1,0,-2
1514892921087781,0,-3,-1,-1,-2,0,0,0
1514892921087781,-2,-3,0,-1,-2,0,-2,-1
1514892921089284,-1,1,-1,0,-2,0,0,-1
1514892921089284,0,0,-1,-2,-1,-1,-2,0
1514892921110298,0,-2,0,0,0,-1,-2,-3
1514892921110298,0,-3,-2,-2,-2,-1,-2,-2
1514892921111798,-2,1,-1,-2,0,-2,-2,-1
1514892921111798,-1,0,-1,0,-1,-2,-1,-1
1514892921124807,-3,-2,-2,0,-2,-1,0,-2
1514892921124807,0,-2,-1,0,1,1,-1,1
1514892921131316,0,0,0,-2,-1,-2,-1,0
1514892921131316,2,0,-1,-2,-1,0,-2,-1
1514892921147823,-2,-3,-1,-1,0,0,-1,1
1514892921147823,-1,-1,0,0,-1,0,0,-3
1514892921149323,0,1,-1,0,-3,-2,-1,-1
1514892921149323,0,0,-1,-1,-1,0,0,-2
1514892921170841,0,-3,-1,-2,-2,-2,-2,-1
1514892921170841,-1,-3,-1,-2,1,-1,1,1
1514892921171841,-1,-1,-1,-1,0,0,-3,-2
1514892921171841,-2,1,-1,-2,-1,-1,0,0
1514892921184348,-2,-1,-1,0,0,0,-1,-1
1514892921184348,-1,-2,-2,-2,0,-3,1,-2
1514892921191355,-2,2,-2,0,0,2,-1,-1
1514892921191355,-2,1,-1,-2,-1,-2,-3,1
1514892921207865,-1,-1,-2,-1,-2,-2,-2,-1
1514892921207865,1,-4,0,-1,-3,-2,-3,-1
1514892921209367,-1,-2,0,-2,-2,-2,-1,-2
1514892921209367,-1,-1,0,0,-1,-1,0,-3
1514892921230882,0,-2,-1,-1,0,-1,1,0
1514892921230882,-2,-3,-1,0,-1,-1,-1,-1
1514892921232383,-2,-1,-2,-2,-2,-2,1,0
1514892921232383,-1,-1,-1,-2,-3,0,-1,-2
1514892921243891,1,-1,-1,-2,-3,-1,-1,-2
1514892921243891,1,-2,-2,-1,-2,-1,-1,-3
1514892921252899,1,0,-2,-1,-1,-1,-1,-2
1514892921252899,-1,2,-1,-2,0,0,0,0
1514892921268408,-3,-2,-2,-1,-2,0,-2,0
1514892921268408,-5,-4,-1,-1,-2,-1,0,-1
1514892921269909,-3,1,-1,-1,-1,-1,0,1
1514892921269909,0,-1,-1,-1,-1,-2,-2,0
1514892921290925,-1,-2,0,-1,0,0,-1,-1
1514892921290925,-2,-2,0,-1,-1,-1,-1,-1
1514892921291926,-2,-2,-1,-1,-3,-2,-2,-3
1514892921291926,-1,0,-1,-1,0,-2,-1,-1
1514892921303932,0,-3,-2,-1,-1,-2,-1,-2
1514892921303932,1,-3,-1,-1,0,-1,-1,-1
1514892921313939,0,0,-3,-1,0,-2,-2,-1
1514892921313939,-1,1,-2,-2,1,-1,-2,-2
1514892921327452,-1,-3,0,1,-2,-1,0,-2
1514892921327452,0,-1,-2,-1,-1,-2,0,0
1514892921337458,0,-1,-2,-2,-1,-2,-1,1
1514892921337458,-1,2,-2,0,-3,1,0,1
1514892921350470,-1,-2,-1,-1,-1,-1,-1,-1
1514892921350470,-2,-2,0,-1,1,1,0,-2
1514892921353970,-2,1,-1,0,-1,0,-1,-2
1514892921353970,1,1,-1,-3,-1,-2,-1,0
1514892921363975,-1,-1,-1,-1,-2,0,-1,-1
1514892921363975,0,-5,-1,-1,-1,-1,-2,0
1514892921372985,-1,-1,0,-1,-1,1,-1,-1
1514892921372985,0,-1,-2,-1,-1,0,-1,-3
1514892921387992,-1,-1,0,0,0,-1,-1,-2
1514892921387992,-1,-2,0,-2,-1,1,0,-1
1514892921389495,0,1,-2,-2,-3,0,-1,0
1514892921389495,-1,0,-1,-1,0,-2,-1,-2
1514892921410509,-2,-3,-2,-1,0,-3,1,0
1514892921410509,0,-1,-3,-1,-2,-1,-1,0
1514892921412009,0,0,-1,0,-1,-2,-2,0
1514892921412009,0,0,0,0,-3,-1,-1,1
1514892921424018,0,-2,-1,-2,0,-1,-1,-1
1514892921424018,-1,1,-1,0,-1,-1,0,-2
1514892921433524,-2,0,-1,0,0,1,0,-2
1514892921433524,-3,-1,-2,0,-2,0,-2,-1
1514892921448535,0,-1,-2,0,-1,2,-1,-2
1514892921448535,-1,-3,-1,0,-2,0,-1,-2
1514892921450037,0,1,0,-1,1,-2,0,-2
1514892921450037,-1,1,0,0,0,-1,-2,0
1514892921470551,-1,-1,-2,-1,-2,-3,-2,0
1514892921470551,0,-2,0,-1,0,-1,-1,1
1514892921471552,-1,-1,-2,-1,-1,-1,0,0
1514892921471552,-2,1,-3,-3,-1,-1,-2,-2
1514892921484562,-2,-2,0,-1,-1,-2,-1,0
1514892921484562,-3,-3,-1,-1,-1,-1,-1,-1
1514892921492567,0,0,0,-2,-1,0,-2,0
1514892921492567,-2,1,-1,-1,-2,-2,-1,0
1514892921515082,-1,-1,0,-1,0,0,-1,-1
1514892921515082,-1,-2,-1,1,-1,-1,0,-3
1514892921517584,-1,-2,0,-2,-1,-1,0,-1
1514892921517584,-3,0,-2,-1,-2,-1,0,-2
1514892921530093,-1,-1,-1,-2,-2,-2,-2,-1
1514892921530093,-1,-2,-1,-1,-2,0,-1,-1
1514892921531594,0,-1,-3,-1,-1,-1,0,-1
1514892921531594,1,0,-2,-1,-1,-2,-1,-1
1514892921544103,-3,-4,-4,-2,0,1,0,-1
1514892921544103,-1,-2,-1,-1,0,-1,0,1
1514892921552611,-1,-1,-2,-1,-1,-2,-1,-2
1514892921552611,-2,0,0,-1,0,-1,0,-1
1514892921568621,-2,-1,0,-2,-2,0,0,-1
1514892921568621,-2,-1,-1,-1,-1,0,-1,0
1514892921570120,-3,-1,-3,-1,-2,-2,0,-2
1514892921570120,2,-1,-1,0,-1,-2,-1,-1
1514892921590135,-1,0,-1,0,-1,-2,0,1
1514892921590135,-3,-2,-1,-1,-1,-1,-2,-2
1514892921592149,-1,0,0,-1,-2,0,-2,0
1514892921592149,-2,2,0,-2,1,1,0,0
1514892921604646,-1,-3,-2,-3,-1,-2,-1,-2
1514892921604646,2,-3,0,-1,-1,-1,-3,0
1514892921612663,-1,1,0,-2,0,0,-1,-1
1514892921612663,1,-1,-3,-2,-1,-1,-1,-2
1514892921635169,-1,-1,-3,-2,-2,-2,-1,-1
1514892921635169,0,-2,-1,-2,-3,-1,0,-2
1514892921636669,-1,0,-3,-1,-2,-1,-1,0
1514892921636669,-2,-1,-1,-1,-1,1,-2,-1
1514892921650180,-2,0,-1,0,0,-1,-2,-1
1514892921650180,-1,-3,0,0,0,0,0,0
1514892921651678,1,-1,-1,-1,-2,-3,-1,0
1514892921651678,-1,0,-2,-2,0,0,0,0
1514892921672694,-1,-6,0,1,-1,-2,-2,-2
1514892921672694,-2,-2,-1,-2,-2,-1,1,1
1514892921674195,-2,-1,-3,-1,0,-1,0,-2
1514892921674195,0,1,-1,-1,-1,-2,-1,1
1514892921687704,0,-2,-1,-2,-2,-1,0,-1
1514892921687704,-1,-1,-1,0,-2,-1,-3,-1
1514892921689207,0,0,-1,-1,-1,0,0,-1
1514892921689207,-1,2,-1,-1,0,0,-1,-1
1514892921710221,-2,-1,-1,0,0,0,-1,-1
1514892921710221,0,-3,-1,-1,0,-1,0,-2
1514892921711722,-1,0,-1,-1,-4,-2,-2,-1
1514892921711722,-1,-1,-1,0,-2,-2,-2,-2
1514892921732749,0,-1,0,0,-2,0,-1,0
1514892921732749,0,-3,-2,-1,0,-2,0,0
1514892921734737,-1,-1,-2,-2,-1,-2,-3,0
1514892921734737,-3,-1,-1,-1,-1,-1,-1,-1
1514892921747749,-1,-2,-2,0,-1,-2,0,-1
1514892921747749,-4,-1,-2,-1,0,-2,-1,-2
1514892921749248,-1,0,-1,-1,1,-1,1,-2
1514892921749248,0,-1,0,-1,-2,-1,0,-1
1514892921770263,-2,-1,-1,-2,-2,0,1,-1
1514892921770263,-1,0,-2,-2,-2,1,-1,0
1514892921771765,0,-1,0,-1,1,1,-2,-3
1514892921771765,-2,-1,-3,-1,-2,-2,-2,-2
1514892921792778,1,-2,-1,-1,-1,-1,-1,0
1514892921792778,0,-3,1,0,-2,-3,-1,-2
1514892921794279,0,0,-2,-1,-1,-2,-2,0
1514892921794279,-1,-3,-4,-2,-1,-2,-1,-2
1514892921806800,0,-2,-1,1,-1,-2,-1,-2
1514892921806800,-1,0,-3,-1,-1,-1,0,-1
1514892921814303,-2,-1,-2,-1,-1,0,-1,-1
1514892921814303,0,0,0,-2,-1,-1,-1,-1
1514892921829316,-2,-1,-1,-2,-2,1,0,0
1514892921829316,0,-2,0,0,-1,0,-1,0
1514892921830305,-2,-1,-2,-1,-2,0,-1,0
1514892921830305,1,-1,-3,0,-1,-3,0,-1
1514892921851821,-1,-2,-1,-2,-1,0,-1,-1
1514892921851821,0,-2,0,-2,1,0,1,-1
1514892921852821,0,-2,-1,-2,-1,-1,-1,0
1514892921852821,-1,-1,-2,-1,-2,-3,-1,1
1514892921868833,0,-1,0,0,-1,0,-2,-1
1514892921868833,-1,-1,-1,-1,0,-1,-2,0
1514892921874336,0,1,1,0,-1,0,0,-2
1514892921874336,-1,0,0,-1,-2,1,-1,-1
1514892921889347,0,-2,-1,0,-1,-3,-3,-3
1514892921889347,-1,-2,-2,0,-3,0,-1,-2
1514892921890347,-1,-1,0,-2,-3,-2,-2,-1
1514892921890347,0,-1,0,-2,-3,-1,0,-2
1514892921911863,-1,-1,-1,-1,1,-2,-1,1
1514892921911863,-2,-1,-1,-1,-2,-1,2,0
1514892921912864,0,-1,-1,-3,-1,-2,-2,-1
1514892921912864,-1,0,-1,0,-1,-1,-2,-1
1514892921926374,1,-2,-1,-2,-1,-1,0,0
1514892921926374,-1,-2,-1,-1,1,0,0,-2
1514892921941887,-1,-1,-3,0,-2,0,-1,0
1514892921941887,0,-3,-1,-2,0,-1,-2,-2
1514892921949389,-1,-2,-2,0,-2,0,-1,-1
1514892921949389,-1,-1,-3,0,-1,-3,-2,0
1514892921951390,-3,2,-1,-1,-2,-2,-1,-1
1514892921951390,-2,-1,-2,-2,1,0,0,1
1514892921971905,-1,-3,-2,-2,-1,0,0,0
1514892921971905,0,-2,0,0,-2,-1,-1,0
1514892921972905,-1,0,-1,0,0,-2,-2,-2
1514892921972905,-1,-1,0,-1,-2,0,-2,-1
1514892921986416,-3,-2,0,-2,0,-2,-1,-3
1514892921986416,-1,1,-2,-2,0,0,1,-1
1514892921994421,-2,-2,-2,-1,1,-1,-3,-3
1514892921994421,-1,-1,0,-1,-2,-1,-3,-1
1514892922009437,1,-2,-1,0,-3,0,-1,-1
1514892922009437,-1,-1,-2,-2,-1,-3,0,-2
1514892922010432,-2,-2,0,0,-1,0,-1,0
1514892922010432,-2,-1,-1,-1,-1,0,-1,-2
1514892922031957,-1,-4,-2,-1,-2,-1,-1,-4
1514892922031957,0,1,-2,-2,-4,-1,-2,-1
1514892922032949,0,1,-1,-3,-1,-2,-2,0
1514892922032949,0,-2,-3,-2,0,-2,1,-1
1514892922046458,0,-2,0,0,0,-1,-1,-1
1514892922046458,0,-3,0,-1,1,0,0,-1
1514892922054464,-1,-1,-1,-2,0,0,-1,-1
1514892922054464,-1,0,0,-2,-1,-2,-2,-2
1514892922069477,-3,-2,1,0,0,-2,0,1
1514892922069477,0,-1,-1,-1,-2,0,-1,-2
1514892922069976,1,1,-1,-1,-2,1,0,-2
1514892922069976,-1,0,-3,-1,-1,-1,-1,0
1514892922099995,-2,0,-1,1,-1,-1,0,-1
1514892922099995,-2,-3,-1,-1,-1,0,-2,0
1514892922101006,-1,0,0,-1,-1,-1,-1,-1
1514892922101006,0,1,0,-2,-1,-1,0,0
1514892922107000,-1,-3,-1,-1,0,-2,0,-1
1514892922107000,-1,-2,0,-2,-1,0,-2,-1
1514892922114520,-1,-1,-1,-1,0,-3,0,-2
1514892922114520,-1,0,-1,-1,-1,0,-1,-2
1514892922129517,0,-1,-1,-1,-1,-2,-1,1
1514892922129517,-3,-1,-2,0,0,-1,-1,-2
1514892922130017,-1,-1,-3,-1,0,-2,-1,0
1514892922130017,0,-2,-1,0,0,-2,-2,-1
1514892922152033,-2,-2,-1,0,0,2,-1,-1
1514892922152033,-1,0,-1,-1,-1,-3,0,-1
1514892922152533,-1,0,-1,-1,-3,0,-1,-1
1514892922152533,0,0,-1,-2,-1,0,0,0
1514892922166542,3,-2,-2,1,-1,0,-2,0
1514892922166542,-1,1,-1,-1,-2,-1,1,-2
1514892922182053,-1,-1,1,-1,-1,0,-2,0
1514892922182053,0,-3,-2,0,-1,-2,-1,-1
1514892922190572,0,-1,-1,-2,-2,0,-1,0
1514892922190572,-2,-1,0,-1,-2,-2,-2,0
1514892922191572,-2,0,-2,-2,-1,-3,-2,-2
1514892922191572,-2,-1,-1,-2,0,0,-1,-1
1514892922212074,-2,-1,0,-2,-2,-1,-1,-2
1514892922212074,-1,-3,-2,-1,-1,0,-1,-1
1514892922213576,-1,-2,-1,-2,-1,-1,-3,-1
1514892922213576,0,-2,-1,0,-2,-3,0,-1
1514892922226085,-2,-1,0,0,-1,-2,-1,-3
1514892922226085,-2,1,-1,-1,-1,-3,0,1
1514892922234090,-2,1,-1,-1,-1,0,0,-1
1514892922234090,0,0,-1,-1,-1,0,-1,0
1514892922249616,-2,-1,0,-1,0,0,-1,0
1514892922249616,0,-2,1,0,0,-2,-2,-2
1514892922250101,0,0,-2,-1,-1,0,-1,-1
1514892922250101,-1,-1,-1,-2,-2,0,-1,-2
1514892922271617,-1,-2,1,-1,-2,-1,0,0
1514892922271617,0,-1,-1,-1,0,0,-2,0
1514892922279623,1,-2,-2,-1,-2,-1,-1,-1
1514892922279623,0,-2,0,0,-2,-1,-2,-2
1514892922286630,0,-2,-2,-2,0,-2,0,0
1514892922286630,-1,-1,-1,-2,-1,0,-2,0
1514892922294645,-1,1,-1,1,-1,-1,-1,0
1514892922294645,-3,1,0,-2,0,-2,-1,0
1514892922309152,-1,-2,-2,-2,-3,-1,-1,0
1514892922309152,-1,1,-1,0,-2,-1,0,0
1514892922310144,-2,0,-1,-1,-1,-3,-2,1
1514892922310144,-2,0,-1,-1,-2,-3,0,-1
1514892922332170,-1,-1,-1,-1,0,-1,-1,-2
1514892922332170,1,-2,-2,-1,-1,1,-1,0
1514892922333681,-1,0,-2,-1,0,2,-1,-1
1514892922333681,0,-2,-2,0,0,-1,-1,-2
1514892922348671,-1,-1,-1,-2,-1,-3,0,0
1514892922348671,-2,-1,-1,1,0,-3,-1,-1
1514892922354174,-1,0,-1,-2,-1,0,-3,-1
1514892922354174,-1,0,-2,-2,-1,0,-3,-1
1514892922377710,-2,0,-1,-1,-2,-1,0,0
1514892922377710,0,-1,0,-3,0,0,1,-2
1514892922379202,-1,1,0,-1,-2,-1,1,-2
1514892922379202,-1,-1,-1,-1,-2,0,-1,-2
1514892922392201,-2,-2,-2,-1,-2,-1,-2,-1
1514892922392201,-1,0,-1,1,-1,0,-1,-1
1514892922392702,-1,-1,-1,-1,-1,-2,-2,-1
1514892922392702,0,-2,-1,0,-2,-2,-3,-1
1514892922406211,-1,-1,0,1,-1,-1,-1,-1
1514892922406211,-1,0,-2,0,-2,-1,-1,-1
1514892922414218,0,-1,-1,-1,0,0,0,-3
1514892922414218,-1,-2,0,-1,-1,-2,-1,-1
1514892922429228,-1,-1,-1,-1,-2,0,-1,-2
1514892922429228,-1,0,-2,-3,0,0,1,1
1514892922430228,0,0,0,0,-2,-1,-1,-2
1514892922430228,-1,-2,-2,-2,-2,-1,0,-1
1514892922451755,-1,-1,-1,-1,2,-2,0,-2
1514892922451755,0,-1,0,-1,0,-2,0,-1
1514892922453247,0,1,-3,-1,0,-1,-3,0
1514892922453247,0,0,-1,-2,-1,0,0,-1
1514892922466255,-2,-1,0,-1,-3,0,-1,0
1514892922466255,-2,-1,-2,-2,-3,-2,-1,-1
1514892922474261,0,-1,-1,-2,0,-3,0,-1
1514892922474261,-1,-1,0,-1,-1,-1,0,-2
1514892922489270,-1,-3,-3,-1,-1,-1,-2,-1
1514892922489270,-1,0,-2,-1,0,-2,-1,-1
1514892922490271,-2,0,-1,-3,-2,-1,-1,0
1514892922490271,-1,-1,0,-1,-1,-3,-1,0
1514892922513288,-2,-4,1,-1,-2,-1,1,-2
1514892922513288,1,1,1,-1,-2,0,-2,-1
1514892922519791,0,-1,1,1,-2,-1,0,-1
1514892922519791,0,-1,-2,0,-1,-1,-3,-2
1514892922526296,0,0,0,-2,-1,0,-1,-2
1514892922526296,-2,-2,-2,-2,-2,0,-2,-3
1514892922534302,-2,-1,0,-3,0,0,-3,0
1514892922534302,-1,-2,-2,-2,-2,-2,-1,0
1514892922549312,0,0,-2,-2,-1,0,-1,-2
1514892922549312,-2,-1,-1,-1,-1,-2,-2,-2
1514892922550314,-1,-1,-3,0,-1,0,0,-1
1514892922550314,-1,-2,0,-1,0,1,-1,0
1514892922571829,1,-2,-3,-2,0,0,-2,-1
1514892922571829,-1,0,-2,0,1,-1,-1,0
1514892922572829,-1,0,-2,0,-2,0,-1,-2
1514892922572829,-2,-2,-1,-2,-1,0,-1,-2
1514892922595346,-1,-3,-1,0,0,0,1,0
1514892922595346,-1,0,-1,-2,-2,0,0,-2
1514892922595846,-2,-1,-1,-1,-3,-1,-1,0
1514892922595846,0,-1,-2,-1,0,0,0,-1
1514892922609355,-1,0,0,0,0,0,-2,1
1514892922609355,-2,0,-1,0,-1,-1,-1,1
1514892922610356,-2,0,-2,-2,0,-2,-1,-1
1514892922610356,0,-3,-2,-1,-2,-1,1,0
1514892922640378,0,-2,0,-1,-2,0,0,-1
1514892922640378,-2,0,0,-1,0,0,1,-1
1514892922640878,0,0,0,-1,-1,-2,-2,-1
1514892922640878,-2,0,-2,-1,1,-3,-1,-1
1514892922655388,-1,-2,-1,-2,2,-3,-1,-1
1514892922655388,-1,-2,-1,-2,0,1,0,-1
1514892922655888,1,-1,-2,-2,-1,-1,-1,1
1514892922655888,-1,-1,-1,-2,0,0,-1,-2
1514892922669399,-2,-2,-2,1,-1,-2,-1,-1
1514892922669399,-1,-1,-1,-2,-2,1,-1,-2
1514892922670401,-2,-1,-1,-1,-1,0,0,-1
1514892922670401,-1,-3,-1,0,-1,-1,-2,0
1514892922699920,-2,-2,-2,0,-2,-1,0,-1
1514892922699920,0,0,-2,-1,-3,-3,-3,0
1514892922707434,0,-1,0,0,-3,-1,0,-3
1514892922707434,-2,-1,-2,-2,-1,-1,-2,0
1514892922714951,0,-2,-1,0,1,1,-1,-2
1514892922714951,-1,-1,0,0,-2,-1,-3,0
1514892922715940,0,1,1,-1,-1,-1,-1,0
1514892922715940,-1,0,0,0,-2,-2,0,-2
1514892922729441,-2,1,-1,-1,-2,-2,-2,-1
1514892922729441,-2,0,-4,0,-1,-3,0,-2
1514892922730442,0,-1,-1,-2,-2,-2,0,1
1514892922730442,-1,-3,-1,-1,0,-3,-1,0
1514892922751956,-2,-2,-2,-2,-1,0,-2,-1
1514892922751956,0,-2,0,0,1,-1,-1,-2
1514892922753457,-1,0,-1,-2,-3,-1,-2,-1
1514892922753457,-1,-1,-3,0,-1,1,-1,-1
1514892922774972,-1,-2,0,-2,0,-2,0,-1
1514892922774972,-2,-1,0,-1,-2,-1,-2,0
1514892922775973,0,-1,0,-1,-1,-1,-1,-2
1514892922775973,0,-1,0,-2,0,-1,-1,0
1514892922789483,-1,-2,1,-1,-2,-1,0,0
1514892922789483,1,-1,-1,0,-2,0,-1,-1
1514892922789984,-2,-1,-3,1,1,0,-2,-2
1514892922789984,-3,-1,-2,-2,-2,-2,0,-1
1514892922811999,-1,-2,-1,0,-1,-1,-2,0
1514892922811999,-1,1,0,-2,-1,-1,-2,1
1514892922812500,-1,1,-1,-1,-1,0,0,1
1514892922812500,-1,-2,-1,-1,-1,-1,-1,-2
1514892922835032,0,-4,-1,-2,-1,-2,1,-1
1514892922835032,-2,0,-2,-2,-2,-2,0,-1
1514892922836516,-1,2,-3,0,-1,-1,-2,-1
1514892922836516,0,-1,0,-2,-2,0,0,0
1514892922849537,0,-2,1,-1,-2,1,-2,-1
1514892922849537,-1,-2,0,1,0,-3,-1,-2
1514892922850025,-1,0,-2,-3,-2,-1,0,-1
1514892922850025,0,-3,1,0,-1,-2,-1,-1
1514892922872042,-1,0,-1,-1,-1,-2,-1,-3
1514892922872042,-1,1,-1,0,-1,-2,-1,-1
1514892922872545,-1,0,-1,-2,0,-3,-2,-1
1514892922872545,-1,-2,-1,-2,-2,3,-2,-1
1514892922902565,-2,-2,-2,-1,-1,0,0,0
1514892922902565,-1,0,0,0,-1,0,-1,0
1514892922903563,-1,-1,0,-1,-2,-1,0,-2
1514892922903563,2,0,-2,-2,-1,-3,-2,-1
1514892922909567,-2,-1,-1,-1,-1,-1,-1,-2
1514892922909567,-2,1,-1,-1,1,-1,0,-1
1514892922910080,0,-2,-1,-1,-1,-2,0,-2
1514892922910080,1,-2,1,-1,-1,-1,-2,0
1514892922931584,-1,-1,-1,-1,-1,0,-1,-1
1514892922931584,1,0,-1,-2,-1,-3,0,-2
1514892922932585,-2,0,0,-1,0,0,-1,0
1514892922932585,-4,-3,-1,-3,-1,-2,-2,-2
1514892922955100,0,-3,-2,-2,0,-2,-1,0
1514892922955100,0,0,-2,-2,-2,1,-1,1
1514892922956100,-1,-1,-2,-1,0,1,0,-1
1514892922956100,0,-1,-1,0,0,0,1,-1
1514892922977616,-1,-2,1,-1,-3,-3,-2,-2
1514892922977616,-1,0,-2,-1,-1,0,1,-1
1514892922978617,-1,0,0,-2,0,0,0,0
1514892922978617,-1,-1,0,-1,-2,-1,-1,0
1514892922991629,0,-2,-2,0,0,-2,0,-1
1514892922991629,0,0,0,-1,-3,0,-1,-1
1514892922992627,-1,0,-2,0,-1,-1,-3,-1
1514892922992627,-2,-1,-1,-1,-1,-1,1,-2
1514892923016143,-1,-2,-2,-1,-3,0,-1,-3
1514892923016143,0,-1,-2,0,-2,-2,-1,-2
1514892923018144,-1,0,-2,-1,-1,-1,-1,-1
1514892923018144,-3,-2,-1,-1,-1,-2,-1,-2
1514892923029152,0,-1,0,-1,-2,-2,-2,1
1514892923029152,-1,1,-2,-1,0,-2,-2,-1
1514892923030153,0,-2,-1,-1,-2,1,-1,-1
1514892923030153,-2,-2,-1,-1,-1,0,-1,0
1514892923051668,0,-1,0,-1,-1,0,-2,0
1514892923051668,-2,0,0,-1,-1,0,-1,-1
1514892923052670,0,1,-1,-1,0,-2,-1,-1
1514892923052670,0,-3,-1,-1,1,-1,0,-2
1514892923075185,-4,-2,-3,-2,0,1,-1,-1
1514892923075185,0,1,-1,-1,-1,0,0,-1
1514892923075685,1,-2,-1,-2,-1,1,-2,-1
1514892923075685,0,-2,-2,0,-1,0,0,-2
1514892923089707,1,-1,0,-2,-2,-1,-1,-1
1514892923089707,-3,1,-2,-2,-2,-1,0,-1
1514892923090708,-1,0,-2,-3,-3,-3,-1,0
1514892923090708,-1,-2,-1,-1,-2,-1,-1,0
1514892923111711,-2,-2,-1,-2,0,0,1,0
1514892923111711,0,-1,-1,-1,0,0,-1,0
1514892923112712,-1,0,-1,-2,-2,0,0,-1
1514892923112712,-1,-3,-1,-1,-1,-2,-3,-1
1514892923135233,-2,0,-2,-2,0,0,0,0
1514892923135233,-2,-1,-3,-1,-1,-2,0,0
1514892923136728,0,-1,-1,0,-2,-1,0,0
1514892923136728,-2,-2,-1,-1,-2,0,1,-1
1514892923149247,-1,-3,-2,-1,-2,-1,0,-1
1514892923149247,1,-1,0,-1,-1,-2,-3,-1
1514892923150275,-1,0,-2,0,1,-2,-1,0
1514892923150275,-1,-2,-1,-1,-1,-1,-1,-2
1514892923171754,-1,-3,-1,0,0,-1,0,-2
1514892923171754,-1,0,-1,0,-1,1,1,0
1514892923172754,-2,-1,-1,0,-2,-2,-1,-2
1514892923172754,-2,0,-2,-2,0,0,-1,1
1514892923195269,-2,-3,0,-2,-2,-3,1,0
1514892923195269,-1,1,0,-2,-2,-2,-2,-2
1514892923195769,-1,-1,-1,-1,-1,-2,-2,1
1514892923195769,-2,-2,-2,-2,-1,-2,-2,0
1514892923209279,-1,-2,-1,-1,0,-1,-1,-2
1514892923209279,-1,-1,-1,-2,-3,-1,-1,-2
1514892923216806,0,0,-2,-1,-1,-1,-1,-3
1514892923216806,0,0,-1,-1,0,-1,0,-1
1514892923231795,0,-3,-2,-2,-1,0,-1,0
1514892923231795,-2,-1,-1,-2,-1,0,-1,0
1514892923232796,-1,0,-1,0,-1,-2,0,-2
1514892923232796,-2,-3,0,0,-3,2,-1,-1
1514892923255311,-4,-2,-2,0,-1,0,-1,0
1514892923255311,0,0,-2,0,-1,-2,0,-1
1514892923255815,-2,-1,0,1,0,0,-2,-1
1514892923255815,-1,-2,-2,0,-1,-1,-1,-2
1514892923268832,0,-2,0,1,-1,-2,-1,-3
1514892923268832,-2,-1,-1,-1,0,-2,-2,0
1514892923276826,-1,0,-2,0,-2,-1,-1,-2
1514892923276826,0,-3,-1,-2,0,-2,-1,-2
1514892923291838,-1,-2,1,-1,0,0,-1,-2
1514892923291838,-1,-1,-1,-2,0,-1,-1,-2
1514892923292848,-3,1,-1,-2,-1,0,0,-1
1514892923292848,-3,-3,-2,-1,-2,-1,-1,0
1514892923315354,-3,-2,-1,0,-1,1,-1,0
1514892923315354,-1,0,-2,0,-2,-1,0,0
1514892923315856,-1,0,-1,-3,-2,-2,-1,1
1514892923315856,0,-2,0,-2,1,-1,-1,0
1514892923328875,-2,-2,-1,-1,0,-2,-2,-1
1514892923328875,0,1,0,-1,-1,-1,-2,-2
1514892923336869,-2,0,-2,-1,-1,-1,-3,-2
1514892923336869,0,-2,-2,-2,-1,0,-1,-2
1514892923351880,-2,-2,-1,-1,-2,-1,0,-1
1514892923351880,0,-1,-1,0,-1,1,0,-1
1514892923352885,0,-2,-2,-3,-2,-1,-1,-1
1514892923352885,-1,-4,-2,-1,-1,1,0,-1
1514892923374896,0,-1,-1,-1,0,0,-1,-1
1514892923374896,-2,-2,-1,-3,-2,-1,-3,0
1514892923375897,-2,-1,-1,-1,-1,-1,0,-1
1514892923375897,-1,-3,-1,-1,-2,-1,-2,0
1514892923388905,-1,-2,-2,-1,-2,0,1,-1
1514892923388905,0,0,0,-1,-3,0,0,-1
1514892923396913,2,0,0,-1,-2,0,-3,0
1514892923396913,0,-1,0,-1,1,-1,-1,-1
1514892923411923,-1,-1,-1,-1,-1,-3,-1,-1
1514892923411923,-1,0,-2,-1,0,-3,-1,-2
1514892923412922,0,-1,-3,-1,-2,0,-1,0
1514892923412922,0,-1,1,0,0,0,0,0
1514892923434939,0,-3,-2,-1,-2,-3,0,-1
1514892923434939,-2,0,1,-2,0,0,0,-2
1514892923435950,-3,1,-1,-3,-2,-1,0,-2
1514892923435950,-1,-2,-1,-1,0,0,0,-1
1514892923457455,-2,-2,-2,1,0,-2,-1,1
1514892923457455,-1,0,-3,1,-1,-3,-1,0
1514892923458462,-1,-1,-1,-3,0,-3,-1,-2
1514892923458462,0,-2,-1,0,-1,-1,0,-2
1514892923472465,0,-1,-1,-3,-2,0,-1,0
1514892923472465,-2,0,-1,-1,-1,-1,-2,-3
1514892923478970,-1,0,-1,-2,0,-1,-1,0
1514892923478970,0,-3,-2,-3,-1,-1,-1,-1
1514892923494982,-3,-3,-1,-3,1,0,-1,0
1514892923494982,1,0,-3,0,-1,0,-3,-2
1514892923495983,-2,1,-1,-2,0,-1,-1,-2
1514892923495983,-1,-1,-1,0,-2,0,-1,-2
1514892923509500,0,-1,1,1,-3,-2,-1,-1
1514892923509500,0,0,0,-1,0,0,-1,0
1514892923517498,0,-1,0,-1,0,0,0,-1
1514892923517498,-2,-1,0,0,0,-2,-2,-2
1514892923532008,-1,-3,-1,-1,0,-2,-1,-2
1514892923532008,-1,-2,0,-1,-2,-1,-1,-1
1514892923532508,-1,-1,-3,-1,-1,-2,-2,0
1514892923532508,0,-1,-2,-1,-1,0,0,-1
1514892923555024,0,-1,-2,-3,-1,1,-1,-1
1514892923555024,-2,-1,-1,-2,-1,-2,-1,-1
1514892923556023,-3,0,-2,-1,-1,-2,-1,-1
1514892923556023,-2,-2,-1,0,-1,-2,0,-1
1514892923577539,-1,-1,1,1,0,1,0,0
1514892923577539,0,0,-3,-1,0,-1,-1,1
1514892923578539,2,0,0,-2,0,-1,-2,-2
1514892923578539,-1,-1,-1,1,-1,-2,-2,-1
1514892923592062,-1,-2,0,-2,-1,-2,-3,-1
1514892923592062,-2,0,-1,-2,0,0,-1,0
1514892923593563,0,-2,-2,-1,-2,0,-3,1
1514892923593563,-1,-3,0,-2,0,-2,0,-1
1514892923615067,-1,-3,0,-1,-1,-1,0,-1
1514892923615067,0,0,-2,-2,-1,-2,-1,-1
1514892923616067,-1,1,-1,0,-1,0,-2,-2
1514892923616067,-1,-1,-3,-2,-1,1,-2,-1
1514892923637583,-1,-3,0,1,-2,-1,0,0
1514892923637583,-1,1,-1,0,-1,-1,-1,0
1514892923638093,0,0,-1,1,-1,-1,1,0
1514892923638093,-2,-1,-1,-2,0,-3,1,-1
1514892923651592,-2,-2,-2,0,0,-2,0,-1
1514892923651592,-1,-2,0,-2,0,-3,-1,-2
1514892923652592,-1,0,-1,0,-1,-2,-1,1
1514892923652592,0,-2,-1,-1,-2,-2,-1,0
1514892923675109,-2,-1,-1,-2,0,0,1,0
1514892923675109,-1,-1,0,-1,-2,0,0,-2
1514892923675617,-1,1,0,-1,-2,0,0,-1
1514892923675617,-1,0,-2,-1,-2,0,-2,-1
1514892923697625,0,0,0,-1,-2,-2,-1,-2
1514892923697625,-1,0,-2,-2,-2,0,1,0
1514892923698626,0,-1,-1,-2,0,-1,1,0
1514892923698626,-1,-4,-2,-1,-2,-1,0,-1
1514892923711648,-1,-1,-2,0,-1,-1,-3,-1
1514892923711648,-1,0,-2,-2,-3,0,-2,-1
1514892923712646,-1,-1,-1,-1,-1,-1,-1,-1
1514892923712646,0,0,0,-1,-1,-2,0,0
1514892923734650,-2,-2,1,0,-1,-2,-2,0
1514892923734650,0,0,-1,0,-1,-1,-1,-1
1514892923735652,0,-1,-1,-3,-1,-2,-2,1
1514892923735652,0,-1,-1,-1,-2,0,-2,-2
1514892923765173,1,-3,-3,0,-3,0,0,-1
1514892923765173,-1,-1,-1,-2,-2,-1,-1,-3
1514892923766172,-1,-1,-2,-1,-1,-1,-1,-3
1514892923766172,0,-3,0,0,-2,0,-1,1
1514892923771682,-1,-3,-2,-1,-1,-1,0,-1
1514892923771682,0,1,-2,-1,-1,-3,-2,0
1514892923772677,0,2,0,-1,0,-2,0,-2
1514892923772677,0,-2,0,-1,-1,-1,-1,-3
1514892923795193,-4,-3,0,-2,0,1,-1,-1
1514892923795193,-1,-1,0,0,-2,0,0,-1
1514892923795693,-2,-1,-2,0,-1,0,-2,0
1514892923795693,0,-1,-1,0,-1,0,-1,-2
1514892923818221,1,-2,-1,-1,1,-1,-1,-2
1514892923818221,-2,-1,-1,0,1,-1,0,0
1514892923819711,-1,0,-2,0,-2,-1,-1,-3
1514892923819711,-1,-2,-1,1,1,1,0,1
1514892923831720,-3,-2,-3,-1,-2,-1,-2,-1
1514892923831720,-1,1,-2,0,-1,-2,-2,0
1514892923832720,-1,0,-2,-1,-1,-2,-1,-1
1514892923832720,-2,-2,-1,-2,-1,-3,-1,-1
1514892923855237,-1,0,-3,-1,-2,-2,0,-2
1514892923855237,-2,1,-1,0,-1,-1,0,-2
1514892923855750,-1,-1,-1,-1,-1,-4,0,-1
1514892923855750,0,-2,-2,-2,-1,-1,0,-2
1514892923877755,1,0,0,0,-1,-1,-2,0
1514892923877755,-1,-3,-2,-3,-2,-1,0,-2
1514892923879253,-1,0,-2,-1,-3,0,-3,-2
1514892923879253,-2,-1,0,-1,-1,-1,-2,-1
1514892923891762,-1,-1,1,0,0,-1,-1,-1
1514892923891762,-1,-1,0,0,0,-1,0,1
1514892923892763,-2,-1,-1,-1,-1,-2,-1,0
1514892923892763,-1,0,1,0,0,0,0,-2
1514892923916279,-3,-2,-1,-1,1,0,0,-2
1514892923916279,-1,-2,-2,-1,-1,-2,-2,-2
1514892923919782,0,-1,-2,-2,-1,-1,-2,-3
1514892923919782,-2,-3,-1,0,0,-2,-1,-1
1514892923937793,0,-2,0,0,0,-2,0,0
1514892923937793,-1,-1,-1,-1,-1,-3,0,-1
1514892923939295,0,1,-2,-1,0,-1,1,0
1514892923939295,-1,-1,-3,-1,-1,0,0,1
1514892923951307,-1,-1,-1,0,-1,-1,0,-2
1514892923951307,0,0,0,-1,-2,0,-4,-1
1514892923960311,-1,0,-1,-1,-1,0,-2,0
1514892923960311,-1,-1,-1,-2,-1,1,-3,0
1514892923974821,-3,-3,-1,0,-2,0,0,-1
1514892923974821,-1,2,-2,-1,0,-1,0,0
1514892923976822,1,0,-3,-1,-1,-1,1,-2
1514892923976822,-3,-4,-4,0,-1,-2,-1,-1
1514892923997336,0,-1,0,1,0,0,-1,-2
1514892923997336,-2,0,-1,-1,-2,0,-2,-1
1514892923999338,-1,-1,1,-2,-1,-2,-3,-2
1514892923999338,-1,-2,0,-2,0,-3,0,-1
1514892924011847,-2,-2,-1,-3,0,-1,-1,-1
1514892924011847,0,0,-1,-2,0,1,-2,-2
1514892924020353,-3,-1,-1,0,1,-1,-1,0
1514892924020353,1,-1,0,-1,0,1,-1,-2
1514892924042367,0,-1,-2,-2,-3,-1,-1,1
1514892924042367,0,-2,-2,-2,0,0,-2,-1
1514892924044870,-2,0,-1,-2,-1,0,-1,-1
1514892924044870,-1,-2,0,-2,-1,0,-1,-1
1514892924057378,-3,-2,-2,-1,-2,0,-2,1
1514892924057378,-1,2,-1,0,-3,-3,0,0
1514892924059381,-1,0,-1,-1,-3,-2,0,0
1514892924059381,-1,-3,-1,-2,-3,-2,0,-1
1514892924071389,1,-1,-1,-1,-1,-2,-1,-2
1514892924071389,-2,0,-1,-1,-3,-1,0,-2
1514892924080394,-2,-2,-1,-1,-2,-3,-2,-3
1514892924080394,0,-2,-2,-1,-1,-2,-1,-2
1514892924094905,-2,-3,-1,0,-1,-1,-2,1
1514892924094905,-1,1,-2,0,1,-1,-2,0
1514892924096906,-1,0,-1,-3,-2,-1,-1,0
1514892924096906,-2,-1,-1,-1,-1,1,-1,-1
1514892924118921,0,-1,-1,0,-1,-1,0,-2
1514892924118921,-1,0,-1,-1,0,-2,0,-1
1514892924121427,-1,0,-1,0,-1,-1,-1,1
1514892924121427,-1,-2,-1,0,-2,-2,0,-1
1514892924131431,-1,-2,-2,0,0,-2,-1,1
1514892924131431,-3,-1,-2,-1,0,-3,-1,0
1514892924139936,0,-2,-2,-2,-2,0,-2,0
1514892924139936,0,-1,0,0,-2,-1,-2,-2
1514892924154448,0,-3,1,-3,-1,-1,0,-3
1514892924154448,-1,0,0,-2,-3,0,-1,-1
1514892924162460,-2,0,-1,-2,0,0,-1,-1
1514892924162460,-2,0,-2,-2,-1,-1,-1,0
1514892924176463,0,0,-1,0,-1,-1,0,-2
1514892924176463,-2,-1,0,-1,-1,0,0,0
1514892924184969,0,0,-2,-1,0,-1,1,-1
1514892924184969,-2,-1,-1,0,-1,-1,-1,-1
1514892924191473,-4,-2,-2,-1,0,-1,-1,-1
1514892924191473,-1,-1,-1,-1,-2,-1,-1,0
1514892924199980,-1,-1,-1,-1,0,-2,-1,-2
1514892924199980,-2,-2,-1,-1,-1,-2,1,-1
1514892924215027,-1,1,-1,-3,-2,-3,0,0
1514892924215027,0,1,-1,-2,-1,-2,-1,0
1514892924216501,-1,-1,-1,-1,-3,-2,-2,-2
1514892924216501,-2,-3,0,0,0,0,0,-2
1514892924237507,-2,-3,-2,-1,0,2,0,-4
1514892924237507,0,-1,0,0,0,1,0,-2
1514892924239008,0,0,-2,-2,-2,-1,-3,-1
1514892924239008,-1,-2,0,-1,0,-2,-1,0
1514892924251018,-1,0,-1,0,0,1,-3,0
1514892924251018,0,0,-1,0,-2,-2,-2,-1
1514892924260024,0,-1,-2,0,-2,-1,1,-1
1514892924260024,1,-3,0,-1,-3,-1,-1,-1
1514892924275033,-1,-2,-1,-2,-1,-1,0,-1
1514892924275033,-2,0,-2,0,0,-1,-1,-1
1514892924276534,1,0,-2,-1,-1,-2,0,-2
1514892924276534,0,-1,0,-3,2,-1,2,-1
1514892924297549,-2,-1,0,0,0,-1,-1,-1
1514892924297549,-1,-1,-3,-1,-2,-1,-1,-2
1514892924299049,-2,0,-1,0,-2,-2,0,-1
1514892924299049,-1,-2,-1,-1,0,0,-1,1
1514892924311058,1,-1,-2,-1,-3,-2,0,1
1514892924311058,-1,-2,-1,-3,0,1,-1,-2
1514892924320066,-1,-3,-1,-2,-1,0,-1,-1
1514892924320066,-2,-4,0,-1,-1,1,-3,0
1514892924334074,0,-2,-1,0,0,-1,-1,-1
1514892924334074,1,1,-2,-1,-2,-2,-1,-1
1514892924342579,-1,0,-2,-2,1,0,1,-2
1514892924342579,-2,0,-3,-1,-3,-3,-1,-1
1514892924357590,-1,-3,-2,-2,-3,-1,-2,-2
1514892924357590,-1,1,1,-1,0,-3,0,-2
1514892924359092,-1,-2,0,0,-1,-1,-1,0
1514892924359092,-1,-1,-1,0,-1,-2,-1,0
1514892924371101,0,-2,-2,0,-1,-1,-1,-1
1514892924371101,-1,-2,-1,-1,0,-2,-2,1
1514892924380118,0,0,-1,-2,-2,-3,-1,-2
1514892924380118,-2,-1,-1,-1,-3,-2,-1,-1
1514892924395126,-1,-1,-1,-1,-1,0,0,-2
1514892924395126,-1,1,-1,-2,-1,1,-1,-2
1514892924396627,-3,-1,-1,-3,0,-1,-2,0
1514892924396627,0,-2,-1,0,0,-2,-1,1
1514892924418633,-3,-1,0,0,-2,1,0,0
1514892924418633,0,0,-1,1,0,0,1,-1
1514892924420136,-1,-1,-2,-2,-1,-1,-2,-1
1514892924420136,-2,-1,-3,-2,-1,-1,-1,-1
1514892924431142,0,-3,-2,-1,-1,0,1,1
1514892924431142,-1,-1,-1,-2,-2,-2,-3,0
1514892924440149,-1,-2,-1,1,1,-1,-2,-2
1514892924440149,0,-1,-1,-1,0,-2,0,-2
1514892924455171,-3,0,-1,0,0,-3,-1,0
1514892924455171,-1,0,-1,-3,-2,-1,-1,0
1514892924456672,0,-1,-2,-1,-1,-1,0,1
1514892924456672,-1,-1,-2,0,1,0,-1,-2
1514892924478175,-2,0,-1,-1,-1,-2,0,-2
1514892924478175,0,-2,-1,-1,-1,-3,1,0
1514892924479686,-1,0,-2,1,-2,-1,-1,0
1514892924479686,-1,-1,-1,0,0,-1,-2,-3
1514892924500191,-2,0,-2,-1,-1,-1,-2,-1
1514892924500191,1,-2,-2,-1,-2,-1,-3,-1
1514892924501693,0,-1,1,-1,-1,0,-2,-1
1514892924501693,1,-3,-1,-1,0,0,0,-1
1514892924515212,-3,-2,-2,-1,0,-1,0,-1
1514892924515212,-1,0,-1,0,-1,0,-1,-1
1514892924516712,-3,-1,-1,-1,-3,-3,-2,-1
1514892924516712,-2,-1,0,0,-2,-1,-2,-1
1514892924537719,-2,-1,1,-2,-1,-1,-1,-1
1514892924537719,-2,-2,-1,0,-1,0,-1,-1
1514892924539220,-1,1,-1,-1,-1,-1,-1,-1
1514892924539220,-1,-3,-3,-1,-1,-1,-1,-2
1514892924559743,0,-2,-2,-2,-2,-2,0,0
1514892924559743,-2,0,-3,-1,-2,-2,0,-1
1514892924561750,-2,0,0,-1,0,0,-1,-3
1514892924561750,-3,-3,-3,-1,-4,-1,-2,0
1514892924575257,0,1,0,0,0,-3,-2,-2
1514892924575257,-1,0,-1,0,-1,1,-1,-2
1514892924576758,-1,-1,-3,-3,-1,-1,-2,-1
1514892924576758,-1,-1,0,-1,-1,-1,0,1
1514892924597769,-1,-2,0,0,0,1,-1,-1
1514892924597769,-2,0,0,-2,1,-2,-1,-2
1514892924599271,-1,-1,-3,-1,-3,-1,-1,0
1514892924599271,-1,-2,-2,0,0,-1,0,-3
1514892924620276,1,-1,0,0,-1,-1,-1,-1
1514892924620276,-1,0,-1,-1,2,0,-2,0
1514892924621779,0,-1,-1,-2,0,0,-1,0
1514892924621779,0,-1,-2,-2,-2,-2,0,-2
1514892924634310,-1,-2,-2,-1,-1,-2,0,2
1514892924634310,0,-2,-1,-1,-2,-1,-2,-2
1514892924641290,-1,-2,-2,0,-1,-1,-1,-1
1514892924641290,-1,1,-1,-2,0,-2,-4,-2
1514892924658304,-2,-2,-2,-2,-1,-2,-2,-3
1514892924658304,1,2,0,-2,0,0,0,0
1514892924659805,-6,-5,-3,-2,-5,-2,0,-1
1514892924659805,-5,0,1,0,-2,1,-1,-2
1514892924679819,-1,0,0,8,4,-1,-1,0
1514892924679819,-2,-3,-6,-3,-1,-2,-3,-5
1514892924681820,-1,-6,0,0,1,-2,0,-3
1514892924681820,-3,0,0,-6,-5,-1,0,1
1514892924694338,8,5,-2,-4,-5,-1,-2,-3
1514892924694338,-4,-4,0,4,0,0,0,-3
1514892924701334,1,2,0,-2,1,0,-1,-2
1514892924701334,5,1,-1,5,0,-1,-1,3
1514892924717346,-2,-2,-2,-17,-4,-3,-2,0
1514892924717346,-1,1,-2,-1,-3,0,-1,1
1514892924719350,-7,-4,-3,-5,-1,-1,-2,-3
1514892924719350,1,4,5,5,-2,0,-1,-3
1514892924739861,15,10,0,2,3,1,2,5
1514892924739861,-8,-9,-1,-2,-1,-4,-1,0
1514892924742363,-1,-3,-1,-3,-2,-1,-1,2
1514892924742363,-16,-9,-9,-4,2,0,0,-2
1514892924754388,-4,-5,2,3,-5,-1,-2,-5
1514892924754388,-7,5,-1,-2,0,0,0,-3
1514892924761401,4,6,6,8,2,-1,-1,5
1514892924761401,1,-7,-2,-2,-1,-2,0,-4
1514892924777403,-8,-9,-9,-5,0,-1,-4,-3
1514892924777403,-1,-2,6,-2,-4,-1,-1,-2
1514892924779404,0,12,-3,-4,-4,-4,-4,-3
1514892924779404,4,0,2,16,6,1,2,2
1514892924799930,9,3,-1,-8,-1,-1,-1,3
1514892924799930,-10,6,-3,-1,-1,-4,-2,-5
1514892924801932,20,2,-1,-3,-1,1,0,2
1514892924801932,0,-9,0,7,-2,-1,-2,-1
1514892924814438,-18,-8,-2,-9,-2,-1,-1,-6
1514892924814438,11,-1,3,3,2,0,1,2
1514892924821433,-31,-10,-10,-9,-5,-2,-4,-8
1514892924821433,12,12,-9,-12,-1,0,0,4
1514892924837444,2,4,3,8,1,-2,-2,-4
1514892924837444,3,13,3,13,4,3,6,11
1514892924839450,2,-4,-6,-16,-5,0,-1,-6
1514892924839450,-18,-33,0,3,-3,-1,-5,-7
1514892924859973,10,22,8,4,0,1,1,3
1514892924859973,-11,5,-6,-12,-2,-3,-3,-5
1514892924861462,-9,-9,-3,7,1,-2,-3,-8
1514892924861462,50,13,-16,-6,3,2,6,21
1514892924874483,-22,-3,-1,-9,-3,-3,-4,-7
1514892924874483,-4,-29,7,14,-3,-4,-4,3
1514892924880975,5,20,5,-11,-2,0,1,-5
1514892924880975,1,11,14,-4,-2,-1,-2,-5
1514892924897497,7,-7,-18,4,2,1,-2,-3
1514892924897497,7,14,7,-2,-1,2,5,11
1514892924898998,-21,-25,-8,11,2,-1,-6,-8
1514892924898998,13,21,-1,-18,-1,1,3,6
1514892924921004,-24,1,-3,12,-1,-3,-2,0
1514892924921004,4,-11,-11,-18,-3,-1,-1,-3
1514892924923505,10,-10,-1,6,-1,-2,-2,-2
1514892924923505,9,6,2,-10,-5,-4,-1,-4
1514892924934526,-35,4,-2,3,4,5,3,-4
1514892924934526,5,-22,-13,-7,1,1,0,2
1514892924941030,24,-1,10,22,-2,-2,1,2
1514892924941030,-29,-4,-11,-7,-2,-4,-9,-17
1514892924957529,55,15,24,17,2,3,8,19
1514892924957529,-15,-4,-8,-1,-2,-2,-3,-10
1514892924960044,14,4,23,2,-2,-1,1,7
1514892924960044,-4,26,-8,-6,-7,-6,-8,-2
1514892924980047,-47,-37,-1,-16,-2,1,-2,-16
1514892924980047,39,26,-11,-7,-3,-2,-2,7
1514892924981546,-13,-8,10,6,-1,-2,-3,-7
1514892924981546,-21,-33,-18,-1,1,2,5,5
1514892924993567,10,13,17,4,-4,-3,-4,0
1514892924993567,4,-3,-4,-6,-1,-3,-2,-2
1514892925002568,-9,17,-1,4,-1,-1,-1,-4
1514892925002568,3,10,4,5,2,-2,-3,-3
1514892925017572,-8,-6,-23,-17,-3,-2,-3,-3
1514892925017572,-8,5,3,2,3,0,-4,-14
1514892925020074,2,-11,-3,-20,-2,2,2,13
1514892925020074,-18,-5,8,9,1,-1,-6,-19
1514892925040098,34,-10,-2,4,-2,1,11,26
1514892925040098,0,21,-1,6,-6,-5,-12,-29
1514892925041599,-28,15,-4,3,7,3,-5,-13
1514892925041599,12,-2,17,-7,0,4,8,50
1514892925053597,-9,-42,-15,-3,0,2,10,-17
1514892925053597,24,14,0,8,1,-1,-6,0
1514892925062603,-6,-13,-34,-8,-5,-2,6,-1
1514892925062603,1,-6,1,0,-2,0,15,-17
1514892925077614,13,21,33,15,3,1,-8,1
1514892925077614,-20,-16,-3,-6,1,-4,0,11
1514892925079115,7,-3,6,-4,-2,-2,-21,-26
1514892925079115,4,45,11,25,4,-1,-10,16
1514892925100130,-11,-54,1,-22,-5,-3,25,21
1514892925100130,-19,-17,-57,-8,-6,0,11,-2
1514892925101631,25,12,19,-9,0,-3,-15,11
1514892925101631,-40,-53,-53,-3,-1,-4,-13,-27
1514892925123649,23,44,14,-14,-5,-4,-10,-3
1514892925123649,-5,4,26,16,1,0,8,17
1514892925125148,-29,-4,-29,-16,-3,1,16,-3
1514892925125148,2,-21,34,7,-4,-5,-6,0
1514892925137656,-5,10,-4,8,4,4,-30,-45
1514892925137656,0,19,-9,-13,-4,-2,1,-9
1514892925139158,26,22,25,5,4,7,23,28
1514892925139158,14,4,23,15,7,5,6,-15
1514892925160172,-33,-38,-36,-5,-6,-11,-12,-8
1514892925160172,13,-1,-6,-13,-4,2,13,34
1514892925161674,-23,17,25,10,-1,-7,-22,-42
1514892925161674,11,20,-5,-4,0,4,17,36
1514892925173682,10,13,-4,-11,-3,-3,-5,-16
1514892925173682,-14,-24,-20,-14,-3,-4,-12,-21
1514892925182689,11,-20,18,12,0,-3,-5,5
1514892925182689,-37,19,19,3,-2,-4,-10,-35
1514892925197211,24,-9,-24,16,2,-1,12,25
1514892925197211,-4,-1,4,-4,1,1,4,4
1514892925199213,16,-27,-10,-1,-2,-3,1,46
1514892925199213,-20,-15,-16,-25,-5,-1,-3,-29
1514892925227231,25,87,64,26,7,7,15,66
1514892925227231,-29,-22,31,-13,-5,-5,-12,-61
1514892925229232,22,-12,-33,11,1,0,12,39
1514892925229232,6,9,-44,-27,-11,-9,-32,-44
1514892925233734,-6,-1,-3,-4,-1,0,20,28
1514892925233734,-4,-21,19,14,1,-3,-16,-25
1514892925242741,-12,21,0,-8,-2,-1,11,-5
1514892925242741,27,-12,45,21,5,5,2,14
1514892925257243,-9,-22,-40,-18,-9,-7,-5,-10
1514892925257243,-13,48,24,11,3,3,5,12
1514892925259243,8,-20,-14,9,4,5,10,-8
1514892925259243,5,16,-11,-18,-6,-6,-11,8
1514892925279757,-16,-61,-9,3,1,-1,-13,-43
1514892925279757,5,22,45,3,5,2,-3,13
1514892925281771,26,-23,1,-14,-10,-11,12,25
1514892925281771,10,15,0,5,3,2,10,6
1514892925303791,-42,34,11,5,0,-5,-20,-43
1514892925303791,31,-26,-41,12,3,2,2,-5
1514892925305775,5,-11,-18,-10,-4,3,22,53
1514892925305775,-15,-14,-14,4,-3,-4,-4,-5
1514892925318804,-8,-21,63,26,5,-1,-25,-27
1514892925318804,23,8,-36,-27,-7,-5,-14,-8
1514892925322297,1,-13,-11,-34,-9,-3,-12,11
1514892925322297,6,-22,-8,10,0,1,9,-13
1514892925339809,18,46,36,2,10,9,21,39
1514892925339809,3,-1,-85,7,3,7,7,5
1514892925341303,-22,-9,40,6,1,-1,-22,-21
1514892925341303,-7,-41,43,-14,-9,-7,-9,-31
1514892925353824,23,-36,-6,-7,-2,0,10,-7
1514892925353824,-14,-25,-45,-3,-5,-5,-16,9
1514892925362816,-17,64,-1,4,0,-2,-8,-43
1514892925362816,-27,-7,-17,21,7,8,14,23
1514892925377339,5,2,31,-23,-3,0,0,2
1514892925377339,34,-2,36,-7,-3,0,18,33
1514892925380338,-25,-24,-15,16,0,2,-7,-59
1514892925380338,30,17,57,-6,0,-1,11,37
1514892925399852,50,30,-90,18,0,1,-3,16
1514892925399852,-88,-6,24,-24,-8,-11,-10,-24
1514892925401844,-6,36,22,-4,1,-3,-12,-9
1514892925401844,22,-15,8,-6,0,1,8,16
1514892925422358,11,38,9,10,-2,-1,6,14
1514892925422358,2,-34,-28,-10,-8,-3,-6,-18
1514892925424360,-1,50,68,13,3,-3,10,13
1514892925424360,-28,-41,-79,-13,0,-3,-30,-29
1514892925437373,32,99,13,-14,-3,1,3,9
1514892925437373,-35,-87,66,1,-5,-4,1,0
1514892925439382,-16,6,-75,-6,-3,-5,-3,-11
1514892925439382,-19,-26,37,6,2,7,5,8
1514892925460385,37,10,-78,8,4,5,18,80
1514892925460385,14,53,48,22,4,-1,-10,-35
1514892925461886,3,-38,-17,-1,5,10,14,-19
1514892925461886,17,29,25,19,2,-1,-24,-13
1514892925481400,-59,-28,-16,-14,-10,-11,-27,-41
1514892925481400,-10,-12,-39,-3,0,4,16,14
1514892925490407,8,-37,48,3,-4,-6,-6,1
1514892925490407,24,-9,-72,-51,-19,-11,3,25
1514892925497411,-43,-15,72,18,4,-2,12,-5
1514892925497411,31,0,-50,-10,-7,-5,-14,18
1514892925499412,-31,-7,-13,-9,-4,-5,-26,-44
1514892925499412,-19,36,18,0,-1,-3,0,1
1514892925519930,-5,-91,-64,-14,-2,1,8,-9
1514892925519930,16,49,74,33,7,0,2,11
1514892925521429,0,-19,-67,-20,-13,-2,21,66
1514892925521429,-12,-43,-12,-12,-2,-4,-15,-87
1514892925542442,-18,3,-4,-29,-10,-5,1,-1
1514892925542442,28,57,42,-1,4,5,12,27
1514892925543944,-5,-29,54,5,5,-2,-23,-1
1514892925543944,-31,-25,-55,-22,-7,1,29,86
1514892925556453,18,33,27,1,2,-5,-23,-89
1514892925556453,-3,-82,-19,-18,-9,0,-7,-36
1514892925564959,-36,59,7,11,-4,-12,3,2
1514892925564959,43,-1,15,-13,-8,-6,6,15
1514892925579969,-14,-3,3,2,-7,-10,-11,-5
1514892925579969,18,37,-2,16,-1,-2,-3,3
1514892925581470,-58,-33,-48,-55,-6,8,35,30
1514892925581470,30,37,32,58,5,-3,-14,-12
1514892925602485,-38,-6,-44,-55,-6,0,-6,-39
1514892925602485,9,-3,-12,9,-2,-4,9,32
1514892925604488,27,64,105,15,3,-2,-16,-42
1514892925604488,-18,-23,-63,-21,-8,-8,-6,-22
1514892925616995,-5,7,-42,-3,-4,0,-3,39
1514892925616995,-49,-69,2,16,-6,-6,-13,-38
1514892925624501,74,29,16,12,10,5,11,28
1514892925624501,-35,46,11,-8,0,1,3,-8
1514892925640012,17,16,36,5,-8,-5,-1,-5
1514892925640012,-15,-4,15,52,18,11,10,11
1514892925641516,51,-29,-15,-32,1,5,9,11
1514892925641516,-29,-33,-8,-28,-2,1,18,-10
1514892925663028,30,-24,50,-11,-5,3,-4,33
1514892925663028,-15,30,-28,5,5,-5,-27,-7
1514892925664542,-30,-53,46,80,9,3,-6,25
1514892925664542,-3,-31,-81,-22,8,9,10,-20
1514892925677048,23,19,-8,27,7,1,-4,-19
1514892925677048,9,69,62,3,-1,4,-6,-22
1514892925683553,-32,-30,-36,-37,-13,-2,-3,-11
1514892925683553,13,16,107,59,22,13,-10,-9
1514892925699063,17,-55,-113,-73,-25,-14,8,8
1514892925699063,-54,22,-54,-45,-5,-3,-5,-38
1514892925707560,-15,-33,45,74,6,-2,-4,40
1514892925707560,18,6,-43,-5,-2,1,9,-5
1514892925723070,-46,-36,27,7,5,-3,-2,46
1514892925723070,36,11,21,18,5,10,21,7
1514892925726573,48,-10,-43,-44,-5,3,-10,-45
1514892925726573,-1,9,-28,36,-1,-9,-11,29
1514892925737081,-26,6,7,44,7,-1,1,22
1514892925737081,47,-62,-45,-86,-12,2,16,4
1514892925743585,5,35,-85,47,5,-4,-12,-25
1514892925743585,3,20,100,9,-5,0,1,-2
1514892925760096,-52,-68,-40,-57,-12,-6,-6,-49
1514892925760096,57,65,57,24,-1,-8,-3,61
1514892925761610,0,-65,-17,-53,-10,-3,-1,18
1514892925761610,-5,7,-45,-4,0,1,8,38
1514892925790118,11,28,-27,4,1,4,-3,-10
1514892925790118,3,-36,13,16,3,-3,-21,-52
1514892925791619,-27,-78,-24,-11,-8,-7,-2,-8
1514892925791619,2,16,29,18,-5,-12,-14,37
1514892925798125,-8,17,-17,1,3,5,11,-9
1514892925798125,25,25,43,40,11,1,-19,-3
1514892925804131,-19,21,-34,9,11,11,9,-15
1514892925804131,-9,9,-22,-64,-11,-4,-12,-34
1514892925820149,49,-30,29,30,4,0,-22,-22
1514892925820149,-63,-24,-29,30,-1,-3,19,-2
1514892925821650,7,26,30,-53,-5,1,-7,-26
1514892925821650,23,48,14,-10,-7,-7,-5,-2
1514892925842663,-40,-83,56,30,13,11,15,-4
1514892925842663,22,33,34,-4,-5,-10,0,-1
1514892925844166,53,9,-63,4,0,2,10,65
1514892925844166,-18,-25,55,35,11,5,7,-9
1514892925856665,-17,-23,-70,-19,-7,-9,-16,-15
1514892925856665,11,-3,36,-40,-9,-4,0,25
1514892925863670,-23,62,-29,15,7,3,21,37
1514892925863670,7,-44,4,-15,-10,-10,-61,-81
1514892925880181,5,14,-37,53,11,5,12,30
1514892925880181,27,83,81,-25,-10,-3,-1,20
1514892925881682,-58,-73,-86,-29,-8,-8,-22,-63
1514892925881682,-17,-12,60,29,6,5,19,37
1514892925902197,2,-15,-55,-2,2,3,3,-5
1514892925902197,8,53,52,25,5,7,14,35
1514892925904199,18,14,71,14,-6,-5,-2,-30
1514892925904199,-63,-30,-37,-28,-2,-3,10,9
1514892925916217,-14,-26,4,8,-9,-5,-4,11
1514892925916217,33,-5,-19,-18,3,3,-4,4
1514892925925213,-42,-14,-60,28,1,-4,-14,-11
1514892925925213,12,24,-7,2,-2,-2,6,10
1514892925940224,23,39,14,-28,-5,-11,-30,-24
1514892925940224,-42,-25,-102,22,3,1,-2,-43
1514892925941736,13,-17,95,1,-3,-2,0,1
1514892925941736,32,15,-9,19,8,9,13,2
1514892925962741,0,23,-55,-8,-2,0,-5,-13
1514892925962741,-17,-48,11,-22,-2,0,11,39
1514892925964743,-7,5,-26,-21,-4,-6,-6,-20
1514892925964743,-10,-17,-94,5,3,3,18,43
1514892925976253,8,46,127,33,3,-1,-13,-17
1514892925976253,-14,-54,-2,11,-3,-5,7,62
1514892925985257,20,24,23,-8,0,0,-17,-42
1514892925985257,-24,9,-50,-17,-7,-3,7,-9
1514892926000267,-2,-17,25,18,8,5,7,-26
1514892926000267,-7,1,-51,-25,-5,-5,-4,18
1514892926002271,22,-26,-32,3,2,4,11,23
1514892926002271,8,40,29,26,4,3,4,-14
1514892926022782,15,2,91,3,6,6,16,36
1514892926022782,12,20,-13,-26,1,4,1,-22
1514892926025284,11,5,33,14,4,0,-2,-34
1514892926025284,19,-37,-12,-12,-12,-6,-6,-6
1514892926036292,8,12,11,9,1,-1,5,40
1514892926036292,-4,26,-31,0,-2,-2,-1,-24
1514892926045299,-33,-24,35,17,-6,-2,-1,12
1514892926045299,-8,-31,15,-26,-2,-2,-9,-1
1514892926059811,33,37,43,-4,-3,1,12,10
1514892926059811,-23,-79,-65,-15,3,0,1,6
1514892926061812,-41,50,-12,26,0,0,7,29
1514892926061812,24,-1,-29,-45,-9,-6,-18,-31
1514892926082825,-16,58,31,8,-6,-6,5,-23
1514892926082825,8,5,63,39,11,4,-24,19
1514892926084326,35,54,8,-38,-9,2,18,5
1514892926084326,5,-38,23,-7,7,8,6,18
1514892926096337,-39,60,53,-33,-17,-13,4,-16
1514892926096337,-16,-8,-33,4,-11,-9,-12,-51
1514892926105344,14,24,-66,19,9,-3,-11,15
1514892926105344,-4,-19,101,-17,-7,-2,7,38
1514892926127357,-9,20,-3,19,7,4,-10,-51
1514892926127357,10,-11,-46,11,1,3,19,-16
1514892926129358,23,6,-46,-31,-6,-2,1,13
1514892926129358,-16,-28,19,19,4,-4,2,-35
1514892926143369,-8,-18,-79,-33,-7,-1,-10,34
1514892926143369,-9,-26,83,19,2,1,-4,-25
1514892926143873,31,12,-38,-20,0,0,-8,-22
1514892926143873,-51,-3,-5,22,-3,-6,-10,-27
1514892926156877,-4,-86,-30,-12,0,0,-14,14
1514892926156877,10,55,27,5,1,0,0,8
1514892926165385,-7,-56,49,1,0,-1,1,-6
1514892926165385,-21,44,31,14,10,7,9,8
1514892926187901,11,30,1,-11,-1,2,17,71
1514892926187901,-8,2,-75,23,-2,0,1,-48
1514892926189403,-16,-19,33,-19,2,0,-5,-23
1514892926189403,-4,-37,-32,-1,-3,2,27,43
1514892926202410,50,1,85,15,3,0,-28,-60
1514892926202410,-6,-21,-51,-13,-2,-3,-2,23
1514892926204412,-24,9,3,-6,-3,-1,10,21
1514892926204412,48,33,-32,23,0,2,5,1
1514892926216419,-6,-11,15,-1,6,3,14,-4
1514892926216419,-7,36,46,-27,-9,-1,8,-45
1514892926240939,7,-71,-54,-8,-4,-7,-28,33
1514892926240939,5,-1,-16,-7,-2,-3,-2,10
1514892926241939,8,28,60,20,0,3,6,-7
1514892926241939,-21,-2,-19,-1,-2,-7,-23,-8
1514892926243439,37,76,70,16,7,1,7,11
1514892926243439,-1,-41,-22,-10,-7,-3,-5,-24
1514892926262452,6,-13,-97,0,-9,-6,-3,-45
1514892926262452,2,-33,-42,-27,2,-1,15,64
1514892926264455,-28,-3,94,5,-3,1,2,-13
1514892926264455,42,20,12,16,4,1,-10,6
1514892926276463,0,16,-58,-36,-8,-2,6,-21
1514892926276463,-5,5,23,9,1,-1,12,48
1514892926284968,10,6,-47,-19,-9,-6,-6,-14
1514892926284968,-38,-19,-55,-15,-4,-5,-11,-25
1514892926299978,-3,37,28,23,3,-2,-8,59
1514892926299978,30,3,7,-24,-11,-5,8,-12
1514892926301982,-55,-24,5,2,4,3,1,-17
1514892926301982,22,5,35,-13,-6,-6,2,14
1514892926322494,-31,32,29,-18,-6,-6,-16,-46
1514892926322494,2,-1,-33,1,-4,-3,8,-4
1514892926324496,-3,26,34,46,3,-3,1,43
1514892926324496,6,-17,-72,-96,-15,-2,-17,-35
1514892926337504,-7,-22,-54,28,10,2,5,3
1514892926337504,2,28,27,33,5,2,-1,20
1514892926345512,-28,-45,-15,-71,-17,-8,-8,-25
1514892926345512,23,38,16,55,17,7,-1,3
1514892926360532,5,-22,63,-14,-6,-3,-3,5
1514892926360532,8,32,12,3,3,2,14,-2
1514892926361523,-11,16,-4,9,-2,-4,-6,-43
1514892926361523,-45,-27,-19,32,0,-1,12,36
1514892926382536,34,-18,-53,-22,0,3,8,-2
1514892926382536,-20,-75,13,-14,-8,-7,-22,-22
1514892926384038,37,39,54,48,9,8,16,-4
1514892926384038,-26,-26,3,-52,-10,-4,8,-7
1514892926405053,13,22,-22,17,-2,0,0,35
1514892926405053,-3,-17,36,1,-2,-1,-12,-27
1514892926406553,-51,0,-56,31,6,3,3,19
1514892926406553,12,-3,30,-30,-4,2,2,1
1514892926420563,-6,22,34,18,6,3,-13,-28
1514892926420563,-4,-2,-56,-28,-9,-5,2,1
1514892926424067,36,49,81,-3,-2,1,3,9
1514892926424067,42,73,70,69,13,3,1,5
1514892926442578,-48,-64,-112,-59,-17,-10,5,25
1514892926442578,-15,20,16,20,2,-3,-20,-16
1514892926444081,-26,-23,-34,-37,-3,-1,-7,-15
1514892926444081,8,67,-10,39,2,-2,5,37
1514892926465095,-10,-49,-1,-34,-4,-4,12,5
1514892926465095,-5,-12,-31,-20,-14,-12,-24,-1
1514892926466596,27,14,5,27,11,8,1,1
1514892926466596,24,-21,19,-18,-4,-3,7,22
1514892926480605,10,25,19,54,6,2,-15,-38
1514892926480605,11,-8,22,1,6,5,12,9
1514892926484608,13,-23,64,14,5,4,9,-10
1514892926484608,-8,3,-6,2,-4,-3,-8,16
1514892926510126,-40,-28,-11,-6,1,2,11,19
1514892926510126,14,21,13,-15,2,5,6,-48
1514892926511628,32,17,-9,10,3,1,8,30
1514892926511628,-14,-39,-52,-17,-4,-4,-10,-46
1514892926525137,36,12,34,11,0,-3,-3,18
1514892926525137,-86,-7,-28,-19,-2,1,4,57
1514892926526638,-9,-6,-47,25,-3,-7,-4,-57
1514892926526638,-21,-60,-25,-8,-8,-10,-25,-13
1514892926539147,-17,-25,3,-51,-7,-2,8,15
1514892926539147,-26,11,3,6,-3,-6,-10,10
1514892926546152,18,8,14,-1,-2,-4,0,12
1514892926546152,-19,-33,0,-16,-8,-6,-6,-34
1514892926562680,6,56,11,7,6,1,-5,0
1514892926562680,15,-16,17,-15,-3,2,8,9
1514892926564179,9,19,-20,-16,-5,-3,-2,-5
1514892926564179,-27,-3,27,16,7,4,5,5
1514892926585190,-22,-44,-44,-14,-2,2,34,65
1514892926585190,49,27,-17,-13,-8,-9,-56,-95
1514892926586691,-34,-5,26,-7,-4,-3,-5,-1
1514892926586691,-16,27,22,22,10,8,10,-2
1514892926599199,42,77,30,45,4,0,-5,-37
1514892926599199,3,-36,-9,-30,-4,-2,9,41
1514892926607706,-18,9,-21,-27,-10,-2,-5,11
1514892926607706,-2,16,100,24,5,-3,-7,-14
1514892926622206,19,-1,-45,12,-3,-4,-2,-9
1514892926622206,-1,29,13,12,10,8,14,-2
1514892926624217,10,-104,-3,13,4,2,-8,-30
1514892926624217,1,-13,-50,-38,-9,2,18,39
1514892926644721,15,11,92,39,5,2,0,-2
1514892926644721,11,18,-30,8,0,0,-3,-12
1514892926646723,20,-3,-1,-12,-9,-3,2,16
1514892926646723,22,4,13,28,9,7,16,-16
1514892926659244,-22,-33,-17,-40,-11,-12,-7,27
1514892926659244,-21,-58,-48,-2,-1,3,0,-10
1514892926666238,-35,-17,-30,26,5,0,5,3
1514892926666238,50,38,62,4,1,-3,-12,-14
1514892926682248,1,-37,-12,-3,-2,-3,-5,-1
1514892926682248,-59,-23,-38,-19,-7,-4,2,-11
1514892926684262,66,15,-23,-10,-7,-5,-12,10
1514892926684262,3,-6,-21,6,6,5,-4,-8
1514892926706265,11,31,60,18,5,-1,1,-12
1514892926706265,-1,-28,-37,8,3,0,2,15
1514892926709768,-26,2,43,-9,-1,0,-2,-36
1514892926709768,-7,27,-73,-17,-3,3,11,44
1514892926719274,-20,-2,-24,-5,-7,-7,-28,-1
1514892926719274,5,19,102,24,5,1,2,-37
1514892926726279,-35,35,-73,-11,-6,-5,-8,-4
1514892926726279,-9,-35,-48,15,2,-3,-6,-24
1514892926742303,10,19,34,17,4,4,13,10
1514892926742303,4,-29,-42,-33,-10,-5,0,4
1514892926744292,34,26,55,29,3,2,5,38
1514892926744292,-32,-32,-27,-42,-9,-7,-15,-37
1514892926764806,17,4,-50,16,2,3,13,22
1514892926764806,37,-12,10,-14,-11,-6,-11,-28
1514892926766317,4,-7,-21,20,0,2,19,41
1514892926766317,7,3,77,-16,-2,1,-6,36
1514892926778816,-54,-26,24,9,4,1,-4,-74
1514892926778816,36,59,15,7,1,2,11,9
1514892926787823,20,-4,31,-47,1,1,0,-6
1514892926787823,-42,13,-18,-20,-17,-11,-16,-37
1514892926802333,6,7,-4,-19,-6,-2,11,48
1514892926802333,2,18,69,25,9,5,-2,-7
1514892926804335,-12,-32,-35,17,2,-3,-4,-4
1514892926804335,24,20,39,14,5,3,-6,-15
1514892926825359,-9,14,-78,-26,-4,-2,4,-16
1514892926825359,18,14,-18,12,0,-1,15,65
1514892926827354,12,-43,-26,-4,-7,-12,-12,-3
1514892926827354,0,9,5,4,7,5,-4,-19
1514892926838868,-15,-23,20,-12,-3,0,-6,-64
1514892926838868,6,27,13,-5,-5,-7,-22,15
1514892926847877,-2,-17,-42,-1,0,2,0,9
1514892926847877,-1,10,51,3,-3,-6,4,-2
1514892926862388,-21,-30,-48,13,-1,0,-8,8
1514892926862388,-16,-46,21,-20,1,1,12,-1
1514892926864390,-5,-6,27,-9,1,1,5,-14
1514892926864390,-18,21,-51,6,-9,-6,-3,16
1514892926885392,49,27,70,36,13,7,4,2
1514892926885392,-4,9,-3,-22,-5,0,12,66
1514892926887894,-7,15,-7,23,7,2,2,-34
1514892926887894,-30,-25,19,-9,-4,-2,-12,-4
1514892926898401,37,9,-35,-47,-11,-4,6,31
1514892926898401,-11,34,8,30,6,3,-12,-29
1514892926907407,-18,-11,-18,-4,-3,-3,5,-9
1514892926907407,1,-11,15,12,8,7,7,-3
1514892926922427,-11,39,-36,-37,-18,-18,-21,-14
1514892926922427,-26,-34,5,38,4,-2,-6,-16
1514892926923919,14,26,45,-42,-8,-2,7,30
1514892926923919,51,0,-72,17,4,0,4,55
1514892926944935,-71,0,50,1,-1,-8,-29,-41
1514892926944935,37,47,-9,33,8,8,19,24
1514892926946935,-22,-21,-2,-41,-8,-2,-6,6
1514892926946935,20,36,23,28,7,-1,6,-38
1514892926958456,28,-26,-5,-30,-7,2,-3,29
1514892926958456,-45,0,35,8,2,-1,5,39
1514892926967449,-18,-6,-24,15,2,0,-17,-80
1514892926967449,-21,4,0,-14,-4,-4,-2,0
1514892926982473,24,-12,39,37,9,6,19,-5
1514892926982473,-8,-15,-77,-47,-9,-7,-17,-3
1514892926983974,8,9,16,4,-5,-6,-18,-7
1514892926983974,-15,-35,-22,3,0,-4,2,6
1514892927005007,-19,-4,5,-31,-8,1,-2,-4
1514892927005007,18,15,60,-4,-3,-4,3,5
1514892927006477,1,5,-68,6,5,3,0,14
1514892927006477,22,6,17,19,-6,-3,-12,-24
1514892927018486,-40,-2,16,7,6,4,-14,5
1514892927018486,-22,2,19,-11,-8,-2,10,-22
1514892927029494,22,-14,-8,16,3,0,-11,4
1514892927029494,-49,41,17,-17,-2,-1,2,20
1514892927042502,-7,-69,30,12,0,1,7,-32
1514892927042502,-7,-23,-85,-6,-4,-2,-14,-19
1514892927044004,6,49,97,-15,-1,5,27,40
1514892927044004,13,-37,-66,-8,4,4,21,23
1514892927065031,23,-27,28,-1,-2,-3,-31,-36
1514892927065031,21,56,23,9,6,5,22,42
1514892927066532,5,-34,-17,17,1,-2,1,17
1514892927066532,31,59,42,15,1,4,18,18
1514892927078528,-63,-53,-18,18,8,8,9,-34
1514892927078528,-15,-29,-48,-44,-13,-9,-18,2
1514892927088036,13,2,-22,2,4,3,1,-7
1514892927088036,5,-4,-1,-3,1,0,-8,-46
1514892927103549,20,50,-31,10,4,4,20,75
1514892927103549,2,-6,-5,-5,-5,-6,-22,-61
1514892927107549,-6,-30,30,8,1,2,16,18
1514892927107549,-7,-9,12,-21,-6,-6,-5,3
1514892927125062,7,8,-21,2,-2,-5,-2,-4
1514892927125062,12,-20,-12,23,9,5,-10,-3
1514892927126563,-10,-9,-92,-34,-11,-7,-18,-34
1514892927126563,-3,-44,-23,19,4,2,-9,20
1514892927138572,10,43,26,-10,2,5,3,20
1514892927138572,36,45,56,9,1,3,24,25
1514892927147577,-10,6,-6,34,0,-3,-8,-25
1514892927147577,33,-16,-10,-8,-6,-6,-22,3
1514892927162587,-12,-14,-67,-12,-3,-6,-24,-27
1514892927162587,19,4,14,-18,-9,-6,4,19
1514892927164090,7,6,8,-10,-4,-2,-5,-42
1514892927164090,-17,-37,54,-2,0,2,27,-9
1514892927185105,8,-19,-76,10,0,-3,-31,34
1514892927185105,12,29,-20,-40,-7,-8,-13,-91
1514892927186606,-14,-14,14,6,0,-4,-8,15
1514892927186606,3,3,-21,-28,-10,-2,9,-33
1514892927198623,21,73,89,31,8,2,22,35
1514892927198623,-31,-42,-54,7,1,5,10,-4
1514892927207629,-24,-20,38,-12,-3,-1,-5,5
1514892927207629,-18,0,-48,-9,2,0,-2,6
1514892927221640,25,29,-1,3,-7,-6,2,11
1514892927221640,-31,-15,5,7,-2,0,7,20
1514892927230135,21,5,11,-5,-2,-2,-5,-1
1514892927230135,-23,-12,-15,17,3,2,-15,-13
1514892927245156,-6,15,35,1,1,1,10,-31
1514892927245156,-9,-71,-64,-13,1,1,-26,-18
1514892927246657,-2,16,54,12,7,3,4,9
1514892927246657,8,-45,-4,9,2,-2,-5,3
1514892927258655,-9,-16,-40,7,2,5,17,25
1514892927258655,8,-16,75,53,16,7,-4,-13
1514892927283172,14,43,-55,-59,-9,5,20,31
1514892927283172,22,24,18,19,10,4,-1,-22
1514892927284183,-11,-9,-7,-39,-13,-10,-10,-2
1514892927284183,0,16,-2,2,-5,-4,4,18
1514892927285676,-57,-38,-21,17,3,-3,4,0
1514892927285676,-7,-17,-13,-5,-2,-2,-15,22
1514892927304688,2,-20,6,12,3,0,0,-71
1514892927304688,23,36,62,-12,-2,2,-11,17
1514892927306689,2,2,-14,-16,-4,-3,-7,25
1514892927306689,0,16,50,19,4,4,5,27
1514892927327704,-25,-4,-75,-48,-12,-10,-8,21
1514892927327704,-5,-29,14,16,3,2,4,-6
1514892927329205,8,23,36,16,0,-1,7,-16
1514892927329205,23,18,-6,-34,-11,-3,8,5
1514892927343215,5,3,-14,26,6,3,12,32
1514892927343215,-13,-20,-4,-17,-12,-8,-11,-36
1514892927344716,-20,-37,-8,-18,-4,-6,-2,-4
1514892927344716,1,15,-31,-9,-7,-3,-1,-9
1514892927372736,10,-27,-46,27,10,8,14,22
1514892927372736,-5,55,24,-21,-5,-1,-4,-34
1514892927374239,27,32,53,11,1,0,-3,22
1514892927374239,-35,-47,-75,-23,-13,-13,-10,-27
1514892927387747,16,3,68,9,5,5,5,-13
1514892927387747,-33,-3,20,17,-1,-1,-3,37
1514892927389247,10,-22,-79,-1,-2,-3,3,-13
1514892927389247,8,37,47,18,8,4,-6,-25
1514892927402258,-6,-5,25,-45,-16,-8,-1,-26
1514892927402258,1,-3,-5,41,9,1,-1,-17
1514892927404760,29,18,19,-9,-6,-1,9,22
1514892927404760,1,-8,18,-6,-3,-2,-10,1
1514892927424773,-6,6,24,30,2,-2,-9,-15
1514892927424773,17,19,24,-11,2,4,5,14
1514892927426774,-12,-40,-57,-10,-1,-1,-6,-14
1514892927426774,-9,-5,-18,22,1,-2,-8,14
1514892927448299,-22,-9,14,-39,-11,-8,-15,-33
1514892927448299,10,-8,2,31,9,1,18,63
1514892927449800,-6,22,18,-28,-10,-5,-31,-45
1514892927449800,5,-16,21,21,4,2,22,36
1514892927462299,-45,-22,-38,-28,-9,-3,-11,-54
1514892927462299,-15,-1,-22,-19,-3,-7,-13,32
1514892927463800,2,27,32,42,11,9,17,-2
1514892927463800,4,-43,-12,-17,-10,-5,-19,-11
1514892927483827,-24,22,-11,-3,-8,-6,-3,-40
1514892927483827,-6,-6,-3,32,15,6,10,4
1514892927493321,-44,-10,25,-38,-9,-4,0,-14
1514892927493321,18,19,2,-24,-8,-3,-14,-51
1514892927507345,15,6,26,38,16,13,32,112
1514892927507345,-5,-54,-105,-42,-22,-13,-1,-67
1514892927509347,16,-3,-8,32,4,-2,-28,-64
1514892927509347,-29,0,13,-1,5,-2,8,58
1514892927522342,47,33,62,19,4,1,-16,-13
1514892927522342,-8,19,48,-21,-9,-5,-1,-32
1514892927528361,-17,-30,-19,10,-2,-2,11,64
1514892927528361,-4,16,-30,-22,-13,-10,-2,21
1514892927544867,7,1,9,2,4,1,4,-32
1514892927544867,5,-1,-31,4,6,7,-4,-10
1514892927546359,42,64,47,20,2,1,13,23
1514892927546359,-26,-10,-5,11,4,1,-6,3
1514892927567393,9,-6,-8,-30,-4,-1,2,47
1514892927567393,-37,-9,-22,-12,-8,-2,-6,-38
1514892927569877,-10,-18,-67,21,8,-1,5,-2
1514892927569877,8,6,54,-9,-4,-1,13,-5
1514892927581893,-15,0,-48,8,3,-1,-18,-15
1514892927581893,14,-11,-12,20,-4,-5,6,19
1514892927589389,1,4,-9,-51,-9,-3,0,10
1514892927589389,-20,-2,15,28,8,4,-8,-38
1514892927604901,63,-11,-98,-9,-8,-8,6,12
1514892927604901,-1,23,59,-16,-8,-4,-9,2
1514892927606401,-21,-54,-31,8,-1,-3,2,29
1514892927606401,-15,17,-12,-14,-3,-4,-17,-9
1514892927627425,-5,26,82,5,2,5,32,22
1514892927627425,34,-48,-85,-3,-3,-4,-11,8
1514892927628918,1,9,15,-44,-9,-1,0,-22
1514892927628918,-38,-9,-37,-10,1,0,2,6
1514892927649942,-29,-32,2,-2,-4,-4,-12,-42
1514892927649942,9,56,42,26,7,1,3,0
1514892927651433,-22,-27,-26,6,-2,2,1,-24
1514892927651433,18,-9,7,-13,-3,-4,0,18
1514892927664942,-11,-13,57,35,8,-1,-24,-10
1514892927664942,14,27,-16,-47,-3,1,25,2
1514892927666443,-6,39,56,28,2,-2,-27,-9
1514892927666443,-8,-4,-46,-1,0,1,7,-4
1514892927688459,26,-36,-13,-17,-5,-2,3,15
1514892927688459,-11,0,8,10,3,1,-6,-9
1514892927689960,0,33,37,7,2,2,0,17
1514892927689960,14,23,11,10,1,-2,1,17
1514892927701968,8,-28,-18,-12,-6,-1,8,-1
1514892927701968,-31,-6,29,9,3,3,-9,78
1514892927708975,-20,-29,-39,-9,-6,-5,-6,-37
1514892927708975,8,20,-30,-24,-4,1,11,-19
1514892927724986,13,26,9,0,-7,-6,-9,8
1514892927724986,-21,-25,34,-3,1,0,4,5
1514892927728487,-33,-29,20,13,3,0,0,-22
1514892927728487,26,-39,40,42,14,16,40,82
1514892927747500,14,65,-29,-65,-16,-8,-42,-57
1514892927747500,-18,-49,27,10,-2,-7,-9,-29
1514892927749002,48,14,14,3,6,6,11,28
1514892927749002,-15,-4,-33,-6,-7,-3,11,1
1514892927762011,1,36,46,39,19,18,27,52
1514892927762011,15,-22,-45,-11,-6,-4,-25,-69
1514892927768516,-16,2,18,18,0,-4,-4,-19
1514892927768516,2,-33,7,0,-5,-3,-14,-3
1514892927785027,-8,10,-14,16,4,1,17,20
1514892927785027,3,0,-16,-47,-7,-4,9,70
1514892927786528,8,-20,11,9,0,-6,-27,-80
1514892927786528,14,31,23,-4,1,1,5,0
1514892927807556,-28,-46,-21,-30,-10,-7,-26,-46
1514892927807556,-9,30,51,44,9,7,32,30
1514892927809064,17,-5,-45,-5,5,4,0,3
1514892927809064,-21,8,38,-26,-6,-6,-9,3
1514892927822066,-27,-27,-26,14,12,4,16,7
1514892927822066,45,77,-18,-5,-5,-6,-11,9
1514892927830069,-72,-71,-5,-32,-19,-11,-6,-23
1514892927830069,15,3,-38,15,-1,-5,-4,27
1514892927845070,-12,5,79,35,3,-9,-17,-11
1514892927845070,20,19,-7,-46,0,9,8,8
1514892927846580,72,-6,-26,-16,-10,-6,-6,19
1514892927846580,0,-13,-21,9,3,-1,3,-3
1514892927867596,-24,-19,-71,-33,-16,-13,-20,-61
1514892927867596,13,9,31,22,2,0,13,47
1514892927869098,-3,19,20,12,6,7,7,1
1514892927869098,33,44,19,17,3,2,6,-13
1514892927881095,-2,-9,34,29,9,4,-17,22
1514892927881095,-2,-34,-57,-18,-6,-3,-16,-44
1514892927890102,17,25,4,-13,5,7,7,-14
1514892927890102,6,37,41,7,-6,-8,3,29
1514892927905113,4,10,-25,10,1,4,13,-6
1514892927905113,-13,-38,-14,12,-2,-2,-3,-48
1514892927906626,-6,24,56,8,-1,-1,5,52
1514892927906626,-9,0,-23,4,-1,2,7,-18
1514892927928146,24,18,21,-9,-4,0,16,35
1514892927928146,3,-24,-1,9,2,-6,-26,-26
1514892927930646,-35,12,-25,-28,-6,2,9,26
1514892927930646,2,-40,11,-3,2,-1,-6,-80
1514892927941150,-11,-29,-24,-3,-2,2,-4,30
1514892927941150,-11,35,51,44,13,4,-3,-26
1514892927951154,-12,19,-3,-19,-4,-5,-8,0
1514892927951154,-6,-30,-65,-11,-7,-4,-9,-3
1514892927965178,18,20,12,-3,-2,1,5,-3
1514892927965178,-32,15,-12,-27,-2,-4,-5,-3
1514892927966655,13,-15,-14,20,-2,-4,6,64
1514892927966655,2,18,36,-9,1,-1,-9,-14
1514892927988672,1,8,-36,1,3,2,3,19
1514892927988672,7,-7,45,28,-3,-2,-14,-65
1514892927990190,28,9,-10,-31,-8,-8,-8,5
1514892927990190,15,26,60,4,-2,-3,-4,7
1514892928001189,-65,-74,-38,-28,-13,-6,-8,2
1514892928001189,-1,-17,-20,-23,-5,2,-7,36
1514892928010196,17,13,27,13,4,2,-6,-22
1514892928010196,11,-7,26,32,10,6,-7,1
1514892928024696,-20,19,15,-15,-4,3,9,25
1514892928024696,31,8,8,0,-11,-6,-3,-26
1514892928026698,-2,-14,-38,-41,-4,1,11,-6
1514892928026698,1,-32,-1,4,-1,-4,-19,-6
1514892928047723,34,26,12,-10,0,0,0,6
1514892928047723,-19,10,-7,2,2,2,14,22
1514892928049729,-22,-44,-26,19,-4,-4,0,15
1514892928049729,-7,11,-13,-16,-2,0,1,-56
1514892928061223,16,9,14,8,3,1,-5,-12
1514892928061223,10,-20,-29,-2,-5,-2,23,61
1514892928070230,-11,-12,7,29,2,-6,-24,-56
1514892928070230,8,18,11,-17,2,3,1,12
1514892928084739,-28,9,-20,-19,-7,-5,8,-6
1514892928084739,36,10,23,14,5,5,-18,-32
1514892928086740,-12,10,-7,-5,0,0,23,41
1514892928086740,2,16,-16,-2,-2,-4,2,-24
1514892928107255,15,-17,-1,14,10,3,-17,-29
1514892928107255,5,22,29,-8,-2,-3,8,28
1514892928109256,3,-25,0,11,2,-1,0,26
1514892928109256,-17,42,64,14,2,4,3,-3
1514892928121779,2,-14,-47,-16,-3,-2,-3,-14
1514892928121779,-16,-24,-37,-13,-7,-5,-3,-13
1514892928130271,-17,0,35,13,5,10,5,-30
1514892928130271,-27,-6,-52,-6,-6,-8,2,10
1514892928144781,22,26,26,3,-1,0,8,7
1514892928144781,-9,-38,-24,-39,-5,1,10,17
1514892928146783,-19,6,32,5,1,1,-4,-13
1514892928146783,-13,-17,-42,-17,-5,-1,-2,2
1514892928167297,-9,-19,-2,15,0,-1,5,-37
1514892928167297,37,24,30,19,4,3,6,45
1514892928169311,-44,-24,14,12,4,1,2,-12
1514892928169311,5,-23,-71,-49,-11,-8,-17,9
1514892928180817,-20,28,53,8,1,-1,18,-1
1514892928180817,-23,-30,-23,8,5,0,-10,-13
1514892928190324,25,5,-55,3,0,3,11,52
1514892928190324,1,-14,40,16,3,2,-5,-47
1514892928205825,0,14,-20,0,-2,-1,0,14
1514892928205825,-12,-32,2,-25,-5,-2,9,-12
1514892928209327,31,22,-25,29,6,-1,-8,-5
1514892928209327,-1,25,20,-20,-7,-4,-6,14
1514892928227349,11,-25,1,-1,2,1,6,17
1514892928227349,-19,-21,8,29,1,-5,1,-17
1514892928229351,-3,4,-26,-37,-9,-4,7,11
1514892928229351,16,1,-14,16,4,7,5,19
1514892928240850,2,-6,-24,1,-8,-8,-26,-9
1514892928240850,-6,46,55,0,8,6,-1,-53
1514892928249855,12,-34,-56,3,-3,-3,12,60
1514892928249855,-13,-24,-24,-20,-8,-2,3,7
1514892928264876,-4,11,42,55,8,-3,1,-8
1514892928264876,10,5,-47,-46,-10,-3,-3,23
1514892928266377,-21,9,11,-14,0,1,3,0
1514892928266377,-12,8,23,51,10,-2,-32,-66
1514892928287883,-6,-28,5,-43,-7,1,10,43
1514892928287883,17,1,-82,3,-2,-4,-17,-17
1514892928290886,1,20,39,-6,-6,-4,-10,-4
1514892928290886,27,43,43,12,1,-3,1,44
1514892928310408,-20,-13,-37,-14,-4,-3,-10,-34
1514892928310408,-9,29,22,10,0,0,24,42
1514892928312410,-11,-18,25,4,4,2,-12,-30
1514892928312410,6,-24,20,12,7,6,1,-31
1514892928325409,-34,27,-22,-33,-8,-5,-10,-36
1514892928325409,-18,-65,-16,2,1,2,4,29
1514892928325910,19,22,2,7,1,-1,2,-26
1514892928325910,-12,11,21,2,-2,-2,-5,-17
1514892928346925,3,-30,-56,1,-8,-2,7,31
1514892928346925,-15,11,-11,17,10,0,-28,-62
1514892928347426,14,11,67,9,2,4,23,31
1514892928347426,7,-25,-44,-13,-1,2,11,72
1514892928368940,22,-4,0,-8,-1,3,-18,-51
1514892928368940,-8,27,-14,27,-6,-4,-4,-28
1514892928369940,0,-18,-11,-6,-3,-1,3,-16
1514892928369940,-2,-25,-91,-22,-4,-4,-2,6
1514892928383450,9,5,47,9,0,1,5,5
1514892928383450,-28,-13,-4,12,4,-2,-14,-21
1514892928391956,-10,-21,-20,-37,-11,-4,1,9
1514892928391956,8,2,44,-16,-7,-4,-1,-19
1514892928406967,-53,6,-34,12,3,-1,9,62
1514892928406967,26,35,51,-17,-4,0,-19,-68
1514892928407467,-5,3,-10,14,4,-3,-15,-18
1514892928407467,17,-30,-1,20,0,4,2,18
1514892928429482,-4,-1,13,-4,1,-4,1,-8
1514892928429482,-2,26,26,-4,-3,-3,13,46
1514892928429983,12,-5,3,17,5,3,13,-5
1514892928429983,-6,0,-14,-40,-9,-4,-16,50
1514892928452501,30,1,-1,21,5,2,-19,-77
1514892928452501,-25,19,-28,-31,-8,-1,7,15
1514892928453000,-6,-13,38,44,12,6,5,10
1514892928453000,-13,8,-33,-14,-2,-1,16,5
1514892928466508,19,51,23,4,2,4,11,2
1514892928466508,6,-31,1,12,-3,-3,-11,12
1514892928467509,4,1,19,-27,-4,-4,-25,-24
1514892928467509,-8,0,-18,21,3,1,24,21
1514892928489556,-44,-22,40,-22,-4,0,-3,15
1514892928489556,18,21,-5,23,7,4,15,-18
1514892928490056,-7,32,36,-17,-3,-8,-16,-9
1514892928490056,-8,-26,-12,0,-2,1,14,-11
1514892928504574,16,4,-16,5,0,-5,-17,-22
1514892928504574,11,7,13,14,2,0,3,24
1514892928505071,-11,-21,9,-9,-8,-8,8,-8
1514892928505071,4,10,-7,4,3,4,-1,-26
1514892928526582,15,-6,-13,-1,-4,-3,-8,2
1514892928526582,3,10,-29,-12,-7,-3,-2,16
1514892928527585,20,-9,40,1,0,3,30,55
1514892928527585,-10,-4,-27,-10,-4,-8,-50,-85
1514892928549098,16,-33,4,6,3,1,10,31
1514892928549098,-1,-2,-20,-10,-2,0,4,0
1514892928550112,9,1,7,11,-6,-6,-17,-16
1514892928550112,-13,9,0,-2,1,-1,11,8
1514892928564119,-5,25,49,3,0,4,21,23
1514892928564119,-2,-48,-36,-6,0,-1,-27,-22
1514892928565120,-2,5,-40,10,4,4,-7,-12
1514892928565120,7,25,40,13,-1,0,5,18
1514892928586625,-5,-22,-32,-28,-7,-6,-2,-7
1514892928586625,0,-19,22,-9,-4,-6,-4,14
1514892928587627,-5,6,-34,24,-2,-1,-10,-32
1514892928587627,-13,5,53,-39,-2,0,6,-2
1514892928609141,33,18,-64,-2,1,0,-9,-11
1514892928609141,-17,-17,44,0,-1,-2,10,12
1514892928610142,-20,-22,-47,-4,-1,-4,-21,-30
1514892928610142,-4,9,25,22,7,4,15,-9
1514892928625162,14,44,48,1,-2,0,0,54
1514892928625162,-10,-55,-25,-27,-4,-3,0,-19
1514892928626663,1,18,-1,-10,1,4,16,29
1514892928626663,-6,-12,-23,18,1,-1,-5,-2
1514892928646667,12,6,22,-17,-4,-2,-16,-8
1514892928646667,3,-10,39,7,3,3,8,18
1514892928647668,21,26,-38,-4,-4,-7,-19,-38
1514892928647668,-33,-81,-36,-16,-10,-6,3,7
1514892928669193,3,16,-9,-6,0,-1,-9,-13
1514892928669193,-16,-8,34,16,-2,0,0,27
1514892928670185,-9,6,10,8,-2,1,-4,-39
1514892928670185,4,-3,-58,-42,-16,-9,-5,18
1514892928684204,8,-31,-7,11,-2,-5,-2,-38
1514892928684204,7,7,65,19,5,4,17,0
1514892928685205,-10,9,-40,-18,1,1,1,17
1514892928685205,19,35,26,41,6,4,9,13
1514892928706719,-19,17,16,-29,-2,2,-24,-36
1514892928706719,-9,-23,0,2,-6,-4,-2,-3
1514892928707722,27,7,55,15,8,7,21,51
1514892928707722,-17,1,-7,-8,0,-2,-30,-85
1514892928729227,-6,-22,-45,11,-2,-3,16,32
1514892928729227,7,15,8,-1,3,4,10,-8
1514892928730228,-4,-18,-27,9,-4,-3,-18,1
1514892928730228,4,31,81,-32,-7,-3,5,-3
1514892928744237,-19,-21,-53,26,4,2,15,40
1514892928744237,-7,-17,26,-23,-5,-2,-12,-39
1514892928745238,-9,-12,-61,0,-1,-2,-3,-3
1514892928745238,-8,15,-20,-9,-1,4,29,20
1514892928766776,11,-6,41,21,3,-2,-20,-33
1514892928766776,-1,21,-33,-18,-2,0,6,-11
1514892928767763,-8,-2,2,-12,-5,-5,3,53
1514892928767763,14,-2,-9,41,6,0,-18,-22
1514892928789278,16,2,44,-17,-2,2,14,51
1514892928789278,7,-8,-15,5,1,0,5,26
1514892928790279,5,-19,-10,-20,-10,-5,-21,-47
1514892928790279,16,42,14,13,5,-2,0,13
1514892928805281,-7,-7,26,11,2,3,6,-22
1514892928805281,4,27,-51,6,0,-3,-10,-3
1514892928807291,4,-15,41,-4,4,3,30,3
1514892928807291,0,4,-13,-17,-6,-6,-11,9
1514892928826795,-4,16,22,7,2,-2,-19,-19
1514892928826795,-10,-5,-33,5,5,3,2,-8
1514892928827802,-8,-30,15,-6,-3,-4,-3,-27
1514892928827802,2,19,64,7,3,4,24,37
1514892928849338,-23,-52,-113,-18,-4,-4,-4,-40
1514892928849338,0,-12,22,13,-1,-4,-12,-14
1514892928850833,12,16,0,20,5,0,-4,9
1514892928850833,-15,-23,-18,-31,-11,-5,-3,2
1514892928863321,10,43,31,15,3,2,-1,23
1514892928863321,-15,-34,-27,-14,-3,0,18,6
1514892928872829,-3,-16,29,-3,-5,-3,-13,-18
1514892928872829,12,21,20,2,2,1,9,18
1514892928886837,-31,-3,-66,6,-2,-3,-1,-26
1514892928886837,-12,18,-3,-4,-1,-1,6,29
1514892928887839,5,4,-17,-11,-3,-4,-10,-15
1514892928887839,4,-18,-8,-11,-5,-4,-8,-21
1514892928909854,4,24,61,23,5,0,15,20
1514892928909854,10,-16,-15,-10,-1,-3,-31,1
1514892928911864,-14,16,1,-13,-4,-3,3,-1
1514892928911864,-6,-8,-7,9,2,-2,-13,-9
1514892928923373,4,-31,33,-2,-1,-1,7,26
1514892928923373,4,24,-18,25,2,3,0,-39
1514892928931879,4,-8,-16,-9,-1,-4,-2,19
1514892928931879,-14,-11,-13,-14,-1,3,0,0
1514892928946889,15,6,69,5,0,-2,13,30
1514892928946889,6,16,9,-6,0,0,-6,-32
1514892928947380,0,5,-7,-13,-3,2,0,-3
1514892928947380,-14,-39,-26,15,-1,-7,-14,-1
1514892928969411,2,-5,-13,-27,-2,-1,9,-8
1514892928969411,2,4,28,-13,-5,0,12,32
1514892928969905,13,27,30,5,4,7,8,7
1514892928969905,-6,-25,32,10,0,-6,-7,-18
1514892928983415,7,21,46,-10,-6,-1,-18,7
1514892928983415,6,-27,-59,-7,-6,-10,-11,-14
1514892928991911,-12,-8,3,12,5,4,20,19
1514892928991911,-20,-4,3,13,2,0,-16,-41
1514892929006922,16,4,-25,-24,-5,0,-4,21
1514892929006922,-5,-10,17,-6,2,-3,-10,3
1514892929007422,-9,-21,-10,-11,-4,-3,3,-5
1514892929007422,19,24,0,2,1,0,3,12
1514892929037445,-30,11,-10,4,0,-3,7,-10
1514892929037445,-7,-11,12,26,-1,-1,-9,-11
1514892929038465,5,15,-9,-37,-10,-3,-4,-11
1514892929038465,10,3,35,10,0,2,-2,0
1514892929043458,-1,-5,-52,5,-1,-2,-6,2
1514892929043458,4,3,-21,-24,-4,-1,8,9
1514892929051453,-9,-7,5,17,3,-2,-3,1
1514892929051453,4,2,-16,-3,-1,1,0,12
1514892929066464,6,4,1,11,0,-1,-2,-9
1514892929066464,-3,5,5,-14,-5,-3,7,7
1514892929067465,-5,-11,-1,9,0,-1,-11,-11
1514892929067465,3,4,-9,-13,-1,0,5,7
1514892929088981,3,-5,-6,9,1,-1,-2,-8
1514892929088981,-2,3,3,2,0,0,-2,-3
1514892929089980,-7,-2,3,-4,-2,-1,-5,3
1514892929089980,7,3,-11,5,-1,1,3,4
1514892929103490,-4,-1,-9,-9,-4,-2,-3,-7
1514892929103490,-4,1,-1,-2,-2,0,-2,5
1514892929112006,0,0,3,4,-1,-2,-4,-3
1514892929112006,-1,-1,-12,4,1,-1,3,0
1514892929126507,-1,-3,-4,-9,-6,-3,-5,-8
1514892929126507,1,5,5,-6,-1,1,3,4
1514892929127507,1,-6,-1,12,2,-1,-1,0
1514892929127507,1,0,-5,-2,0,-1,-2,0
1514892929149022,-1,0,-4,-10,-3,-2,-3,-2
1514892929149022,3,7,12,7,2,-1,2,5
1514892929150023,-2,-3,-6,0,-2,-1,-3,-1
1514892929150023,-2,2,-5,-2,-1,1,-1,2
1514892929163562,0,0,-3,-5,-2,-2,0,-2
1514892929163562,-4,0,-1,3,0,-1,1,0
1514892929172569,-2,-1,1,0,-1,-2,-3,-4
1514892929172569,0,1,-5,-6,-2,-2,-2,-2
1514892929186587,0,1,-2,1,2,-1,0,-2
1514892929186587,-2,-3,-4,0,-1,0,-2,-1
1514892929187590,0,-1,7,1,1,1,-2,0
1514892929187590,3,3,-3,0,0,1,2,2
1514892929212611,-1,1,-6,-4,0,-2,-2,-3
1514892929212611,-1,0,-3,0,-2,-1,0,0
1514892929214107,0,-1,21,2,0,-1,0,-2
1514892929214107,-2,-6,-34,-8,-3,-2,-1,1
1514892929232620,1,-3,-10,-4,-2,-2,-3,-3
1514892929232620,-1,2,11,1,1,0,0,0
1514892929233110,-2,-7,-20,-2,-2,-1,-1,-3
1514892929233110,1,2,17,1,0,-2,0,-3
1514892929246630,-2,0,-7,-3,-3,-2,-2,-2
1514892929246630,-4,-5,-5,-5,-1,-1,0,0
1514892929247622,2,2,4,2,-2,1,0,1
1514892929247622,-1,0,18,10,6,3,1,1
1514892929269148,-1,-4,-4,-2,-3,-1,0,0
1514892929269148,2,-1,3,11,0,0,1,-1
1514892929270146,-3,-4,-7,-12,-2,-3,-1,-5
1514892929270146,-2,-4,-18,-10,-1,4,-1,1
1514892929292663,0,2,20,2,0,-1,-1,-2
1514892929292663,-4,-3,-9,-4,-4,-2,0,-1
1514892929293154,0,-1,0,1,-3,-3,1,2
1514892929293154,1,0,-1,-1,-2,-2,0,-1
1514892929306672,1,-1,9,1,2,1,0,1
1514892929306672,-2,-2,-19,-3,-2,-1,-2,-2
1514892929308664,-1,-1,11,0,0,-1,-2,-4
1514892929308664,0,4,2,1,0,-4,-2,-2
1514892929329178,-2,0,2,-1,0,-1,1,0
1514892929329178,0,-4,-12,-3,-2,-2,-2,-1
1514892929329678,-2,-1,1,3,1,-1,0,-1
1514892929329678,-2,-1,-1,-1,-1,-1,0,0
1514892929351203,-1,0,2,-3,-2,-1,-1,0
1514892929351203,-1,-2,6,0,0,-2,0,-1
1514892929359201,0,-2,-4,1,0,0,0,-2
1514892929359201,0,-1,2,-1,-3,0,-1,-1
1514892929366706,-1,-1,-14,-1,0,-3,0,0
1514892929366706,0,-1,6,-4,-1,0,0,0
1514892929367707,-1,-1,-9,-4,-5,-2,-2,1
1514892929367707,-1,1,3,4,2,-1,0,-3
1514892929389221,0,-3,-7,-1,-2,1,-2,-1
1514892929389221,0,-1,4,-2,-3,0,-1,-2
1514892929390241,-1,0,2,0,1,0,-1,-2
1514892929390241,-1,-1,-2,0,-1,-1,-2,-2
1514892929412237,-1,-1,-5,-4,0,1,-1,-1
1514892929412237,-3,-3,3,-1,0,-3,-1,-1
1514892929413238,-1,-3,-5,-2,0,-2,-1,0
1514892929413238,-1,0,0,-3,-3,-1,-1,-1
1514892929426748,-2,0,1,0,0,1,-3,-3
1514892929426748,-1,-2,1,-2,-3,-1,-1,0
1514892929427249,0,0,0,3,-1,-1,-1,-3
1514892929427249,0,-1,-4,-3,-1,-1,0,-2
1514892929449264,-1,0,0,-2,-1,-1,-2,-2
1514892929449264,-2,0,-2,-2,1,1,0,0
1514892929450265,-2,-3,-3,-2,0,0,-2,-2
1514892929450265,-1,-2,-3,-2,-2,-2,-2,0
1514892929472289,1,0,-1,-1,0,1,-1,0
1514892929472289,-1,-1,2,1,0,-3,-1,-1
1514892929473281,-1,0,-1,1,1,-2,0,1
1514892929473281,-1,-1,-4,-2,0,1,-2,-2
1514892929486790,-2,-1,2,-2,-2,-2,-1,-3
1514892929486790,-1,-2,-2,1,-1,-1,-1,-2
1514892929487291,-1,-1,-1,-1,-1,0,-1,0
1514892929487291,0,0,-1,-1,-1,-2,-1,0
1514892929509315,-3,-2,-2,0,-2,0,1,-2
1514892929509315,-1,-1,1,-1,-1,0,-1,-2
1514892929509806,-1,-2,-1,0,-2,-1,0,-2
1514892929509806,-1,0,-1,-3,0,-3,-1,-1
1514892929532322,-2,1,-2,-1,-1,-1,-1,-1
1514892929532322,-1,-2,-2,-2,-1,1,-1,-1
1514892929533335,-3,-1,-2,-2,-1,-2,-2,-2
1514892929533335,0,1,0,-1,-2,-1,-2,0
1514892929546833,-4,-4,-2,-3,-2,-3,-1,-4
1514892929546833,-3,-3,-3,-1,-1,0,-1,-1
1514892929547334,1,-1,0,-1,0,-1,1,1
1514892929547334,-2,0,-1,-1,0,-3,0,0
1514892929569358,-1,-1,-3,-1,-1,-2,-3,-1
1514892929569358,0,0,0,-1,-2,-1,0,-2
1514892929569858,1,1,-2,-1,-2,0,-1,-2
1514892929569858,-1,-2,-1,0,-3,0,-1,-1
1514892929592377,0,-2,0,-1,0,-1,0,-1
1514892929592377,0,-1,0,0,-1,0,-1,-1
1514892929593365,-2,-3,-2,-2,0,-2,1,0
1514892929593365,0,0,-1,-2,-2,-1,-1,-1
1514892929606874,0,0,-1,-1,-1,1,-1,0
1514892929606874,-1,-1,0,0,-1,-1,0,-1
1514892929607376,0,0,-2,-1,-1,0,-2,-1
1514892929607376,-1,0,-1,-1,-1,-2,-1,-2
1514892929629391,-1,-1,-1,0,-1,-1,-2,0
1514892929629391,-2,-1,-1,0,-1,-2,0,-2
1514892929629891,1,-1,-1,-2,-1,0,-1,0
1514892929629891,-1,-2,-3,-4,-2,-2,-1,-2
1514892929652907,-2,1,-1,-1,-1,-1,-2,-1
1514892929652907,-1,-2,0,-1,-2,-1,-1,-1
1514892929653407,-2,-2,0,0,0,0,-1,-1
1514892929653407,-1,-1,1,-1,0,-1,-1,-2
1514892929665926,-1,-2,0,-2,-3,-1,-1,-2
1514892929665926,0,-4,0,-2,0,-1,-2,-2
1514892929674423,-2,-3,0,-1,-2,-1,-2,-2
1514892929674423,-3,-1,-2,-1,0,-3,-1,-1
1514892929689452,0,-2,-3,-1,-2,-2,-1,0
1514892929689452,-1,-1,-2,0,0,-1,-1,2
1514892929689935,-1,-1,0,0,-1,-1,-1,-1
1514892929689935,-1,-1,-1,-1,0,1,0,-2
1514892929712451,-2,-1,-1,-2,-2,0,0,-1
1514892929712451,-2,0,-1,-2,1,-1,0,-2
1514892929712950,0,-1,-2,1,0,-2,-1,-2
1514892929712950,-1,0,-2,0,0,-2,0,0
1514892929726961,0,-1,-1,-1,-1,-1,-1,-2
1514892929726961,1,-3,-2,-2,-3,-1,-2,-1
1514892929727461,-3,-1,-2,0,-2,-1,-1,-2
1514892929727461,-2,0,0,-1,-1,-1,-1,0
1514892929748984,0,-2,-2,0,0,1,0,0
1514892929748984,-2,-2,-3,-2,0,-5,-2,0
1514892929749977,-1,-1,-2,-2,1,-2,-1,1
1514892929749977,0,-1,-2,-1,-1,-2,-2,-1
1514892929772494,0,0,0,-2,0,-1,-2,0
1514892929772494,0,-2,-1,-1,-2,-1,-1,0
1514892929772993,0,-1,-1,0,-1,0,-1,-1
1514892929772993,0,1,-1,1,-1,2,-1,-1
1514892929786514,-1,1,-3,-2,-2,-2,-1,-1
1514892929786514,-3,-3,-1,-1,-2,0,-1,0
1514892929788504,-2,-2,-2,-2,-2,-1,0,-1
1514892929788504,0,-1,-1,-1,-3,-1,1,0
1514892929809018,0,-2,0,-1,0,-1,-1,-3
1514892929809018,0,-1,-1,-1,-1,-1,-3,-1
1514892929811020,-2,1,-2,-1,-1,0,-1,-2
1514892929811020,-1,-1,-3,-1,-1,-2,0,0
1514892929840040,-2,-1,0,-1,-2,-1,1,0
1514892929840040,-2,-1,-1,-1,-2,0,-1,0
1514892929841044,0,1,0,0,1,0,-1,-1
1514892929841044,-1,0,-1,-2,-1,-1,-2,-1
1514892929846047,-3,0,-1,-1,-2,-2,-3,-1
1514892929846047,0,0,0,0,2,-1,0,-3
1514892929854049,0,-1,-1,0,0,-1,0,-1
1514892929854049,-1,-1,-1,-1,-2,0,0,-1
1514892929870562,-1,-2,-2,-1,0,-1,-1,-1
1514892929870562,0,-1,0,-1,-2,0,-3,-1
1514892929871567,-1,0,-2,-2,-2,-3,0,-2
1514892929871567,-1,-1,-2,-1,1,-2,-1,-1
1514892929892612,-1,-2,-1,-2,-2,-1,-1,0
1514892929892612,-1,-1,-2,-1,0,-1,0,-2
1514892929893078,-2,0,-1,-1,0,0,-2,-1
1514892929893078,-1,-1,0,-1,-1,-2,-3,0
1514892929906088,0,-2,-1,-2,1,-1,1,-2
1514892929906088,-2,-2,-2,-1,0,0,-1,0
1514892929914093,3,-1,1,-2,-1,0,-1,1
1514892929914093,1,1,-1,0,-2,1,-1,-1
1514892929929603,0,-1,-1,-2,-1,0,-2,0
1514892929929603,0,-2,-1,-1,-3,-1,-2,-1
1514892929936620,-2,-1,-3,-1,0,1,-1,-2
1514892929936620,-2,0,0,-2,-1,-2,-1,-2
1514892929952119,0,0,-1,0,0,-1,0,-1
1514892929952119,-2,0,-2,1,0,-1,-1,-3
1514892929953120,-3,0,-1,-2,-3,-2,-1,-1
1514892929953120,0,0,-2,-2,0,-2,0,-2
1514892929966142,-1,-1,-2,-2,-1,-1,0,-1
1514892929966142,0,-2,0,-1,-1,-1,-1,0
1514892929974135,-1,0,-1,0,0,-1,-3,1
1514892929974135,-2,-2,-2,-1,-1,-1,-1,-1
1514892929989646,0,0,-1,0,-3,-2,-2,0
1514892929989646,-1,-1,-1,0,-1,-2,-1,-1
1514892929990147,0,-1,0,-1,-1,-1,-2,-2
1514892929990147,-1,0,-1,-1,-2,0,-2,-1
1514892930012161,-2,-1,-3,0,-1,-1,-1,-1
1514892930012161,-1,-2,1,-1,-1,-1,0,-3
1514892930013162,-1,-1,-1,0,-1,-1,-1,0
1514892930013162,-2,-1,-1,-2,-2,-1,-3,-1
1514892930026181,-1,-2,-2,-1,-2,0,-2,-1
1514892930026181,1,-2,-3,-2,-2,-1,-3,-1
1514892930034187,0,-2,-1,0,-2,-1,0,-2
1514892930034187,-2,-1,0,-1,0,-1,2,0
1514892930049688,-1,1,0,-1,0,-3,-2,-2
1514892930049688,-1,-2,0,-1,0,0,1,-1
1514892930050698,0,0,0,-2,-1,0,-1,-1
1514892930050698,0,-1,0,0,-3,0,0,-1
1514892930072707,-2,-1,1,-1,-1,-1,-1,-1
1514892930072707,-1,-2,-1,-2,-1,-1,1,0
1514892930073205,0,-1,0,-1,-1,-1,0,-1
1514892930073205,-1,0,-1,0,0,-2,-3,1
1514892930086214,-2,-2,-1,-2,0,0,-2,0
1514892930086214,-1,-1,-2,0,-1,-1,0,-1
1514892930093730,-2,0,-1,-1,-1,-1,0,0
1514892930093730,-2,-1,0,-1,-1,0,-1,-2
1514892930109231,-1,-2,-1,0,-1,-1,-1,-1
1514892930109231,0,-2,-1,-1,-2,-2,-1,0
1514892930110231,-1,-1,-1,-1,-1,0,-1,0
1514892930110231,1,2,-2,-2,-1,-1,-1,-2
1514892930132246,0,-2,-1,-4,0,0,0,-1
1514892930132246,-3,-1,0,0,-1,0,-2,-1
1514892930133247,-3,-1,-2,0,0,-2,-2,-2
1514892930133247,-1,-1,-2,-2,-1,-2,-1,-2
1514892930156267,-3,-2,0,0,-1,-2,0,-1
1514892930156267,-2,0,-3,-2,-1,-2,-2,-2
1514892930156764,-1,0,1,0,2,-1,-1,1
1514892930156764,-2,0,-1,0,0,0,1,-3
1514892930169273,1,0,-2,-1,-2,-1,-1,-1
1514892930169273,-1,-1,-1,-2,0,0,-2,-2
1514892930170774,-3,-3,-2,-4,-4,-4,-3,-3
1514892930170774,-2,-1,-1,-1,0,-2,-2,0
1514892930192289,0,-1,-1,-1,0,-1,-1,-1
1514892930192289,-2,-2,-1,-1,-1,0,0,-1
1514892930193290,0,0,-3,-3,-2,0,-2,-1
1514892930193290,-1,0,-1,-1,0,-1,-1,0
1514892930214804,-1,-3,-2,-3,0,0,-1,-1
1514892930214804,1,-3,0,0,-1,0,-1,0
1514892930216806,0,-1,0,0,0,-2,1,0
1514892930216806,-1,0,-2,0,0,-1,-1,0
1514892930229314,0,1,2,-2,0,-3,-2,-2
1514892930229314,0,-2,-1,-1,-2,0,-1,2
1514892930229816,-1,-1,-1,-1,-3,-1,1,-2
1514892930229816,-1,-1,-1,-1,-3,-2,-2,-1
1514892930252334,-2,-3,-3,1,-1,-1,-2,0
1514892930252334,0,-1,-1,-1,-2,-1,-1,-1
1514892930253346,-1,0,0,-1,0,0,-3,0
1514892930253346,0,-2,-3,-2,1,-1,0,-1
1514892930274846,-1,-4,-3,0,-1,0,-1,-2
1514892930274846,0,-1,-1,0,-1,-3,-1,-1
1514892930275847,-1,0,-2,-1,-1,-2,0,-1
1514892930275847,0,0,-1,-1,0,0,1,-1
1514892930297362,-1,-1,-2,-2,-3,-1,0,-1
1514892930297362,-3,-1,-2,-2,0,-1,-1,-1
1514892930298363,0,1,0,0,0,-1,-1,0
1514892930298363,-1,-2,0,0,-1,-3,-3,0
1514892930313375,0,-1,0,0,-1,-3,0,-2
1514892930313375,-2,-2,1,-2,-2,0,-1,-1
1514892930315376,-1,-1,-1,0,0,-2,-2,-1
1514892930315376,-1,2,0,0,-4,-1,-1,0
1514892930334889,0,0,-1,-1,-1,-2,-1,-1
1514892930334889,-1,-1,-1,-2,-1,-2,-3,-1
1514892930336390,-1,0,0,-1,-1,-1,0,0
1514892930336390,0,-1,1,-3,0,-1,-1,-1
1514892930349399,-1,-1,-2,-1,-2,-3,-1,0
1514892930349399,-2,-2,-3,-2,-1,0,-1,-2
1514892930349900,-2,-2,-1,1,0,0,0,-1
1514892930349900,-1,0,-1,-2,-2,1,-2,-1
1514892930371424,-2,-1,-1,0,-2,0,0,1
1514892930371424,-1,0,-1,0,-1,-1,-2,-2
1514892930379421,-1,0,-1,0,-1,-1,0,-1
1514892930379421,-1,0,-2,-2,-1,-2,-1,-1
1514892930402503,-1,-2,-1,-2,1,0,-2,-1
1514892930402503,0,-2,-4,-1,-2,-2,0,1
1514892930409992,0,-1,-2,-2,0,-2,-2,-1
1514892930409992,1,1,1,-2,0,-3,-1,-1
1514892930411494,-3,-4,-2,-2,-1,-2,-3,-3
1514892930411494,-3,-3,0,-1,-1,-2,0,-2
1514892930425015,-1,0,-2,-1,-3,-1,0,-2
1514892930425015,-2,-1,-2,0,-2,0,-2,-1
1514892930432508,0,-3,-1,-3,0,-2,-1,-2
1514892930432508,-1,0,-1,0,0,-1,0,-1
1514892930434009,0,1,-1,-1,0,1,-2,-2
1514892930434009,0,0,-1,0,-1,0,0,-1
1514892930455027,-1,-2,1,-3,1,1,-2,-1
1514892930455027,-2,-3,-2,0,-1,1,0,-1
1514892930456527,0,0,-1,-1,-2,1,-2,1
1514892930456527,1,-1,-3,-1,-1,-1,-2,-1
1514892930469035,-1,-2,-1,-1,-2,-1,-1,-1
1514892930469035,-1,-3,0,0,-1,-3,-1,-3
1514892930477541,-2,-2,-1,-1,0,-1,0,-2
1514892930477541,-2,-2,0,0,-2,-1,-2,0
1514892930492558,-1,-1,-1,-1,-4,-1,0,-1
1514892930492558,0,0,1,0,-1,0,-2,0
1514892930494064,-1,-1,-1,-2,-2,0,-1,-2
1514892930494064,0,1,-1,-2,-1,-1,0,0
1514892930514576,-1,-2,-1,1,0,0,-1,-1
1514892930514576,-2,-2,-1,-2,-1,1,-1,-1
1514892930516590,-2,0,-1,-2,-2,-1,-1,-1
1514892930516590,-2,-1,-1,-2,-1,-1,-1,-1
1514892930528576,0,-1,-1,1,-1,-2,-1,-1
1514892930528576,-1,-2,-1,-2,-1,-2,-1,-2
1514892930538084,-1,0,0,-1,-1,-3,-1,-3
1514892930538084,-1,-1,-1,-2,0,0,0,-2
1514892930552107,-2,-1,-1,0,-1,0,0,0
1514892930552107,0,-2,0,0,-2,0,-1,1
1514892930554095,-1,0,-3,-1,-2,-2,0,0
1514892930554095,-2,-1,-1,-2,-1,-1,-1,-1
1514892930575118,0,-1,-2,-2,-1,-3,0,-1
1514892930575118,1,-2,-3,-2,0,-1,-1,-1
1514892930576619,2,0,-2,-1,-1,-1,-2,-1
1514892930576619,0,0,-1,-1,-2,-1,-2,0
1514892930589120,-1,-1,-2,0,-1,0,-2,0
1514892930589120,-4,-2,-1,-1,-3,-2,-1,-2
1514892930597637,1,-1,1,-2,0,0,-1,-1
1514892930597637,0,0,-3,-1,-1,0,-2,-1
1514892930613146,1,-2,-1,-3,1,1,-1,-1
1514892930613146,-1,0,-1,-1,1,-2,0,-2
1514892930616139,-2,0,-1,0,-2,-1,0,-2
1514892930616139,0,-1,-2,-1,-1,0,0,-1
1514892930634660,-3,-1,-2,-1,-1,-1,0,0
1514892930634660,-1,-1,0,-1,0,0,-1,0
1514892930636652,-1,1,0,0,0,-1,-2,0
1514892930636652,-3,-1,0,-1,0,-1,-1,-2
1514892930648661,-1,-3,0,0,-3,-5,-2,-2
1514892930648661,0,-3,-1,-2,-2,-2,-2,-2
1514892930657668,0,0,-1,0,-1,-1,0,-3
1514892930657668,-1,1,-1,-1,-1,-2,0,-1
1514892930672178,-1,-2,-2,-1,-1,-1,-2,0
1514892930672178,-2,-2,-2,0,-2,-2,0,-1
1514892930674179,-1,-1,-2,0,0,-1,-1,1
1514892930674179,-1,-1,0,1,-1,0,-2,0
1514892930702200,-1,-2,-1,-1,0,0,0,-2
1514892930702200,0,-2,0,0,-2,0,-2,-2
1514892930704705,-3,0,0,-3,-2,0,0,-2
1514892930704705,-1,-1,0,-2,-2,0,-2,-2
1514892930708714,-2,-1,-1,-1,0,-2,-1,-2
1514892930708714,-1,-1,-1,1,0,1,0,-2
1514892930717723,-2,1,-4,0,-1,-3,-1,-2
1514892930717723,0,-1,-2,-1,0,-1,-1,0
1514892930732229,-1,-1,-2,-2,-2,-1,-3,0
1514892930732229,0,-1,0,-1,-1,0,-1,0
1514892930733735,-1,-3,1,-1,-1,-2,-2,-1
1514892930733735,0,0,-1,-2,0,-2,-2,-1
1514892930754745,0,-2,-1,-3,-3,-1,0,-1
1514892930754745,-2,-2,-2,0,0,-1,0,-2
1514892930756737,-1,0,-1,-1,0,-2,0,-1
1514892930756737,-1,-1,-1,-1,0,-1,-1,-1
1514892930768755,0,-2,-1,-2,0,1,0,0
1514892930768755,-2,-3,0,-1,-1,-1,0,0
1514892930777762,-1,-1,-2,0,-2,-1,-1,-2
1514892930777762,-2,0,-2,-2,-1,-3,-1,-3
1514892930792272,1,-2,-1,1,-1,0,-1,0
1514892930792272,-1,-2,-1,-2,0,-3,-2,-2
1514892930794284,-1,0,-1,-1,0,1,-2,-1
1514892930794284,0,-1,0,-3,-1,0,-1,1
1514892930814788,-2,-1,-1,-1,-1,-4,0,-2
1514892930814788,-1,-2,-2,-1,-1,0,-1,1
1514892930816288,-2,-1,-1,0,0,0,-1,0
1514892930816288,0,0,-2,-1,-1,-1,0,-1
1514892930828789,-1,-3,-2,-2,0,-1,-1,-2
1514892930828789,0,-2,-3,-1,-1,-1,-2,-1
1514892930838297,-1,0,-2,-2,-3,-2,-1,0
1514892930838297,-2,0,-2,-2,-2,0,-2,-1
1514892930852319,0,-2,-1,0,-2,-1,-2,0
1514892930852319,-1,-2,-1,-3,1,-2,-1,0
1514892930853805,-2,0,-1,0,-1,-1,0,-1
1514892930853805,-3,-1,0,0,-2,-4,-1,-1
1514892930873829,-3,-1,-1,2,-1,-2,1,-3
1514892930873829,-2,-4,0,-1,-2,-2,-1,-2
1514892930882325,-1,-1,-2,-1,0,-1,-1,0
1514892930882325,-2,-1,-1,-2,0,0,-2,-1
1514892930888831,1,-2,0,-1,-1,0,-2,0
1514892930888831,-1,-2,-1,-1,-2,1,-1,0
1514892930897336,0,1,0,-3,-2,0,-1,0
1514892930897336,0,1,-1,0,-1,-1,0,-2
1514892930912357,-2,-1,-2,0,0,-1,1,0
1514892930912357,1,-1,-1,0,-2,0,1,-1
1514892930913858,0,-1,0,0,-1,1,-2,0
1514892930913858,0,0,-1,-2,0,0,-2,0
1514892930934874,-2,-2,-2,-3,-3,0,-1,0
1514892930934874,-1,-2,0,2,0,-2,0,0
1514892930936364,0,-1,-1,-1,1,-1,-1,-1
1514892930936364,-1,0,-2,0,-1,0,-1,-1
1514892930957879,-3,-2,-1,-2,-2,0,-1,-2
1514892930957879,-2,-3,-1,0,-1,-2,-1,-1
1514892930959381,0,-1,0,-3,-1,-2,0,-2
1514892930959381,0,-1,0,1,-2,-2,-1,-1
1514892930979910,-1,-1,0,-2,-1,-1,0,-2
1514892930979910,-2,-3,-1,-1,-2,-1,-1,-2
1514892930981397,-1,2,-1,-1,-1,-3,-2,0
1514892930981397,-2,0,-2,-2,-1,-1,0,1
1514892930995412,-1,-2,-2,-1,-1,-2,0,-1
1514892930995412,1,-2,-1,-1,-2,-1,-2,-1
1514892930996407,0,-2,-3,-1,0,-2,0,-3
1514892930996407,-1,1,-1,-2,0,0,-1,-2
1514892931017423,1,-1,-2,-2,0,-2,0,0
1514892931017423,-1,0,-1,1,0,-1,-2,0
1514892931018923,-2,-1,1,-2,-3,-1,-1,-2
1514892931018923,0,-1,-1,0,-2,-1,-1,-1
1514892931032444,-2,-3,-1,-1,0,0,-3,1
1514892931032444,-2,-2,-3,-3,0,-2,-1,-2
1514892931033950,-2,-2,0,-1,-1,1,-1,-2
1514892931033950,-3,0,-2,-2,-1,0,0,-3
1514892931054948,0,-2,-1,-1,1,-1,-2,-1
1514892931054948,1,-3,0,0,-2,-1,-1,-1
1514892931056453,-1,0,-2,-1,-1,0,-2,0
1514892931056453,-1,-1,1,-1,-2,-1,-2,-2
1514892931068459,0,0,-1,-2,-2,-1,-2,-2
1514892931068459,-3,-2,-1,0,-1,-2,1,0
1514892931077964,0,0,-2,0,-2,-3,-2,-2
1514892931077964,-2,-3,-1,-2,-1,0,0,0
1514892931092976,-1,-2,-2,-1,-1,-1,-1,-1
1514892931092976,-3,0,-2,-1,-2,-1,-2,-1
1514892931094980,0,-2,-2,-1,-2,-1,0,-2
1514892931094980,0,-1,-2,-1,-1,-2,-1,0
1514892931114992,-1,-3,0,-1,0,-1,-2,1
1514892931114992,-2,-2,-1,-1,0,1,0,-1
1514892931116492,0,0,0,-3,-3,-1,0,-1
1514892931116492,0,3,-2,-1,-1,-1,-2,-3
1514892931137508,-1,0,0,-1,0,0,0,-2
1514892931137508,0,-3,0,0,0,-1,0,0
1514892931139009,-1,1,-2,2,-1,-1,-1,1
1514892931139009,-1,-1,-1,-1,-2,-1,-2,0
1514892931152521,-1,-3,-2,-1,-2,-1,0,-1
1514892931152521,-2,-1,-2,-3,-1,0,0,-3
1514892931154018,-2,-1,0,-1,0,-2,-1,0
1514892931154018,0,-1,-1,0,-2,-2,0,-1
1514892931175033,-1,-2,-1,0,-1,-1,0,0
1514892931175033,0,-3,1,0,0,-1,-2,-1
1514892931176534,-3,1,-2,-2,-1,0,-2,1
1514892931176534,0,1,-1,-1,-1,-1,-1,-2
1514892931197549,0,-2,-1,-1,0,-2,1,-1
1514892931197549,0,-2,-3,-1,0,-2,0,0
1514892931199051,0,-2,-2,-1,-3,-1,-1,-2
1514892931199051,0,-2,-1,-1,-1,-1,-2,0
1514892931213062,-1,-2,0,-2,-1,-1,-1,-1
1514892931213062,-1,-3,-1,-1,0,-1,0,-1
1514892931216566,-1,0,-2,-1,-1,-1,-1,-3
1514892931216566,-1,-2,0,-1,0,-1,-1,-3
1514892931235075,-3,-2,-1,-1,-2,-2,-2,-2
1514892931235075,-2,-1,2,0,1,-1,-2,0
1514892931236576,0,-1,-1,-2,0,-2,0,3
1514892931236576,-1,1,-3,-2,0,1,7,6
1514892931257597,1,-1,-3,1,-2,0,2,0
1514892931257597,-1,-3,-2,-1,-2,-1,-7,-3
1514892931260095,0,-1,0,-1,0,0,4,4
1514892931260095,-2,0,1,-3,-2,-1,-2,-6
1514892931271601,-1,-2,0,-3,-1,-3,-7,-2
1514892931271601,-2,0,-2,-2,-2,1,1,-2
1514892931279109,0,-1,-2,-2,0,0,-2,-2
1514892931279109,-1,0,0,-1,0,-1,0,2
1514892931295619,-1,-3,-1,-1,-2,1,0,-4
1514892931295619,-2,-3,0,-1,-2,-1,-2,-2
1514892931297120,-1,0,-1,-1,-1,-2,-3,-2
1514892931297120,-1,2,-1,0,-2,-1,0,-1
1514892931318134,-1,-1,-2,-1,1,-1,0,-1
1514892931318134,0,1,-2,-1,-1,-1,0,0
1514892931321637,0,-2,-1,0,-1,1,2,-1
1514892931321637,-1,0,-1,-2,-1,-1,-3,-5
1514892931331644,-1,-2,-2,1,-3,-1,-2,-1
1514892931331644,-2,-1,-2,0,-1,-2,1,1
1514892931339151,-2,0,-1,-2,-2,-3,-2,-2
1514892931339151,0,-1,-2,-1,-1,-2,-3,-2
1514892931356162,-1,-1,-1,-2,-2,0,0,0
1514892931356162,-1,-2,0,-3,0,-1,1,-1
1514892931359663,-3,0,0,-1,0,-1,-4,-3
1514892931359663,-2,-1,0,-2,-3,0,-2,-1
1514892931377680,-2,-2,-1,-2,0,-1,-1,0
1514892931377680,-2,-1,-2,-1,-1,-1,0,-2
1514892931379179,-1,0,-1,-2,-1,0,-2,-3
1514892931379179,0,-3,-1,-1,1,0,0,-1
1514892931392189,-1,-2,0,-1,-2,-3,-1,0
1514892931392189,0,-3,-1,-1,0,-2,-2,-2
1514892931398690,-3,1,-1,0,-2,-2,-3,-1
1514892931398690,0,0,-1,0,-2,-2,-2,-1
1514892931423210,0,-2,-1,-2,-1,-1,0,-1
1514892931423210,0,-2,-1,-1,-3,0,-1,0
1514892931424712,-1,-1,-2,-2,-1,-1,-1,-2
1514892931424712,-3,0,-3,1,-2,-2,-2,-1
1514892931437218,-1,-2,0,0,-1,-1,-1,0
1514892931437218,-1,-2,-1,-2,1,-2,0,-1
1514892931439220,-1,-1,0,-1,0,-1,-1,-1
1514892931439220,1,4,-2,0,-1,-2,-2,-2
1514892931451729,-2,-2,0,-2,-1,0,-1,0
1514892931451729,-2,-2,-1,0,-1,-1,1,0
1514892931458734,0,1,-2,-1,-2,-1,-1,1
1514892931458734,-1,0,-1,-3,0,-1,-1,0
1514892931474756,-1,-1,-2,-2,-2,-2,-2,0
1514892931474756,-1,-1,1,-1,0,0,0,-2
1514892931476251,-1,-1,-1,0,-1,-1,-1,-1
1514892931476251,0,0,-1,-2,-1,0,0,0
1514892931497275,-1,-2,-1,0,-1,0,-2,-2
1514892931497275,-1,-1,-3,0,-1,-1,-1,-2
1514892931498762,-1,-1,-2,0,-2,-1,-1,-1
1514892931498762,-2,0,-2,0,2,-2,-1,-2
1514892931519786,-1,-1,0,0,-1,0,-1,-1
1514892931519786,1,-2,-1,-2,-3,-1,-3,-2
1514892931521292,0,-2,-1,-2,-2,-1,-1,-1
1514892931521292,0,-2,-3,0,-2,-1,0,-2
1514892931535288,-1,-2,-2,0,-2,0,2,1
1514892931535288,-2,-2,0,-1,0,-2,0,1
1514892931537798,-1,0,0,-1,-1,-1,-1,-1
1514892931537798,-2,0,-1,-1,-1,1,0,-1
1514892931557302,-2,-3,-3,-2,-1,-1,0,-1
1514892931557302,-1,-1,-2,-1,-2,0,-1,0
1514892931559805,0,0,-3,-4,0,1,-1,-1
1514892931559805,-1,0,0,-2,0,-1,-2,0
1514892931571824,0,-3,-2,0,-2,-1,-1,-2
1514892931571824,-1,-3,-3,-1,-2,0,0,0
1514892931578327,0,-1,0,0,-2,0,0,-2
1514892931578327,-1,-1,0,0,-1,-1,-1,-1
1514892931594829,-1,0,0,-1,0,-1,-2,-1
1514892931594829,0,-3,0,-1,0,-2,-1,-1
1514892931596331,0,0,-2,-1,-2,1,0,-1
1514892931596331,0,-1,-3,-2,-3,-2,-1,0
1514892931617358,0,-2,-1,1,1,-2,-1,0
1514892931617358,-1,-4,-1,-1,-1,0,-2,-2
1514892931618861,0,0,0,0,1,-1,-2,-1
1514892931618861,1,-1,-1,-2,-2,-3,-2,-1
1514892931630866,-1,-3,0,-2,1,-1,-1,-2
1514892931630866,0,-1,-2,0,-1,-1,0,-1
1514892931639863,-3,2,-1,-1,-1,1,0,1
1514892931639863,0,-1,-2,0,-2,0,-2,-1
1514892931655388,-2,-1,-1,-2,-2,-2,-1,-4
1514892931655388,-2,-2,-1,-1,0,0,-1,1
1514892931657886,0,-1,-2,-2,-2,-1,-2,0
1514892931657886,-1,0,-1,0,-1,-1,-1,-1
1514892931677403,1,-2,-3,1,0,-2,1,0
1514892931677403,-1,-2,0,-1,-1,-1,-1,-1
1514892931678903,-2,-1,-1,-1,0,0,-1,-1
1514892931678903,-1,-1,-2,-2,-2,-3,-1,-3
1514892931690907,-2,-2,-2,1,-3,0,-1,-3
1514892931690907,1,-2,-1,-1,-1,-1,1,5
1514892931699910,0,0,0,-1,-3,0,-1,-1
1514892931699910,0,0,0,-1,-1,-1,1,-1
1514892931714915,-2,-2,-1,-1,0,-1,-1,-3
1514892931714915,0,-1,0,-1,-1,-1,-1,-2
1514892931716428,-2,0,-2,-2,-1,0,-1,-2
1514892931716428,-2,0,-1,-2,-1,1,-2,1
1514892931737430,-1,-2,-1,-1,-1,-1,-2,1
1514892931737430,-1,-2,-2,1,-2,-3,-1,-1
1514892931738933,0,-1,-2,-2,-1,-3,0,1
1514892931738933,-1,0,0,-2,-1,0,-1,-2
1514892931750943,-3,-2,1,-1,-1,1,1,0
1514892931750943,-2,-4,-1,0,0,-1,0,-1
1514892931765951,-1,-2,0,0,-1,-1,-1,-2
1514892931765951,-1,0,-3,-2,-2,-2,-2,-2
1514892931773956,0,0,0,-2,-2,-1,-2,-1
1514892931773956,-2,-1,-1,-2,0,-1,-2,-2
1514892931782474,-2,1,-1,0,-1,-1,-2,1
1514892931782474,-1,-2,-2,-1,0,-2,1,1
1514892931797485,-1,-1,-3,0,-1,0,-2,-2
1514892931797485,-2,-3,0,-1,-3,-1,0,-1
1514892931798986,1,0,-2,-1,-2,-1,0,0
1514892931798986,-1,1,-3,-2,-2,-2,-1,0
1514892931811492,0,-2,-1,-2,0,-2,-1,0
1514892931811492,-2,-2,-1,-1,0,-1,-1,-3
1514892931819998,-1,-3,-2,-2,0,1,-1,-3
1514892931819998,-2,-1,-1,-2,-2,0,-2,-1
1514892931835009,-1,-1,0,0,0,-1,-1,-1
1514892931835009,-1,0,-1,-1,-2,0,-1,-2
1514892931836510,-1,1,0,-2,-1,-3,1,-1
1514892931836510,-1,-2,-2,1,0,-1,-2,-1
1514892931857515,0,-2,-1,-1,-2,-2,0,-1
1514892931857515,0,-1,-2,-3,0,-1,-2,0
1514892931859017,-1,-2,-1,-2,1,-1,-1,-1
1514892931859017,-2,1,-1,-1,-1,-1,-1,0
1514892931871037,-2,-3,0,-1,-1,-2,-1,-1
1514892931871037,-1,-2,-1,1,-2,-2,-1,0
1514892931880041,-4,0,-1,-1,-1,0,-3,0
1514892931880041,-2,2,-2,-1,-2,-1,0,-1
1514892931895041,0,-3,-2,0,-3,-1,0,-2
1514892931895041,1,-1,0,0,0,-1,-1,-2
1514892931896542,-1,-3,0,0,-1,-2,-2,-2
1514892931896542,-1,-2,0,-2,0,-1,-1,-1
1514892931917067,-1,0,0,-1,-1,1,0,1
1514892931917067,-2,-3,-3,0,-1,1,-1,-3
1514892931919068,1,0,-1,0,0,-1,1,-1
1514892931919068,-4,-1,-2,-2,-2,-1,-1,-1
1514892931931076,0,-2,-1,-1,-2,-2,-1,-1
1514892931931076,-2,-2,-2,-1,-1,-1,-1,-1
1514892931940079,-1,0,-1,-1,-1,0,-1,0
1514892931940079,1,-2,-1,0,1,-1,-1,-1
1514892931955094,-1,-3,0,-2,1,-2,-1,-1
1514892931955094,-1,-1,-1,-2,-2,-2,0,-1
1514892931956605,-1,-1,-2,-1,-2,-1,-1,-1
1514892931956605,-1,-1,0,-2,0,-1,-1,-3
1514892931977109,0,-1,-1,0,0,0,0,3
1514892931977109,0,-1,0,0,-1,0,-2,-1
1514892931979110,-1,0,-2,-1,-1,-3,-1,0
1514892931979110,-1,-1,-1,-2,-2,-3,-1,-1
1514892931991119,0,-1,-2,0,-2,-2,-1,-2
1514892931991119,-2,-2,-2,-1,-2,-2,0,0
1514892932000168,-1,1,-2,-1,-1,1,0,-2
1514892932000168,-1,-1,-2,-1,-2,0,-2,0
1514892932015670,-1,-1,-2,-2,-2,-1,-2,-4
1514892932015670,0,-2,-2,-1,-1,-1,-1,-2
1514892932019172,-1,0,-1,-1,-1,0,-1,-2
1514892932019172,1,-1,1,-1,-1,0,0,0
1514892932037223,-3,-1,-2,0,-2,-2,-2,-1
1514892932037223,-2,0,0,-1,1,-1,-1,-1
1514892932039688,-1,0,-2,-2,-1,-2,-1,-2
1514892932039688,0,-1,-2,0,-3,0,-1,-1
1514892932059702,-1,-1,-1,-1,0,3,-1,0
1514892932059702,-1,-2,-1,-1,-1,0,-2,-1
1514892932061703,-1,0,-1,1,-2,-2,-2,-1
1514892932061703,-2,0,-2,-2,-1,-1,-1,-1
1514892932074721,-1,-2,-1,-2,0,-2,0,1
1514892932074721,-2,-2,-2,-1,-1,-1,0,0
1514892932076213,-2,-1,-1,-3,-2,0,1,-2
1514892932076213,-1,-2,-1,-1,0,-1,-2,-1
1514892932096236,-1,-3,-1,1,-2,-1,0,-2
1514892932096236,-1,0,0,0,0,-1,-1,1
1514892932105234,1,-1,-1,-1,-2,-2,-1,-1
1514892932105234,0,0,-1,-2,-2,-2,-1,-1
1514892932119752,-1,-3,-3,0,0,-1,-1,-2
1514892932119752,-1,-2,-1,-2,0,0,0,-3
1514892932121254,-2,-2,-1,-3,-1,-1,-2,0
1514892932121254,-2,0,-1,-2,-2,-1,-1,0
1514892932134755,-1,0,-1,-1,-1,-3,1,0
1514892932134755,-1,-3,-1,1,-2,-2,0,0
1514892932136255,0,0,-2,2,1,-1,-1,-1
1514892932136255,0,-3,-2,-2,-1,-1,-1,-2
1514892932157272,-1,-1,0,-1,-1,0,-2,-3
1514892932157272,-2,0,-2,-1,-1,-1,-2,-2
1514892932159271,-1,-2,-2,-1,-2,0,-1,0
1514892932159271,-2,0,-3,-2,-2,0,0,0
1514892932179795,-3,-1,0,0,-1,-2,-1,-3
1514892932179795,-1,-2,-2,-2,0,-1,-1,-2
1514892932181296,-2,0,-2,-1,-1,-3,-2,-1
1514892932181296,-2,-3,0,-1,-1,-1,-2,-1
1514892932194305,-1,-3,-1,-2,-2,-3,-2,0
1514892932194305,-1,1,-1,-1,-1,-1,-2,0
1514892932200810,-2,1,-1,-1,-1,-1,-1,0
1514892932200810,-1,-1,-2,-1,-1,-1,-2,-1
1514892932217321,-1,0,-1,-2,-1,-2,-2,-2
1514892932217321,-2,0,-1,0,-2,-4,-1,0
1514892932218814,0,-1,-1,-1,-2,0,-1,-3
1514892932218814,1,-1,0,0,-1,-3,-1,0
1514892932239832,-1,-3,-1,-1,-1,0,0,0
1514892932239832,-1,0,-1,-2,-1,-1,-1,-1
1514892932241341,-1,2,-2,-1,-2,0,-1,1
1514892932241341,1,0,-3,-2,3,-1,0,-1
1514892932254339,-2,-1,-2,-2,0,-2,-1,-1
1514892932254339,-1,-3,0,0,-1,-1,0,1
1514892932260855,0,-2,0,-2,0,-2,-1,-1
1514892932260855,-2,-1,-3,0,-3,-1,-2,-2
1514892932277354,0,1,-2,0,1,-2,0,-2
1514892932277354,-1,-2,-1,-2,0,1,0,3
1514892932278866,0,-1,-2,-1,-2,0,-1,-2
1514892932278866,-1,0,-2,1,-2,-1,-3,-1
1514892932299880,0,-2,-2,-1,-1,-1,-1,-2
1514892932299880,-1,-2,-1,-1,0,-1,-1,-2
1514892932301381,-1,-1,-1,-1,1,-1,-2,-2
1514892932301381,1,-1,-1,-1,-1,-1,-2,-1
1514892932314399,0,0,0,-1,-1,-1,-1,0
1514892932314399,-1,-2,-2,-1,0,-2,0,-1
1514892932320885,-2,-1,0,-2,-2,-2,-1,0
1514892932320885,-2,0,-1,-1,-2,0,-2,-1
1514892932345403,-1,-1,-2,-2,0,0,-1,0
1514892932345403,-1,1,-1,-1,0,-1,-1,-1
1514892932346904,-2,0,-1,-1,-2,0,0,0
1514892932346904,-1,-2,-1,1,0,-3,0,-1
1514892932358913,-2,-3,0,-1,-1,-1,-1,0
1514892932358913,-1,0,-2,0,-1,0,-2,-1
1514892932367420,-2,1,-1,0,-1,-2,-1,-1
1514892932367420,-1,1,0,-3,-1,-1,0,0
1514892932374433,0,0,0,-1,-2,-1,1,-1
1514892932374433,0,-3,-1,-2,-1,1,-3,-4
1514892932380937,0,-1,-1,-1,0,-1,-1,-1
1514892932380937,-1,-1,-1,-1,0,0,0,0
1514892932397449,-2,-1,-2,-1,-1,-3,-1,1
1514892932397449,-2,-2,1,-2,-1,-1,-1,-1
1514892932398950,-1,0,-2,1,-1,-1,-1,-1
1514892932398950,-2,-2,-2,-2,-1,-3,-2,-2
1514892932419967,-1,-1,-1,0,0,1,-2,-2
1514892932419967,0,0,0,-2,-2,-2,0,0
1514892932421469,-3,-1,-2,-2,0,-1,-2,-2
1514892932421469,-1,-1,-1,-1,-1,0,0,-2
1514892932433966,0,-2,-1,-1,-1,-1,-1,-1
1514892932433966,-1,-1,-1,-1,-2,-2,0,-2
1514892932440970,0,0,-1,0,-1,-1,-2,-1
1514892932440970,-1,-1,-2,-1,-2,0,-1,0
1514892932457482,-3,-2,-1,0,-1,0,-1,-2
1514892932457482,-1,1,0,0,-1,-2,0,-1
1514892932458984,0,1,-2,-1,-2,-1,0,-1
1514892932458984,-2,-4,-3,-1,-2,-2,-1,-2
1514892932480010,-1,-3,0,-2,0,-1,-1,0
1514892932480010,0,-2,-2,-1,-2,-2,-3,0
1514892932481511,0,-1,0,-1,-2,-1,-1,-1
1514892932481511,-1,-1,-2,-1,-2,-1,-1,-1
1514892932494009,0,-2,0,-1,-2,-1,-2,-1
1514892932494009,-3,-1,-3,-3,-1,-1,-1,0
1514892932509019,0,-2,-1,-2,-1,-1,-3,0
1514892932509019,0,-1,-1,0,-2,-2,-1,-1
1514892932517524,0,-2,-1,-2,-4,-2,-2,0
1514892932517524,-1,-1,0,-2,0,-1,1,-1
1514892932519025,-4,-2,0,0,1,-1,0,-1
1514892932519025,-1,-2,-1,-3,2,-2,-2,-1
1514892932540040,-2,-1,-3,-1,-2,-2,-1,-2
1514892932540040,-1,-2,-2,-2,-2,0,-1,-1
1514892932541542,-1,-1,-1,-2,-2,-1,-2,-1
1514892932541542,1,-2,0,1,-1,-1,-1,0
1514892932553553,1,-1,0,0,-2,-2,1,-1
1514892932553553,0,-1,1,1,-1,0,-2,-3
1514892932562558,0,1,0,-1,-1,0,-2,-1
1514892932562558,0,0,0,-1,-2,0,0,-1
1514892932577067,-2,-1,0,-1,-1,-2,-1,0
1514892932577067,-2,0,-1,-1,-3,-1,1,-1
1514892932579069,-1,-1,-2,-1,0,-2,-1,1
1514892932579069,-2,1,-1,-1,-1,0,-1,-1
1514892932599593,-1,-2,-2,0,1,1,-2,-1
1514892932599593,-1,-1,-1,-1,0,-1,1,1
1514892932601605,1,-2,1,-1,-1,-3,-1,0
1514892932601605,-1,-2,-1,-1,-1,1,-1,-1
1514892932614105,-2,-3,-2,-1,0,-3,-1,-2
1514892932614105,0,0,-2,-3,-2,-3,-1,-1
1514892932622602,0,-1,-2,-1,-2,-1,-1,-2
1514892932622602,-2,-2,-2,-2,-1,0,-2,-2
1514892932638111,0,-2,-2,1,-3,0,-1,-1
1514892932638111,0,0,-2,-1,0,0,-1,-1
1514892932639614,-1,-1,-1,-2,-1,-1,0,-1
1514892932639614,0,-2,-1,-1,-1,-2,0,-2
1514892932659625,-2,-2,-1,0,0,0,0,-2
1514892932659625,-2,0,-1,0,0,1,-1,-2
1514892932661626,0,1,-3,0,0,-2,-1,0
1514892932661626,-1,-1,-1,-1,0,-2,-2,0
1514892932673637,0,-2,-2,-3,-2,-1,-1,-1
1514892932673637,0,-2,-2,0,-4,-1,-1,-1
1514892932682142,-1,-1,0,-1,-2,0,-1,-3
1514892932682142,-1,-2,-1,-1,-1,-2,0,-1
1514892932697152,1,-1,-1,0,1,-1,0,0
1514892932697152,1,0,0,-3,-2,-2,-3,0
1514892932699153,-1,0,-2,-2,-1,-1,0,-1
1514892932699153,0,-2,-2,-4,-3,-4,-1,1
1514892932719676,-2,-2,0,-2,-2,-1,-1,-2
1514892932719676,-1,0,0,0,-1,0,-1,1
1514892932721174,-1,-1,-1,-2,-1,0,-1,-1
1514892932721174,0,0,-1,-1,0,-1,-1,0
1514892932733178,-1,-1,-1,0,-1,0,0,-1
1514892932733178,-1,-2,-2,0,-1,-2,-2,-1
1514892932743183,-2,-3,-2,-2,-1,-1,-1,2
1514892932743183,-1,-1,0,-1,-2,0,-2,-1
1514892932757208,-1,-3,0,-1,0,1,-1,-1
1514892932757208,-2,0,-2,-1,-1,1,0,-3
1514892932758696,0,0,-1,-1,-1,-3,-1,-1
1514892932758696,0,-1,-1,0,0,-1,-1,-2
1514892932779719,-1,0,1,0,1,-2,0,0
1514892932779719,-2,-1,1,-2,-1,-1,-2,0
1514892932781211,-2,0,-1,-2,-1,1,-1,0
1514892932781211,-3,-2,-1,-1,-1,1,-1,-2
1514892932793229,-2,-1,-1,0,-2,-2,-1,-1
1514892932793229,-1,0,-1,-1,0,-2,-1,-2
1514892932802233,-1,2,-1,-2,-2,0,0,-1
1514892932802233,-1,-2,-1,0,-1,-1,-1,-1
1514892932817236,-2,-2,0,-1,-1,-1,-2,-1
1514892932817236,-1,0,-1,-1,-2,-3,-2,0
1514892932818738,0,0,-1,-1,-1,-1,0,-2
1514892932818738,-2,-2,-1,-1,1,-2,0,0
1514892932839761,-2,-2,-2,-1,-1,0,-1,-1
1514892932839761,-1,-2,-3,-1,0,-1,0,0
1514892932841266,-1,-2,-1,-1,-3,-1,-1,-3
1514892932841266,-1,0,-1,-1,-4,-1,-1,-2
1514892932853264,-3,-1,-1,-3,-2,0,-2,-1
1514892932853264,-1,0,1,-1,-2,-1,1,-2
1514892932862268,-2,1,-2,-1,0,-2,-1,-1
1514892932862268,0,-1,-1,-2,-1,-1,0,0
1514892932877779,-1,-2,-2,-1,-2,1,-2,-1
1514892932877779,-1,-1,0,0,1,-1,-1,-1
1514892932879280,-2,0,-1,-1,0,-1,-2,-2
1514892932879280,-2,0,0,-1,-1,-1,-1,0
1514892932899808,-2,-1,-2,-2,-2,-3,0,-1
1514892932899808,0,-1,-2,-2,0,-2,-1,0
1514892932901307,0,-1,0,0,0,-1,0,1
1514892932901307,-2,-2,-1,-1,-1,-3,-2,0
1514892932913319,-1,-2,-1,-1,0,0,-2,-3
1514892932913319,-3,-2,-2,-2,-1,1,-2,-2
1514892932922325,0,-1,-2,-2,-1,-1,-2,-2
1514892932922325,0,-1,0,-1,0,0,-1,-1
1514892932937322,1,-1,-1,-1,1,-1,-1,-3
1514892932937322,1,0,-2,-1,-2,-1,-2,-1
1514892932939323,0,-1,-1,-2,-1,0,-2,0
1514892932939323,-3,-4,-1,-1,-2,-1,1,0
1514892932959846,-2,-2,-3,-2,-1,-4,0,0
1514892932959846,-1,-1,-1,-1,0,-1,0,-2
1514892932961347,-1,0,-2,0,-1,-3,-1,-1
1514892932961347,-1,-1,-1,-1,-2,0,-2,-3
1514892932973365,-1,-1,0,0,-2,-1,0,-1
1514892932973365,-1,0,-1,-2,-1,0,0,0
1514892932982352,-1,-1,-1,-1,-1,-1,-2,-1
1514892932982352,-2,0,0,-2,0,-2,0,-2
1514892932996872,0,-1,-1,0,-1,0,0,0
1514892932996872,-1,0,-1,-1,0,-2,-4,-3
1514892933003368,-1,-1,0,-1,-1,-1,-1,-3
1514892933003368,-2,-2,0,-1,-2,1,-1,-2
1514892933019892,0,-3,-1,-1,-1,-2,-1,-1
1514892933019892,0,0,0,-1,-3,-2,1,-2
1514892933021397,-3,0,-1,-1,-1,0,-1,-1
1514892933021397,1,-1,-1,-1,-2,-1,-1,-1
1514892933041404,0,-2,-3,-1,-2,-1,-1,0
1514892933041404,1,0,-1,0,1,-1,-2,0
1514892933049900,0,0,-1,-2,-2,-3,-2,-2
1514892933049900,-1,-3,-4,0,-1,-1,-2,-1
1514892933057436,-2,-2,-2,0,-1,-1,-1,0
1514892933057436,-1,-2,-3,-3,0,-1,0,-1
1514892933058938,-1,-1,0,-2,-3,0,0,-1
1514892933058938,-1,0,-3,-1,-1,-1,0,-3
1514892933079962,0,-2,0,0,-2,0,-1,-3
1514892933079962,-1,-1,-1,1,0,-1,0,0
1514892933081463,0,1,-1,0,0,-1,-2,-1
1514892933081463,1,-3,-2,-1,-1,-1,-3,-1
1514892933102468,-2,-3,0,-1,0,-2,0,-3
1514892933102468,-3,1,-1,0,-2,-3,-1,-2
1514892933103971,-2,0,-1,0,-1,-2,-1,-2
1514892933103971,-1,-2,-1,-1,-2,-1,1,0
1514892933116481,-1,-2,-2,-2,-2,-2,-1,-1
1514892933116481,-1,-1,0,0,-1,0,-2,1
1514892933123491,-2,-1,-2,0,-1,0,-2,-2
1514892933123491,0,-3,-1,0,-1,-1,-2,-1
1514892933139998,-1,-3,-1,-1,0,-3,0,-1
1514892933139998,-1,-2,-2,0,-1,1,0,-2
1514892933141508,-1,0,-2,0,-1,0,0,0
1514892933141508,-1,-1,-1,0,0,0,-1,0
1514892933170031,-1,-3,0,-1,-1,0,0,0
1514892933170031,-2,1,0,0,-1,-2,-2,-2
1514892933171527,-2,1,-2,-2,-1,-1,-1,-1
1514892933171527,-3,0,0,-2,0,0,0,0
1514892933176530,-1,0,-2,-2,1,0,-1,-1
1514892933176530,-1,1,-2,-1,-2,-1,0,-1
1514892933183526,3,-1,-1,-1,-2,-1,0,-1
1514892933183526,1,-2,-1,0,0,-2,0,0
1514892933200037,-2,0,-3,-2,-3,-2,-1,-1
1514892933200037,-2,0,-1,-1,-2,0,0,0
1514892933201539,-1,-1,-2,-2,0,-1,0,-1
1514892933201539,0,-2,-2,-2,-1,-1,-1,-3
1514892933222554,0,1,0,-1,1,-2,-1,-1
1514892933222554,0,-2,0,-2,-1,-1,-1,-1
1514892933224055,0,-3,-1,-2,-1,-1,-1,1
1514892933224055,0,-1,-2,-1,-1,-1,-2,-2
1514892933236580,-1,-2,-1,0,-1,1,-1,0
1514892933236580,0,0,0,-1,-1,-2,0,-1
1514892933243567,-1,1,-1,-2,0,-1,0,0
1514892933243567,-3,-2,-1,-1,-1,0,-1,1
1514892933259589,-1,-3,-1,0,0,0,-2,-2
1514892933259589,-1,0,0,-1,-1,1,0,-2
1514892933261590,-1,1,-1,0,0,-1,0,-1
1514892933261590,-2,-2,-2,-2,-1,-2,-1,-2
1514892933282107,-1,-3,-1,-2,0,-1,-1,0
1514892933282107,-1,-2,-3,0,-1,-1,-2,-1
1514892933283603,-1,-1,-2,0,-2,0,-1,0
1514892933283603,-1,-2,-2,-2,-1,-1,-1,-1
1514892933296615,-1,-2,-1,2,-1,0,-1,-1
1514892933296615,1,0,-1,0,0,-3,-1,-1
1514892933303610,-2,1,1,-1,-1,-2,-2,0
1514892933303610,0,-1,-1,1,-1,-1,0,-1
1514892933319631,0,-1,0,-2,-1,-1,-1,0
1514892933319631,-1,0,-1,-1,-2,1,-2,0
1514892933321633,-1,0,0,-1,-1,0,-1,-2
1514892933321633,-1,-3,0,-1,-3,-1,-1,2
1514892933342142,0,-2,-1,-1,0,-1,0,-2
1514892933342142,-2,1,-2,-1,-1,-2,-1,0
1514892933345139,-2,-3,-3,-2,-1,-1,-1,0
1514892933345139,-2,-2,0,-1,-3,-2,-1,-3
1514892933357149,-2,-2,-3,-1,-1,-1,-2,0
1514892933357149,0,-1,-1,-2,-3,-1,0,0
1514892933363153,0,-1,-1,-1,0,-1,-1,-1
1514892933363153,-1,-1,-3,-1,1,-2,-1,-1
1514892933379664,-2,-2,-1,-1,0,-2,-1,-3
1514892933379664,-2,0,-3,-1,1,0,-1,-3
1514892933381166,-1,0,-1,0,-2,-1,0,-2
1514892933381166,0,-1,0,-1,-2,-1,-2,-1
1514892933402180,-2,-1,-1,0,-1,-1,-2,0
1514892933402180,1,0,-1,-2,0,1,0,-1
1514892933403681,0,0,-2,-1,-3,0,0,-1
1514892933403681,-3,-4,-1,0,-2,-1,-1,-1
1514892933416690,-2,-3,0,-1,-2,-2,0,-1
1514892933416690,-4,0,0,0,-1,-1,-2,-2
1514892933430700,0,0,0,-2,0,-2,-2,-1
1514892933430700,0,-1,-1,-3,-1,-2,-3,-3
1514892933448213,1,-3,-2,0,0,-2,-1,0
1514892933448213,-1,-1,0,0,0,-2,-3,0
1514892933449729,0,1,-2,-2,-1,-1,0,0
1514892933449729,-1,0,-2,-1,0,-1,0,0
1514892933462223,-1,-3,1,-2,-3,-1,-2,1
1514892933462223,-1,-1,-2,-2,-2,-1,0,-1
1514892933463724,1,-1,-2,0,1,-1,0,-1
1514892933463724,0,-3,-2,-1,0,1,0,0
1514892933477233,-3,-1,0,-2,0,-2,-1,-2
1514892933477233,0,-1,-1,-2,-2,-2,-2,-1
1514892933483249,-2,1,-1,-2,0,-1,-2,-1
1514892933483249,0,-1,0,-1,-2,-1,0,-1
1514892933499749,0,-3,-2,0,-1,0,-1,-2
1514892933499749,-2,0,-1,0,-1,-2,-1,-1
1514892933501250,-2,-1,0,-2,-1,-1,-2,0
1514892933501250,-2,-2,-2,-3,-1,-1,-2,-1
1514892933522269,0,-1,-1,-2,-2,-2,0,0
1514892933522269,0,1,-1,0,0,-1,0,-1
1514892933523767,-2,-1,-1,-1,-1,-2,-1,-2
1514892933523767,-2,-2,-1,-1,-1,-1,-2,0
1514892933536289,-3,-1,0,-1,-1,0,0,-2
1514892933536289,-2,0,-1,0,-1,0,-1,-3
1514892933545782,-1,2,-2,-1,-3,-1,-2,-2
1514892933545782,-1,-2,-1,-1,-1,-1,0,-3
1514892933559791,-1,-3,-1,-2,-1,2,-1,-1
1514892933559791,0,-2,-3,-2,-1,1,-2,1
1514892933561293,-1,-1,-2,1,-1,-1,1,-1
1514892933561293,0,-3,0,-1,-1,0,-3,-2
1514892933582319,-1,-2,-1,-1,-2,-2,-1,-1
1514892933582319,0,-1,-2,-2,-1,-2,-1,-1
1514892933583818,-1,0,-1,0,-2,-2,-1,0
1514892933583818,-1,-2,-2,0,-2,-3,0,-2
1514892933595826,0,-2,0,0,-1,-1,0,-2
1514892933595826,-2,0,-1,0,0,-2,-2,0
1514892933604823,-1,1,-2,-2,1,-1,-1,-2
1514892933604823,-2,0,-1,-1,0,0,-1,0
1514892933619834,-1,-2,-1,-2,-1,-1,-1,-2
1514892933619834,-1,-2,-1,-1,0,-2,-1,-2
1514892933621334,0,-3,-2,-1,-1,-1,-1,-1
1514892933621334,-1,-2,-2,0,-1,-1,0,0
1514892933642350,-2,-2,-1,0,0,0,-2,0
1514892933642350,1,1,0,-1,-4,0,-1,1
1514892933643851,-1,0,-2,0,-1,0,-3,-2
1514892933643851,-2,-1,-2,1,-1,-1,0,-3
1514892933655860,-3,-2,0,-3,-1,-3,0,-1
1514892933655860,-1,-1,-1,-1,0,-3,-2,-1
1514892933664866,0,0,0,-2,-1,-2,-1,1
1514892933664866,0,-3,-1,-3,0,1,0,-1
1514892933679889,-1,-1,-1,0,0,-1,1,1
1514892933679889,-1,1,0,-1,0,0,2,-3
1514892933681389,1,-1,-1,-1,0,-2,-1,-1
1514892933681389,0,-4,-1,2,0,-2,0,-1
1514892933702393,-1,-1,-2,0,-2,-2,-1,1
1514892933702393,0,0,-2,-2,-2,-1,-1,1
1514892933703894,-1,1,0,-2,-3,-1,-1,-1
1514892933703894,-1,-1,-2,-1,-1,-2,-1,-1
1514892933715902,-2,-1,-2,-2,0,-1,-1,-3
1514892933715902,-2,-1,-2,0,-1,-4,0,-1
1514892933724920,-2,-1,0,1,-1,0,-1,0
1514892933724920,-1,-1,-1,-1,-3,0,-2,-1
1514892933739985,-2,-2,0,0,-2,0,-2,-1
1514892933739985,-1,0,-2,-2,1,-2,0,-1
1514892933741493,1,-1,-3,-1,0,-2,-2,-1
1514892933741493,1,-2,-2,-1,-1,-1,0,1
1514892933762508,1,-1,-1,-1,-1,-1,1,1
1514892933762508,-1,0,-3,-1,-2,0,-1,0
1514892933764006,-2,2,-2,-2,-3,-1,-1,0
1514892933764006,-3,-2,0,-1,-1,-1,0,0
1514892933776014,-2,0,-1,-1,-2,0,-2,-2
1514892933776014,0,1,-1,0,-1,0,-2,-1
1514892933785012,-1,0,-1,0,-1,-1,-1,-1
1514892933785012,-2,-3,-3,0,-1,-3,0,-1
1514892933800021,0,-4,-2,-1,0,-2,0,-2
1514892933800021,-1,-2,-2,-3,-2,0,-3,-1
1514892933801522,0,1,-1,-1,0,-1,-2,-2
1514892933801522,-2,-1,-1,-2,-1,-2,-1,-1
1514892933822553,-2,-1,-3,-1,0,0,0,-1
1514892933822553,-1,1,-1,-1,-1,-2,0,-1
1514892933824038,0,-2,0,-1,-1,-1,0,-2
1514892933824038,-2,-2,1,-1,-1,0,-1,-1
1514892933836047,-1,-2,1,-1,-2,-1,-1,1
1514892933836047,-1,0,-2,-2,-1,-2,-1,-1
1514892933845053,1,1,-1,-1,-1,-2,-1,0
1514892933845053,0,0,-1,-2,1,-1,-2,1
1514892933859563,0,-2,-2,-1,0,-1,-1,-1
1514892933859563,-1,0,0,0,-1,2,0,-1
1514892933861565,-1,1,-1,-1,-2,1,0,-1
1514892933861565,0,-1,-2,-1,-1,-1,-1,-1
1514892933882079,-2,-2,-1,-1,0,-2,-1,-2
1514892933882079,-1,0,-1,-1,0,-1,-1,-2
1514892933884082,-2,-1,-1,-3,-4,-3,-1,-1
1514892933884082,-2,0,-1,1,-1,-1,-2,-3
1514892933896089,0,-2,0,-2,0,0,0,-3
1514892933896089,1,0,-1,-1,-1,-1,-2,-1
1514892933905116,-3,-1,-1,-2,-2,-1,-1,-1
1514892933905116,-1,-3,1,0,1,-1,-1,-1
1514892933919606,-1,-3,-2,-1,-3,-1,-1,-2
1514892933919606,0,-1,-1,-1,-2,-1,-1,-1
1514892933921607,0,-2,-2,-2,1,0,-2,0
1514892933921607,-1,-2,0,-3,-2,-1,-2,-2
1514892933942121,-1,-1,0,-1,-1,-1,-1,-1
1514892933942121,-2,0,1,-2,0,-2,-1,0
1514892933944123,-1,0,-3,-3,-2,-2,1,-2
1514892933944123,1,-1,-2,-1,-2,-3,0,-1
1514892933964637,0,-2,0,0,-2,-1,-1,0
1514892933964637,-2,1,-1,-1,-1,0,-1,-2
1514892933966653,-1,0,0,-1,0,0,-2,-2
1514892933966653,-1,-1,-1,-1,0,0,-1,-1
1514892933979658,-2,-1,-1,-1,-2,0,-1,-2
1514892933979658,-2,-2,-1,-1,-2,-2,-3,-1
1514892933981160,-1,-1,-1,-1,0,0,-2,0
1514892933981160,-1,-2,-1,-1,0,0,-1,-2
1514892934002164,-1,-3,1,-1,2,-1,-2,-2
1514892934002164,-1,0,-1,0,-1,1,-1,-1
1514892934003665,-1,2,-1,-1,1,-2,-1,0
1514892934003665,-1,-2,-2,0,0,0,-1,-2
1514892934032200,-1,-1,-3,-2,-1,0,-1,-1
1514892934032200,-1,-1,-1,-1,0,-1,1,-1
1514892934033696,2,-1,-2,-3,-2,-2,-1,-2
1514892934033696,-2,-2,-1,-2,-1,-2,0,-1
1514892934039691,-2,-3,-2,0,-2,1,0,-1
1514892934039691,-2,-1,0,-2,-2,-3,-1,-2
1514892934041694,-2,-1,1,-2,-1,1,1,-2
1514892934041694,-1,-1,-1,-3,0,-2,-2,1
1514892934062219,-1,-2,-1,-1,-1,-2,0,1
1514892934062219,-2,-1,-2,-1,-2,0,0,-1
1514892934063718,-3,0,-2,-1,-3,-1,-1,-1
1514892934063718,-2,0,0,-2,-2,0,-2,-1
1514892934084740,-2,-4,-1,-1,-1,-1,-1,-1
1514892934084740,0,1,-1,0,0,0,-1,-1
1514892934087224,1,1,-1,1,0,-1,-2,-1
1514892934087224,0,-2,-2,-1,1,-1,-1,-2
1514892934099233,0,1,0,0,-2,-2,-3,-2
1514892934099233,-1,-1,0,-3,-1,-1,0,0
1514892934106750,-3,1,0,-1,-2,-1,-1,-1
1514892934106750,0,-1,-2,-2,-1,-2,0,-1
1514892934122753,-1,-3,-2,-1,-1,0,1,-1
1514892934122753,-1,-2,-1,1,-1,0,-2,-3
1514892934123755,1,-1,-1,-2,-1,1,-2,-1
1514892934123755,0,-3,-1,-1,-2,0,-1,0
1514892934144777,-1,-3,-1,1,-1,0,0,-1
1514892934144777,0,1,-2,-1,-2,0,-1,-2
1514892934147267,-1,0,-2,0,-2,-2,0,-2
1514892934147267,-2,-1,1,0,0,0,-1,0
1514892934159275,-1,-3,-1,-2,0,-1,-2,-1
1514892934159275,-2,0,-2,-1,-1,-1,-1,-1
1514892934165792,-1,-3,-1,-1,-2,0,-1,-1
1514892934165792,-2,-2,-2,0,-2,-2,-3,-1
1514892934182303,-2,-1,0,-1,-3,-1,-2,2
1514892934182303,-1,0,1,-1,-3,-1,-1,0
1514892934183806,1,0,-1,-2,0,0,-1,0
1514892934183806,-1,-2,-2,0,-2,-1,-1,-2
1514892934204807,-1,0,-1,-2,0,-2,-2,1
1514892934204807,-1,0,-4,-2,-1,-2,0,0
1514892934206308,-2,-1,-1,1,-1,-1,-3,0
1514892934206308,0,-3,-1,-1,-1,-2,-1,1
1514892934219317,0,-2,-2,-1,0,-1,0,-3
1514892934219317,0,0,-1,-2,1,2,-1,0
1514892934225823,-2,3,-1,-2,-2,-2,-1,-2
1514892934225823,-2,-2,-2,0,-2,-1,0,-1
1514892934242834,-3,-2,-2,1,-1,0,0,-1
1514892934242834,-1,-1,-2,-2,-1,-2,-1,-1
1514892934244335,0,-1,0,0,0,-2,0,0
1514892934244335,0,-2,1,0,-1,-1,-2,-2
1514892934264849,-1,-2,-1,-2,-2,-1,0,-1
1514892934264849,1,2,-1,0,0,-2,0,-2
1514892934266351,-2,0,-1,-2,0,-2,-2,0
1514892934266351,-1,-3,-2,-2,0,-2,-1,-1
1514892934279370,0,-4,0,0,-1,-1,-1,-2
1514892934279370,0,0,0,-2,0,-2,-2,-1
1514892934285865,-1,1,-1,-2,-2,1,-1,0
1514892934285865,-1,-4,0,-2,1,1,0,-2
1514892934310892,0,-2,-3,0,-3,0,0,-2
1514892934310892,-2,0,-1,-2,0,-2,-1,0
1514892934314388,0,-1,0,-2,-1,-1,-2,-1
1514892934314388,-2,-1,0,-1,-2,-1,-2,-1
1514892934324905,-2,-3,-1,-2,0,-1,-2,-1
1514892934324905,-2,-2,-2,0,-1,-1,-2,-1
1514892934326406,-2,0,-2,0,0,-1,0,-1
1514892934326406,-2,0,-1,0,-1,0,-2,-2
1514892934339410,0,-1,-1,1,-1,-2,-1,-1
1514892934339410,0,-1,0,-2,-1,-1,-1,-1
1514892934345907,-2,-1,-2,-1,-1,-1,0,-1
1514892934345907,-1,-1,-1,0,-4,-1,-1,0
1514892934362419,0,-1,1,0,-1,-3,0,0
1514892934362419,-1,0,-2,-1,-1,-3,-2,-1
1514892934363920,0,0,-1,-1,-1,0,-1,-1
1514892934363920,-2,-3,-2,-2,-1,-1,1,0
1514892934384953,0,-1,1,0,1,2,-1,0
1514892934384953,0,-1,-2,-1,-1,-1,-2,-1
1514892934387437,0,0,-1,-1,-1,-1,-2,-1
1514892934387437,-1,-2,-2,-1,0,-1,-2,-1
1514892934398945,-1,-2,-2,1,0,-2,0,0
1514892934398945,0,-1,0,-1,-2,-1,-2,-2
1514892934405951,1,-1,-1,-1,-1,0,-2,-2
1514892934405951,0,-2,0,0,-3,0,0,0
1514892934422963,0,-3,-2,-3,-1,-1,-1,-2
1514892934422963,0,0,-1,-1,1,1,-2,-1
1514892934423963,-3,-2,0,0,-2,-3,0,0
1514892934423963,-2,-2,0,0,-2,-2,-1,-3
1514892934444987,-3,0,-1,-2,-1,0,-1,0
1514892934444987,0,0,-1,-3,-3,-2,-1,-1
1514892934447493,-2,-1,-3,-1,-1,0,-1,-2
1514892934447493,2,-2,-2,0,2,1,0,-1
1514892934467508,-2,-1,-2,0,-1,-1,-3,-2
1514892934467508,-4,0,0,-1,-1,-1,-1,0
1514892934470495,-2,0,-1,-2,-1,-1,0,-1
1514892934470495,0,-3,0,-1,0,-1,0,-1
1514892934482504,1,-1,-1,-2,-1,-2,0,-1
1514892934482504,-1,-1,-1,-1,-2,-1,-1,-1
1514892934484005,-1,0,-1,-1,1,-1,-1,-3
1514892934484005,-1,-1,-1,-1,-3,-2,-2,-1
1514892934505029,-2,-3,-3,-2,0,0,-1,-1
1514892934505029,0,-2,-1,0,-2,-1,0,-2
1514892934512537,-2,-2,0,-2,-2,-2,-2,-1
1514892934512537,-1,-2,-1,-2,0,0,-2,-1
1514892934518529,-2,-2,0,1,-2,-1,0,-2
1514892934518529,-2,0,-3,-1,-1,0,-1,0
1514892934533539,0,-1,-2,0,-2,-1,-1,-1
1514892934533539,0,-1,0,-2,-3,-2,0,-1
1514892934542546,0,-2,-1,-2,-1,-2,-1,-1
1514892934542546,1,0,0,0,0,0,-1,0
1514892934544047,-1,-1,-2,-2,-1,0,-1,-1
1514892934544047,-3,-2,-1,-3,-1,-1,-2,0
1514892934565062,-1,-1,0,-1,-2,-1,0,0
1514892934565062,0,0,-1,-1,0,-3,-1,0
1514892934567076,0,0,-2,0,-1,-1,-1,0
1514892934567076,-2,-4,-2,-1,-1,-1,-1,-1
1514892934578581,-2,-1,0,0,0,-1,0,-1
1514892934578581,0,0,0,-1,-1,1,-1,-1
1514892934588579,-1,1,-1,-2,-2,-2,-1,-3
1514892934588579,1,-2,-2,-2,-1,-1,-1,-1
1514892934602089,0,-3,0,-1,-2,-2,-2,-2
1514892934602089,-1,-2,-2,-1,-1,-1,0,0
1514892934603616,-2,-3,-1,-1,-1,-2,0,-1
1514892934603616,-1,-2,-1,-2,-1,-1,-1,-3
1514892934625104,-2,-1,-1,-1,-1,-1,-2,-1
1514892934625104,-1,0,-1,-1,-2,0,-3,0
1514892934626616,0,-1,-1,0,0,-2,-1,0
1514892934626616,-1,0,-2,-1,1,0,1,-1
1514892934639130,0,-2,-1,-2,-1,0,-1,-2
1514892934639130,-2,0,0,0,1,-1,0,-3
1514892934648135,-1,1,-1,-1,-1,-1,-1,-1
1514892934648135,-2,-1,0,-1,-2,1,-1,0
1514892934662131,-1,-1,-1,0,1,-3,-3,0
1514892934662131,-2,0,-1,-1,-2,-2,0,-2
1514892934663633,0,-2,-2,-2,-1,-1,-2,-1
1514892934663633,-1,-1,0,-1,-3,-1,-1,-1
1514892934684656,-1,-1,-2,-1,-3,1,-1,-2
1514892934684656,0,0,-1,-1,-3,-2,0,-1
1514892934686648,0,-1,-1,-2,-1,-3,-1,-2
1514892934686648,-1,-2,-2,0,1,-3,-2,-3
1514892934698657,-2,-2,-2,0,0,0,0,-3
1514892934698657,0,-3,-3,-3,0,0,0,-1
1514892934708664,-1,0,-1,-2,-3,-1,-1,-1
1514892934708664,-1,-1,0,-1,-1,-4,0,0
1514892934721172,-2,-1,0,0,-2,-1,-1,-1
1514892934721172,-2,0,-2,-2,-1,-3,0,-1
1514892934729690,-1,0,-1,-1,1,1,-1,0
1514892934729690,-3,-4,-2,0,-1,1,-1,-1
1514892934744690,0,0,-1,-1,-1,0,0,0
1514892934744690,-1,-1,-1,-1,-2,-1,-2,-1
1514892934746196,-1,-2,-2,-2,-2,-2,-1,-1
1514892934746196,-2,-2,-3,-1,-2,-2,-2,-1
1514892934758199,-1,-1,-1,-1,0,-1,-1,-1
1514892934758199,-3,1,0,-2,-2,-2,-1,1
1514892934767206,0,0,-1,0,-1,-3,-1,0
1514892934767206,-1,0,0,-2,0,-1,-1,0
1514892934782225,-1,-2,0,0,0,-3,0,-1
1514892934782225,0,-2,0,-1,0,-1,-1,-2
1514892934783723,-2,-2,-3,-2,-1,1,-3,0
1514892934783723,-1,-1,-1,-2,-2,-2,-1,-2
1514892934804731,-1,-2,-2,-1,-2,-1,-1,1
1514892934804731,1,-1,-1,-2,0,0,-1,-2
1514892934808233,-1,-2,0,-2,0,-1,0,-1
1514892934808233,-1,-3,-1,0,-3,-1,-1,0
1514892934834776,-2,-1,0,-3,-1,-3,-1,-1
1514892934834776,-1,-1,1,1,-1,-1,-2,0
1514892934835764,1,-1,-1,0,-3,1,0,0
1514892934835764,-1,0,-2,0,-2,0,-2,0
1514892934841768,-1,0,-2,-2,-2,1,-2,-1
1514892934841768,-2,0,-2,-1,-2,0,0,-1
1514892934842271,-1,-1,-1,-1,0,-2,-3,-1
1514892934842271,-2,-2,0,-1,0,0,-1,0
1514892934864788,1,-1,-1,0,-1,0,0,0
1514892934864788,0,-1,-1,0,-2,1,-2,-1
1514892934865289,-2,-1,-1,0,-3,-2,-1,-2
1514892934865289,0,-3,0,-2,-1,-2,1,0
1514892934887300,1,0,-1,-1,-1,0,0,0
1514892934887300,-1,-2,-2,-3,1,-2,-2,-1
1514892934889293,-1,0,0,-1,-2,-1,-1,-2
1514892934889293,-2,-1,-1,0,0,0,-1,-1
1514892934909805,-3,-2,-1,0,-1,-2,1,-3
1514892934909805,-2,-1,-3,1,-1,-2,-1,-2
1514892934910310,-2,-1,-1,-4,-2,-2,0,0
1514892934910310,0,-1,0,-2,0,-3,-2,0
1514892934924315,-1,-1,1,-3,-1,-1,-1,-2
1514892934924315,-3,1,-1,-2,-1,-1,0,0
1514892934924816,-1,-2,-1,-2,-1,-3,-3,-2
1514892934924816,-2,-2,-2,0,-3,-1,0,0
1514892934946331,-2,-3,-1,-1,-1,-1,-1,0
1514892934946331,0,0,-2,-1,-1,0,-1,-4
1514892934947332,-1,-1,-2,-2,-2,-1,-1,-1
1514892934947332,0,-2,-1,-2,0,0,-1,0
1514892934961342,-2,-1,-1,0,-1,-1,-1,-1
1514892934961342,-2,0,0,-2,-2,1,-1,1
1514892934962342,0,1,-1,0,2,-2,-1,-2
1514892934962342,1,-2,-1,-1,-3,1,-1,-2
1514892934983858,-1,0,0,1,-1,0,-2,0
1514892934983858,-1,-1,-1,-1,-1,-1,-2,0
1514892934984858,0,-3,-2,0,0,-2,-1,-1
1514892934984858,-1,-2,0,0,1,-1,0,0
1514892935008375,-1,0,1,-1,0,-3,-1,-1
1514892935008375,0,1,-1,-1,-2,0,-2,-1
1514892935014389,-2,-2,0,-1,0,2,0,0
1514892935014389,-1,-1,-2,-1,-1,0,1,-1
1514892935021394,-2,-2,-3,-1,0,-1,-2,-1
1514892935021394,0,-1,-2,-1,-1,-3,-1,-1
1514892935022396,-1,-3,-2,0,-2,-3,0,-2
1514892935022396,0,-1,0,-1,-1,-2,-2,-1
1514892935043910,2,0,-1,-2,-2,-1,-1,-1
1514892935043910,0,-1,-1,-1,0,-3,0,-1
1514892935044911,-1,-1,0,-1,-3,-3,-1,-1
1514892935044911,-1,-1,-1,-1,-2,-2,0,-2
1514892935066434,0,-2,-2,-1,-1,0,0,0
1514892935066434,-1,-1,-2,0,-1,-1,-3,-2
1514892935068427,-1,-3,-2,-4,0,1,-1,-1
1514892935068427,-3,-2,-1,0,0,-3,-3,-2
1514892935081436,0,0,-1,-1,-2,-2,-1,1
1514892935081436,-1,0,-2,-2,-3,-1,-1,-1
1514892935082437,0,-1,0,-2,-1,0,-1,-1
1514892935082437,0,-1,-1,-1,-1,-1,-1,0
1514892935103943,-1,1,0,0,-1,0,-1,-4
1514892935103943,0,-2,-1,-2,-2,-2,-1,0
1514892935104945,-1,-2,-2,0,0,-2,-1,-2
1514892935104945,-1,-1,-2,0,-1,-1,-1,-2
1514892935126469,-1,-1,1,0,-1,0,0,-2
1514892935126469,0,-2,-1,-2,-2,-1,0,0
1514892935127469,-2,-1,1,-2,-3,-2,-1,-1
1514892935127469,0,-3,-2,-2,-2,0,0,-1
1514892935142971,-2,-1,-2,-2,0,0,-1,0
1514892935142971,-2,0,-3,-1,1,-2,-1,-1
1514892935143972,0,-1,-2,-4,-1,0,-2,-1
1514892935143972,-2,-3,1,-1,2,-1,-2,-1
1514892935163999,-1,0,-1,0,-2,0,-2,-2
1514892935163999,-2,1,-1,-3,-3,-1,-2,0
1514892935165000,-1,2,-1,-2,0,-2,0,0
1514892935165000,-1,0,-2,-2,-2,-1,-1,-2
1514892935187503,0,-1,-1,-1,-1,-4,-1,0
1514892935187503,-2,-1,1,2,-2,-2,-1,-1
1514892935189003,-1,0,-1,1,-2,-1,-1,0
1514892935189003,-2,-2,0,0,-1,0,-1,0
1514892935201515,-2,-1,0,-1,-1,0,-1,-2
1514892935201515,-1,-1,0,-1,-1,0,-2,-2
1514892935202512,1,-2,1,-1,0,0,-2,-1
1514892935202512,-2,-2,-2,-3,0,-1,0,-1
1514892935224027,-2,-1,-2,0,-1,-1,0,-1
1514892935224027,1,0,-2,1,-1,0,-1,-2
1514892935225028,0,-2,0,-1,-1,-2,-1,-2
1514892935225028,-2,-1,0,-1,-2,-2,0,-2
1514892935246545,-1,0,-2,-2,-1,-2,-3,-1
1514892935246545,-1,1,0,-1,1,1,-1,1
1514892935247045,-1,-4,-3,0,-2,0,-1,-1
1514892935247045,-1,-2,-2,-1,-1,0,-2,-2
1514892935261555,1,-2,-1,-1,0,-1,0,-1
1514892935261555,1,-1,0,-1,-1,-2,-1,-1
1514892935262556,-2,-2,-1,0,0,-3,-1,-1
1514892935262556,-2,-2,-2,-1,-2,0,-1,0
1514892935284070,-1,-2,-3,-1,-1,-1,0,-1
1514892935284070,-2,-3,0,-2,-3,-1,1,0
1514892935285071,-1,-1,0,-1,-2,-1,-1,1
1514892935285071,-2,-2,-2,-1,-2,-2,0,0
1514892935307090,-3,-2,-2,1,0,-1,-1,0
1514892935307090,1,2,-1,-1,1,-2,-2,0
1514892935309088,-3,-2,-1,-2,-1,-4,-2,-1
1514892935309088,1,0,0,0,-1,-3,-2,1
1514892935321596,-3,1,-1,-2,-1,-1,0,-1
1514892935321596,-1,-1,-2,0,-1,-1,0,-1
1514892935322097,-1,-1,-1,-1,0,0,-1,-1
1514892935322097,0,-1,1,0,-1,1,-2,-2
1514892935343612,1,-1,1,0,-2,1,-1,-2
1514892935343612,-1,-1,-1,-2,-1,0,-2,-1
1514892935351619,-1,1,-1,-2,-2,-1,-1,-3
1514892935351619,-1,-3,-1,-2,-1,-1,-3,-1
1514892935366145,1,-1,-1,-2,-1,-1,-1,-2
1514892935366145,-1,-1,-1,-1,-2,-1,0,-1
1514892935374133,-2,-4,-1,0,-2,-1,0,-1
1514892935374133,-1,-1,1,0,-1,0,0,1
1514892935381648,-1,1,-2,-1,-2,-3,-1,1
1514892935381648,1,1,1,-1,-1,-2,-1,0
1514892935382140,0,-1,-3,-1,0,0,-1,-1
1514892935382140,0,0,-2,-1,0,-1,0,0
1514892935404167,0,0,-1,-1,-1,-2,-2,-1
1514892935404167,0,-2,-3,-2,0,-2,0,-3
1514892935404655,0,0,0,0,-1,0,-1,-1
1514892935404655,-2,-2,0,-2,-1,0,0,-1
1514892935426680,-2,-1,-3,0,-2,1,-1,1
1514892935426680,-2,0,-2,0,-2,0,-1,-1
1514892935427171,0,-2,-1,-1,-1,-2,1,0
1514892935427171,0,-3,-1,-1,-2,-1,-2,0
1514892935441691,0,-2,0,-2,0,-3,-1,-1
1514892935441691,-2,0,-1,-1,-1,-1,-3,-2
1514892935442682,1,0,0,-1,-1,-1,-1,0
1514892935442682,-1,-2,-1,0,-1,0,0,-2
1514892935464207,1,0,0,-1,-1,1,1,-2
1514892935464207,0,-1,-2,-1,-2,-1,-1,-1
1514892935464706,-1,-1,-2,-2,-1,-1,-1,-1
1514892935464706,-2,-2,-2,0,-1,-1,-2,-1
1514892935487213,-3,0,0,-2,0,-1,-2,-2
1514892935487213,-2,-1,0,-2,1,2,-1,-1
1514892935489215,0,-2,0,-1,-1,0,-1,-3
1514892935489215,0,-2,0,-3,-1,-1,-1,-1
1514892935500726,0,1,0,-1,0,-1,0,-1
1514892935500726,-1,-1,-1,-2,-2,-2,0,0
1514892935509247,-2,-3,-2,0,-1,0,-4,-1
1514892935509247,-3,-3,-2,0,0,-2,0,-4
1514892935524257,-1,1,0,-1,-3,-1,-1,2
1514892935524257,-2,-1,-2,-2,-1,-2,0,-2
1514892935524757,-1,-1,-1,-2,-1,1,0,-1
1514892935524757,-1,-1,-2,0,-1,1,-1,-1
1514892935546783,0,0,0,0,-2,0,-1,0
1514892935546783,-2,0,-1,0,0,-1,-1,-1
1514892935547274,-1,-2,-1,-1,0,-1,1,-1
1514892935547274,0,-1,-1,-1,-2,-2,-2,-1
1514892935560783,-2,0,-3,-2,0,-2,-1,-1
1514892935560783,0,1,-3,-2,-1,-1,-3,-1
1514892935568789,-2,-3,0,-1,-2,-2,-1,-2
1514892935568789,-1,-2,-1,0,-1,-3,0,1
1514892935584300,-1,-2,0,-1,-2,-2,-2,-2
1514892935584300,0,2,-1,-1,-1,-1,-1,-2
1514892935584801,-1,-2,0,1,-1,0,-1,-1
1514892935584801,0,-3,-2,0,-2,0,-2,-3
1514892935607316,0,-1,0,0,0,-2,0,0
1514892935607316,0,-2,-1,-1,0,0,1,-2
1514892935609327,-1,-2,-1,0,0,-1,-1,-1
1514892935609327,-1,-1,-1,-1,0,0,0,0
1514892935620835,-1,-2,-1,0,-1,0,-1,-1
1514892935620835,-1,-1,0,0,-2,-2,-2,0
1514892935629341,-1,0,0,-1,0,-2,0,-2
1514892935629341,-1,-2,-1,0,0,-3,0,-2
1514892935643851,-1,-1,-2,-1,0,0,-1,-1
1514892935643851,1,-2,-1,-2,-1,-2,-1,-1
1514892935644852,-2,-2,-2,-2,-1,-3,-1,-2
1514892935644852,-2,0,-1,-1,-2,1,-1,0
1514892935666370,-2,0,0,-2,-1,0,-2,0
1514892935666370,-2,0,-1,-2,-3,-1,0,0
1514892935674364,0,-2,-2,0,-1,-3,-1,-1
1514892935674364,-2,-3,-1,-1,-1,-1,-2,-2
1514892935680868,-2,0,-1,-2,-3,0,-2,-2
1514892935680868,-2,0,-2,-2,0,0,-1,-2
1514892935688873,0,-3,-1,-2,-2,-3,0,1
1514892935688873,-2,-2,-2,-2,-1,-1,-1,0
1514892935704395,0,-2,-1,-1,-2,-1,0,-1
1514892935704395,-1,0,-2,-1,2,0,0,-1
1514892935705385,-3,-2,-2,-2,-2,-2,0,-2
1514892935705385,0,-2,0,-1,-2,1,0,0
1514892935726400,-1,0,-1,-1,0,-3,-2,-1
1514892935726400,-1,1,-1,-1,-1,-2,-1,-2
1514892935727401,-2,-1,0,-1,-3,-1,-2,-2
1514892935727401,-1,-2,-2,0,-1,-1,-1,-1
1514892935740910,2,-1,-1,-1,0,-1,0,0
1514892935740910,1,-1,0,0,-2,0,1,0
1514892935748916,-2,-2,0,-1,-2,1,0,-1
1514892935748916,0,-1,-2,-2,-1,-1,-2,-1
1514892935763926,0,0,-1,0,-2,-1,0,-2
1514892935763926,0,1,-1,-1,-2,-1,-2,-4
1514892935771432,1,-3,-2,-1,-3,-1,-1,-2
1514892935771432,-2,0,0,-2,-2,0,-2,-1
1514892935787443,-3,-1,-1,-3,-1,0,-1,-2
1514892935787443,0,3,-2,-2,-1,-3,-1,0
1514892935788944,-1,-2,-1,-2,0,-1,-2,1
1514892935788944,-2,-3,0,-2,0,-2,-1,-2
1514892935800952,-1,-3,-2,-1,-1,-1,0,0
1514892935800952,-1,-2,-1,-1,-2,0,0,-1
1514892935809469,0,-2,-2,-1,-2,-2,-1,-1
1514892935809469,-1,-1,-1,0,0,-3,-1,0
1514892935824469,-1,0,-1,0,-2,-1,-1,-2
1514892935824469,1,-2,-1,-1,-1,-1,-1,0
1514892935824970,-1,-3,-2,-1,-2,0,-1,0
1514892935824970,-2,-2,-1,-1,-1,0,-1,-1
1514892935847498,0,0,-1,-3,-3,-1,-2,-2
1514892935847498,-1,7,-1,-1,-1,-1,-2,0
1514892935847998,-2,7,-1,-1,-2,-1,-1,-1
1514892935847998,-2,8,0,-1,-1,-1,-1,0
1514892935870022,-2,9,0,-1,-1,-1,-1,1
1514892935870022,-2,5,0,-1,-3,-1,-1,-1
1514892935871002,-1,-1,-1,-2,-1,-2,-1,-2
1514892935871002,-2,-4,-2,-3,-1,-3,-1,-3
1514892935884023,1,1,0,1,3,-1,-2,-2
1514892935884023,-1,-9,-2,-3,-2,-1,-3,1
1514892935884521,-5,-4,-5,2,-1,0,-4,-7
1514892935884521,-3,-8,-6,-5,-3,-2,0,-2
1514892935908028,0,-2,1,0,0,0,1,1
1514892935908028,12,6,8,-4,-2,-2,-1,3
1514892935909032,-2,-15,-9,9,2,1,-3,-3
1514892935909032,31,3,-14,9,2,2,7,6
1514892935929556,-16,-13,8,-1,-2,-3,-2,-5
1514892935929556,-7,-7,-36,5,2,1,-4,1
1514892935930545,-13,-9,-37,-64,-13,-6,-6,-13
1514892935930545,3,-6,27,24,10,4,2,7
1514892935944064,7,-1,7,14,1,-1,2,-1
1514892935944064,8,16,-18,-4,2,1,2,8
1514892935944555,-7,-6,-16,-6,-3,-2,-2,-3
1514892935944555,-9,-4,8,-12,-4,0,-2,-8
1514892935966573,8,0,4,5,2,0,1,-1
1514892935966573,-8,-7,-34,9,-3,-2,-3,-6
1514892935974579,11,11,7,-8,2,1,3,3
1514892935974579,-2,2,-1,5,-3,-2,-1,1
1514892935989588,-3,5,6,0,0,0,-5,-1
1514892935989588,0,-3,13,-1,-2,-1,0,-5
1514892935990587,2,0,11,7,0,-1,3,4
1514892935990587,-13,-3,-6,-3,-1,-1,-2,-5
1514892936004098,5,4,8,-9,-4,-4,-4,1
1514892936004098,-1,-3,-4,-3,-1,-1,-1,-3
1514892936011603,-13,-9,-4,12,3,1,1,-4
1514892936011603,12,8,15,-8,1,0,1,4
1514892936026615,-13,-13,-16,-2,-6,-1,-2,-5
1514892936026615,1,4,-2,-6,1,2,4,6
1514892936027114,7,-2,34,14,1,-1,-1,-2
1514892936027114,-10,-1,-44,-13,-3,-1,-1,-1
1514892936050130,6,17,-22,-21,-4,-2,-1,-4
1514892936050130,2,-10,9,14,3,2,3,3
1514892936051132,-3,-3,13,-9,-1,-2,-4,-3
1514892936051132,-8,-6,-19,-6,-5,-3,-2,-5
1514892936064140,10,11,9,5,3,3,2,7
1514892936064140,-12,3,-15,-17,-4,-5,-4,-10
1514892936065144,-1,4,-18,18,3,1,1,2
1514892936065144,-10,-33,17,6,1,-1,-5,-2
1514892936086657,-2,0,-12,2,-4,-4,0,2
1514892936086657,-6,4,46,-4,-2,-5,-7,-7
1514892936094161,15,10,-47,1,-3,1,1,8
1514892936094161,1,17,3,18,2,2,3,9
1514892936116677,-15,-18,-21,-26,-2,-2,-5,-8
1514892936116677,-4,1,17,3,2,1,1,1
1514892936133691,6,10,19,-5,-2,-1,-2,2
1514892936133691,-2,5,-21,0,-4,-4,-4,-6
1514892936135189,4,-2,15,11,2,2,-1,-6
1514892936135189,-11,-10,18,1,-2,-1,-3,-2
1514892936136190,-4,1,-26,-4,-1,1,1,1
1514892936136190,8,-5,46,-7,-7,-3,-3,0
1514892936146698,-2,12,-24,4,2,1,3,2
1514892936146698,-6,-12,-7,-13,-2,-1,0,-2
1514892936147698,-8,5,-18,0,2,-1,-2,-2
1514892936147698,-9,-15,53,11,-2,-2,-1,-6
1514892936169713,5,1,-12,-16,-3,-2,-2,-1
1514892936169713,10,7,39,14,-4,-5,-3,-3
1514892936170714,-10,0,27,0,-1,1,2,2
1514892936170714,11,-9,-77,-18,1,0,3,8
1514892936184226,-3,0,15,5,0,4,3,5
1514892936184226,8,11,24,11,3,1,0,2
1514892936185727,-5,-10,-27,-16,-5,-3,-6,-7
1514892936185727,-3,2,-20,-18,-3,-1,-2,-1
1514892936207243,13,12,19,16,0,0,0,3
1514892936207243,-11,-1,-4,7,0,-3,-1,2
1514892936209244,8,-1,13,-5,0,0,0,5
1514892936209244,1,-1,-18,-8,-1,-2,-2,-6
1514892936229755,-19,-13,13,1,1,3,1,0
1514892936229755,-8,2,15,-15,-5,-5,-6,-7
1514892936230757,13,-2,-19,23,0,1,4,5
1514892936230757,-22,7,2,4,2,-2,-2,-10
1514892936243767,17,4,-9,-2,-2,-1,7,14
1514892936243767,7,-1,-39,-13,-5,-4,-9,-1
1514892936251772,-10,-9,59,22,5,1,0,-1
1514892936251772,15,13,15,-5,2,3,3,0
1514892936266785,5,-1,-37,-2,-4,-4,-3,-6
1514892936266785,-1,-8,-15,-8,0,2,6,2
1514892936267283,-10,-4,68,23,-1,-3,-2,-4
1514892936267283,4,-3,-58,-4,-3,0,2,5
1514892936289800,-1,10,-16,-13,1,0,-2,-5
1514892936289800,-4,-6,-42,-10,1,4,3,-10
1514892936290799,8,-8,-19,-1,-2,-4,-1,0
1514892936290799,-19,-6,113,16,0,-3,-3,-7
1514892936304810,-21,-23,-65,15,0,-2,-7,-8
1514892936304810,5,0,-15,-32,-5,-2,0,2
1514892936306312,14,10,-5,-15,-1,-1,4,5
1514892936306312,9,1,-21,-1,0,0,-2,0
1514892936326829,-10,5,18,10,-1,-3,-7,-9
1514892936326829,-8,-15,20,9,-1,-1,-2,-3
1514892936327830,-26,-9,-13,-6,1,1,-1,-4
1514892936327830,3,-9,-54,-28,-8,-6,-2,-3
1514892936349841,-6,-1,82,12,-2,-4,-3,-1
1514892936349841,15,-2,14,26,5,4,0,2
1514892936351342,9,12,7,-41,-7,-5,-7,-8
1514892936351342,-12,-10,-17,8,2,2,0,0
1514892936363850,6,1,-2,-2,0,1,3,1
1514892936363850,-15,14,-18,-12,-1,-2,-4,-7
1514892936364851,24,-8,-9,2,-4,-1,4,12
1514892936364851,-6,-8,50,4,0,1,2,0
1514892936386869,12,3,-4,-1,-1,0,-4,3
1514892936386869,-5,6,-7,7,1,0,1,0
1514892936387370,-6,-4,3,8,4,1,-3,-4
1514892936387370,-5,-5,40,6,-1,-2,-6,-8
1514892936409885,-2,0,-24,-16,1,2,2,-1
1514892936409885,8,3,-9,3,-4,-4,-2,-2
1514892936410386,-6,-1,-48,-7,-3,-2,-2,-6
1514892936410386,-10,-23,-13,-1,0,-1,2,-2
1514892936423895,-2,5,-6,-11,0,0,-1,3
1514892936423895,4,-10,6,9,0,1,1,7
1514892936431400,10,15,39,5,1,-1,0,-2
1514892936431400,-26,-19,1,-6,-5,-4,-5,-11
1514892936446409,3,3,16,8,-1,-4,-5,-6
1514892936446409,-15,-20,-75,-18,-2,-1,-8,-6
1514892936447410,0,5,50,17,5,6,9,3
1514892936447410,22,28,-24,-42,-6,-3,-15,6
1514892936469425,-20,-19,8,25,-2,-5,19,-3
1514892936469425,14,7,61,26,2,-2,-22,1
1514892936470426,-14,-28,-33,-19,-7,-1,13,-5
1514892936470426,9,13,-8,15,7,9,15,16
1514892936483435,7,13,-27,-26,-2,2,-2,2
1514892936483435,7,20,1,5,-2,0,6,1
1514892936491441,-9,-16,-89,5,-9,-8,-12,1
1514892936491441,-16,-12,19,6,0,-4,-10,-8
1514892936506454,18,-5,32,21,0,3,3,12
1514892936506454,7,15,-45,-29,4,0,8,8
1514892936515458,-28,-18,39,2,-6,-3,-12,-17
1514892936515458,7,9,-20,15,7,3,2,-7
1514892936529480,-2,-2,-14,-12,-1,2,-3,-7
1514892936529480,-11,-7,-29,-9,-10,-5,1,-1
1514892936530469,17,-1,29,-5,-3,-1,-1,1
1514892936530469,16,-8,-65,-15,3,-3,2,11
1514892936543991,-20,-27,14,30,-1,-3,-10,-6
1514892936543991,-11,35,68,-5,-6,0,7,-1
1514892936551495,-1,-24,-20,7,-7,-9,-10,-13
1514892936551495,7,11,28,-11,6,6,6,6
1514892936566506,-2,-22,-52,-22,-6,-7,-12,-5
1514892936566506,-11,5,27,16,10,2,3,-12
1514892936574001,11,8,3,-6,0,1,-1,13
1514892936574001,-21,-26,11,-5,-5,1,-2,-17
1514892936589510,11,9,4,-15,-7,-3,-5,-4
1514892936589510,2,2,19,55,-26,-11,-8,-5
1514892936590517,6,8,13,-30,30,6,0,3
1514892936590517,13,-4,-20,-8,-7,1,5,6
1514892936603031,-22,24,19,10,-18,-6,-1,-14
1514892936603031,9,-7,-39,4,16,6,12,6
1514892936611535,-6,2,-4,5,2,-6,-18,-14
1514892936611535,-3,-18,24,-3,-13,-8,-1,14
1514892936627037,-15,4,5,-24,-5,-4,-3,11
1514892936627037,17,0,-14,-10,-8,0,5,-9
1514892936628037,3,6,-13,-4,-10,-8,-26,-15
1514892936628037,-1,17,24,17,1,-7,-30,-41
1514892936649552,8,-5,-18,-2,16,7,13,46
1514892936649552,-39,-28,18,15,-3,-11,-21,-43
1514892936650552,31,25,5,-23,-4,7,8,8
1514892936650552,-22,-24,-12,19,-6,-9,-19,-23
1514892936663062,13,36,41,16,-28,-10,-1,27
1514892936663062,3,6,-27,-66,24,2,-21,-5
1514892936672568,-40,-27,-18,-6,-10,-5,19,20
1514892936672568,7,8,-28,15,-1,-1,-5,-60
1514892936687078,1,-23,8,-16,10,11,-12,-12
1514892936687078,3,5,9,40,2,6,29,38
1514892936688079,-3,15,13,-1,2,-1,-24,-41
1514892936688079,21,20,4,-38,-15,1,27,27
1514892936709594,-17,-31,-10,32,12,0,2,-26
1514892936709594,9,13,18,-24,-8,-6,-29,-30
1514892936710595,5,-10,17,21,-12,3,23,46
1514892936710595,-23,8,-21,-50,24,6,23,31
1514892936724605,-12,-31,19,21,-7,-3,-25,-42
1514892936724605,58,31,-33,-13,15,13,41,32
1514892936731610,6,-24,-25,25,2,3,-4,34
1514892936731610,33,46,33,24,-12,-3,-11,-4
1514892936746630,-16,-11,-16,-28,13,-5,-10,16
1514892936746630,-20,-14,13,59,-22,-7,1,19
1514892936747655,7,34,4,-58,7,0,0,-22
1514892936747655,7,-64,9,29,10,8,6,-17
1514892936777142,26,27,19,4,-20,-14,2,46
1514892936777142,-41,-38,14,-20,1,8,10,-34
1514892936778143,-3,3,-18,4,-17,-3,29,31
1514892936778143,-30,-19,24,34,21,-3,-62,-12
1514892936792154,31,33,-17,-23,19,17,42,-55
1514892936792154,-19,-54,-8,7,-3,-7,-55,-12
1514892936793155,9,5,24,82,-46,-15,4,24
1514892936793155,-8,50,-46,-74,35,18,16,-10
1514892936807664,-29,-66,35,-48,-52,-26,-26,10
1514892936807664,-45,-27,-15,16,79,26,9,-46
1514892936808666,31,4,15,4,-9,0,2,-31
1514892936808666,18,5,1,26,-24,-13,5,33
1514892936829679,6,37,-2,39,16,6,-13,-28
1514892936829679,-18,-9,0,-44,-35,-23,-11,-6
1514892936830680,-39,-15,22,20,30,20,14,-12
1514892936830680,-2,16,18,62,-40,-22,-14,23
1514892936852222,-18,-6,-34,-53,49,22,12,28
1514892936852222,36,24,0,3,-30,-1,22,-11
1514892936853223,-13,-8,-8,-13,19,1,-26,-52
1514892936853223,12,63,-7,-21,5,10,37,101
1514892936867206,5,6,-19,26,6,-10,-35,-100
1514892936867206,15,21,-1,9,6,-5,-8,39
1514892936875223,-30,16,15,3,-14,-1,25,-64
1514892936875223,47,-31,5,-34,-7,0,11,-4
1514892936889722,-1,0,-22,-29,-8,-6,-16,-9
1514892936889722,-8,-36,0,4,-18,4,19,38
1514892936890725,17,26,-17,-34,13,-4,-10,62
1514892936890725,-26,40,49,12,-12,-13,40,-51
1514892936912288,31,-5,-40,18,-7,8,46,96
1514892936912288,-4,5,17,38,-23,-8,-62,-40
1514892936912777,-12,-43,-12,-3,41,7,-12,-14
1514892936912777,-15,-44,5,-24,-10,-2,-4,-18
1514892936925786,26,62,12,23,23,12,21,-26
1514892936925786,-13,37,24,-12,-38,-10,10,94
1514892936934791,12,27,-27,-22,2,-2,-13,4
1514892936934791,13,-36,-17,28,33,14,-4,28
1514892936949814,4,11,27,-16,-26,-6,-14,-41
1514892936949814,63,81,6,-10,4,-1,2,12
1514892936952313,-41,-99,-10,-18,-38,-11,1,-75
1514892936952313,-27,15,-14,3,27,3,-16,-5
1514892936972318,12,19,5,5,-22,-5,-13,32
1514892936972318,12,9,-4,-3,-9,0,10,12
1514892936979836,74,1,12,6,47,11,52,104
1514892936979836,4,56,-15,-16,-19,4,2,-13
1514892936985837,-55,-52,4,30,-10,-4,-4,-32
1514892936985837,-23,3,-19,-56,5,5,17,24
1514892936995835,-15,0,17,22,-38,-15,-28,-66
1514892936995835,33,35,6,53,3,0,-20,22
1514892937009856,-25,-44,-27,-32,43,7,13,-25
1514892937009856,29,59,25,76,-35,-13,19,-8
1514892937011356,-24,-46,-20,-61,26,23,-6,31
1514892937011356,-29,-25,-3,46,5,-8,0,0
1514892937032360,26,23,-43,-42,3,-13,-19,73
1514892937032360,-10,-3,-4,-2,-9,-8,-8,64
1514892937033862,27,34,7,17,5,-4,-28,-68
1514892937033862,-25,-16,30,10,-21,-5,2,-12
1514892937054876,-19,23,4,8,-18,-2,20,40
1514892937054876,-22,-85,-11,-32,36,-6,-12,-14
1514892937056380,25,-12,-44,7,1,-2,-7,50
1514892937056380,-56,-60,10,-65,-30,-8,-4,-18
1514892937070900,20,-5,-21,18,11,-7,-34,-85
1514892937070900,31,-2,12,29,17,-1,-21,-46
1514892937072413,-38,38,17,-2,-2,0,-4,-34
1514892937072413,21,-2,-48,16,-7,-3,16,12
1514892937092403,-56,-41,10,-67,-16,-9,17,20
1514892937092403,11,-60,-6,-28,1,7,-14,-24
1514892937093914,14,113,12,41,7,1,13,-6
1514892937093914,-55,-51,-18,-28,-16,-12,-15,-53
1514892937105912,10,35,12,-1,8,10,14,51
1514892937105912,-21,-37,-10,-2,4,-9,-4,-10
1514892937114931,0,57,0,-26,-11,-1,7,34
1514892937114931,28,6,3,-24,-4,-5,1,-44
1514892937130431,12,56,17,3,-1,9,16,0
1514892937130431,6,-9,-18,-68,-18,-15,-39,-32
1514892937133944,-8,-20,-4,22,-11,-4,-7,3
1514892937133944,13,-24,11,13,22,3,-5,-39
1514892937151955,-15,7,38,4,-8,-2,-6,0
1514892937151955,-6,21,-38,5,-9,10,23,-6
1514892937153956,1,-61,13,3,8,2,19,55
1514892937153956,20,65,-36,-17,-20,-11,-21,-24
1514892937166465,18,-41,16,21,9,4,-8,-27
1514892937166465,-17,33,-7,-11,-12,2,18,37
1514892937173961,17,-14,10,-27,-27,-10,-14,10
1514892937173961,-5,10,4,46,17,2,-23,37
1514892937190482,14,24,-5,-24,7,6,9,-80
1514892937190482,5,-28,14,-17,-15,-5,18,24
1514892937192488,-9,45,-6,-20,-6,-2,12,59
1514892937192488,-4,-30,-8,11,11,7,3,-16
1514892937212489,-39,-8,-11,8,-27,-19,-21,-11
1514892937212489,10,54,11,-15,23,10,3,-34
1514892937216000,-48,-33,-2,29,0,-2,8,-23
1514892937216000,38,5,25,16,-3,7,10,106
1514892937226498,-4,27,-30,16,-8,-1,-9,-67
1514892937226498,-28,-34,2,-36,-4,-4,10,-13
1514892937233515,11,22,6,72,44,14,-30,-3
1514892937233515,-21,-3,-34,-22,3,-16,-4,6
1514892937250023,9,-53,24,20,8,23,27,62
1514892937250023,-5,51,8,14,2,-10,-27,18
1514892937252015,-12,-71,7,-5,-14,-1,0,-32
1514892937252015,18,-13,-11,-25,8,9,11,25
1514892937272030,34,-25,3,-15,-2,1,-6,35
1514892937272030,10,43,14,29,13,5,8,-11
1514892937274032,-55,-82,-59,-45,-14,-14,11,42
1514892937274032,40,53,64,-11,3,7,-24,-61
1514892937286040,-29,-30,-38,29,32,-2,13,19
1514892937286040,4,-9,7,-16,0,-3,-21,-64
1514892937295547,32,10,22,11,-5,19,24,16
1514892937295547,3,57,16,18,-13,-10,-3,1
1514892937309569,-15,-29,19,1,-7,0,13,55
1514892937309569,-5,-6,-34,0,8,-1,-10,-17
1514892937311069,25,27,3,-2,-5,-17,-19,-14
1514892937311069,-19,-20,-25,-32,-12,-1,-4,-33
1514892937340080,4,27,10,6,3,-12,-16,-4
1514892937340080,-9,-11,-4,-1,14,10,52,65
1514892937341579,-46,-73,-12,-2,-19,-13,-57,-79
1514892937341579,-4,36,16,14,18,8,10,18
1514892937346094,-22,-12,-7,0,-32,-15,-11,-32
1514892937346094,38,10,4,4,-10,9,16,47
1514892937364106,27,9,17,-45,6,10,4,-20
1514892937364106,-17,-43,-11,15,10,2,12,-14
1514892937369609,10,24,5,-1,-18,4,6,32
1514892937369609,11,-5,3,-1,3,-13,-21,-30
1514892937371110,-7,25,3,12,22,-1,4,8
1514892937371110,-20,-30,7,-10,-32,-1,12,3
1514892937392115,12,18,-31,-10,-5,5,9,1
1514892937392115,8,-35,27,37,30,3,0,33
1514892937394617,-24,13,-12,14,-20,-30,-19,-10
1514892937394617,19,12,4,-12,-9,-2,-6,37
1514892937406139,13,7,-10,-24,1,6,9,-27
1514892937406139,-2,-17,-12,-20,-24,4,16,16
1514892937414640,-11,6,1,-25,-5,2,-7,-1
1514892937414640,9,21,10,48,38,6,19,-20
1514892937429645,-3,-9,-10,-51,-36,-36,-19,21
1514892937429645,-10,4,5,-22,3,5,-11,-30
1514892937431142,-2,0,-17,17,-6,3,21,7
1514892937431142,17,56,-11,15,-9,-5,-9,1
1514892937452171,1,11,13,-3,15,9,4,-8
1514892937452171,-17,-21,8,40,-17,-11,-15,-66
1514892937453668,4,18,9,-52,-36,-4,9,0
1514892937453668,-20,-38,-31,-20,60,4,-4,17
1514892937465667,5,-29,-2,13,-11,6,5,0
1514892937465667,20,33,15,6,-20,-3,-4,13
1514892937475173,-3,15,10,47,25,9,11,8
1514892937475173,8,-9,-28,-41,-19,-4,-19,-26
1514892937489683,-9,12,-17,1,12,-1,15,2
1514892937489683,-15,9,30,10,-3,-6,-16,-51
1514892937491185,22,-7,-8,4,9,7,21,83
1514892937491185,-26,-56,-20,-13,-23,-4,-13,-11
1514892937512199,-8,19,11,-12,6,-3,-3,-24
1514892937512199,-10,-1,2,59,-7,-3,-18,-45
1514892937513700,8,0,-27,-28,4,5,18,55
1514892937513700,-18,-31,9,16,19,-5,-12,12
1514892937525734,3,14,9,1,-2,-3,2,-36
1514892937525734,-28,10,-33,-14,4,3,3,-1
1514892937534720,6,2,3,3,5,-8,-20,-63
1514892937534720,-10,-14,1,-4,-15,1,32,27
1514892937549725,27,21,13,22,3,3,-11,38
1514892937549725,19,3,-12,-20,-14,0,-2,74
1514892937552227,-4,-44,-24,25,21,-6,-12,-59
1514892937552227,-11,-19,3,-15,-14,-5,23,34
1514892937572241,-12,-5,-3,-29,6,1,-13,1
1514892937572241,0,-9,-12,-13,6,4,6,-2
1514892937575744,7,19,11,-3,-30,-3,5,-3
1514892937575744,7,5,6,24,14,0,-23,-21
1514892937585751,-1,-13,-4,4,-1,9,23,7
1514892937585751,-21,-13,-16,-7,2,-6,-23,-7
1514892937594758,23,23,23,-6,0,1,16,43
1514892937594758,11,30,6,-17,-8,4,-1,-40
1514892937609768,-18,-37,7,24,10,4,-11,-16
1514892937609768,-1,5,0,29,26,17,44,-27
1514892937611275,-9,0,-8,-56,-30,-14,-27,15
1514892937611275,-1,4,14,49,24,2,9,45
1514892937639802,-4,-26,-17,9,5,2,-28,-34
1514892937639802,-30,-40,-8,-26,-20,-14,5,21
1514892937642293,-1,-6,-17,18,2,-2,-12,-65
1514892937642293,10,7,31,-18,-33,-3,-6,-19
1514892937645804,-20,-12,-3,11,13,-5,8,12
1514892937645804,7,-14,-15,-21,16,3,0,31
1514892937654801,-2,33,10,3,-4,3,3,-32
1514892937654801,-14,-14,-29,-28,-7,4,-2,-7
1514892937669828,36,32,15,55,1,-2,10,71
1514892937669828,-15,6,11,-42,-16,-7,-14,-29
1514892937672325,8,-11,21,26,20,9,26,60
1514892937672325,10,20,-14,-7,-24,-2,-4,-25
1514892937699832,-26,15,-10,11,12,-7,-19,-41
1514892937699832,17,-9,-19,-25,-12,-7,12,1
1514892937701333,-13,-19,17,4,-19,-9,-19,-4
1514892937701333,-20,-36,-28,-20,-9,-9,-7,-15
1514892937705836,-9,12,-6,-3,9,5,-8,-33
1514892937705836,6,-8,3,5,9,2,21,82
1514892937720846,-4,32,-11,11,-10,-5,-29,-53
1514892937720846,15,2,11,-6,-3,2,4,21
1514892937729853,-10,-3,3,-14,-8,-6,2,15
1514892937729853,5,1,15,12,-15,8,1,-29
1514892937733355,6,-6,-7,-10,21,4,12,-12
1514892937733355,-9,-25,-3,26,29,18,18,26
1514892937752369,15,11,-24,-41,-21,-3,2,-13
1514892937752369,2,32,27,37,12,-2,-12,-34
1514892937753870,-4,-28,12,-7,-14,-2,10,-13
1514892937753870,6,31,0,-15,1,-2,-3,16
1514892937774885,25,0,16,11,8,6,0,-50
1514892937774885,-25,-35,-28,17,3,0,-5,16
1514892937776387,18,23,7,-13,16,-4,-10,30
1514892937776387,0,-10,-5,12,3,-3,7,1
1514892937789895,9,25,9,-2,-18,0,-1,0
1514892937789895,-19,-35,-13,-20,7,-3,10,-24
1514892937791398,2,25,24,23,13,3,-12,-49
1514892937791398,-12,-18,-41,0,-1,10,8,55
1514892937812426,6,-14,2,-17,-19,-4,-15,2
1514892937812426,-9,28,29,-13,9,-2,29,17
1514892937813922,-24,-63,-28,12,-9,-2,-9,-7
1514892937813922,-19,-7,4,-22,3,-11,-26,-52
1514892937834436,14,18,5,6,7,1,14,67
1514892937834436,-19,-30,12,-15,-20,-11,-1,17
1514892937836438,1,-11,-47,-18,-2,-2,-10,2
1514892937836438,-22,13,22,-22,-22,-7,-9,-35
1514892937849437,-5,-21,-4,14,2,-10,-3,43
1514892937849437,19,7,10,9,0,0,-28,-93
1514892937851439,-11,7,-29,-12,0,-5,16,24
1514892937851439,-1,-26,22,36,-9,-8,-11,-16
1514892937872466,-3,20,-4,-14,9,-2,-8,-11
1514892937872466,8,-10,-3,-25,-40,-9,11,30
1514892937875456,2,34,0,35,78,18,14,-26
1514892937875456,19,-10,2,-8,-8,2,6,25
1514892937894469,-23,-26,-2,2,2,0,3,-4
1514892937894469,10,25,-1,6,-4,2,-17,-38
1514892937896473,18,0,16,-9,-22,-3,2,22
1514892937896473,6,10,5,3,13,-2,6,-28
1514892937916995,8,25,13,4,-13,-5,-20,-3
1514892937916995,-2,-2,-13,36,19,8,2,11
1514892937919012,2,9,-8,-29,-31,-15,-14,15
1514892937919012,9,8,2,-9,17,8,12,5
1514892937931996,-30,-49,-13,-10,-19,-8,-13,-39
1514892937931996,8,-2,-5,32,7,-5,0,32
1514892937933497,-2,-9,-3,-1,14,8,-2,-18
1514892937933497,-13,0,-17,-2,-16,1,3,5
1514892937954521,-3,-6,19,-15,-9,-7,-3,-4
1514892937954521,11,21,0,7,7,5,16,51
1514892937956024,6,2,4,35,-12,-4,-19,-20
1514892937956024,2,-10,0,-32,11,1,-6,-19
1514892937969022,-3,3,-1,1,-1,4,2,-2
1514892937969022,2,8,-10,-2,-17,-7,2,9
1514892937976033,-30,-28,26,-2,22,11,5,-10
1514892937976033,6,-5,-16,18,-11,-6,-5,18
1514892937992038,-11,-10,-10,4,11,1,15,3
1514892937992038,20,26,-8,-1,7,10,3,-34
1514892937993541,1,15,1,-27,-12,-4,29,110
1514892937993541,-30,-22,20,27,-18,-14,-50,-93
1514892938014554,38,-2,7,-16,13,9,16,18
1514892938014554,-19,-10,-16,0,2,2,-6,15
1514892938016055,-1,12,-1,0,-40,-15,-24,-37
1514892938016055,3,-3,1,32,47,13,15,3
1514892938029065,12,44,-13,-29,-25,-2,19,22
1514892938029065,-10,-24,0,-28,15,2,1,25
1514892938036069,8,-16,-19,-9,-4,1,-4,-17
1514892938036069,17,19,25,13,-17,-7,27,46
1514892938059596,-7,13,1,1,18,0,-11,-43
1514892938059596,2,-11,13,-1,-1,-9,-6,9
1514892938061097,-9,-30,2,-6,-12,3,1,-6
1514892938061097,-3,28,-14,9,-8,2,-3,0
1514892938074603,-1,-5,-18,-28,4,1,-3,20
1514892938074603,7,18,-15,22,17,-1,-6,-12
1514892938076097,3,12,17,-6,8,10,11,-28
1514892938076097,11,25,15,-72,-19,-5,-21,33
1514892938089107,-13,-6,-15,69,5,-14,-16,-19
1514892938089107,-6,-4,5,-32,-1,7,41,25
1514892938096126,-6,-20,-25,12,17,1,-43,-15
1514892938096126,3,8,20,-11,-13,-7,5,26
1514892938112123,-10,-12,-10,-20,-12,-14,-20,-39
1514892938112123,1,-12,22,50,7,-3,-1,27
1514892938113624,-10,1,-16,-26,15,-2,-1,-41
1514892938113624,-2,-18,-11,-13,-1,5,11,13
1514892938134639,20,31,28,2,-6,12,21,72
1514892938134639,-18,-24,-1,10,-3,6,-24,-46
1514892938136141,-4,-17,5,3,-11,-11,3,46
1514892938136141,1,13,-20,18,17,-4,-24,-49
1514892938149149,-11,6,14,-7,0,4,9,10
1514892938149149,3,-11,-9,-27,-17,-6,-5,-16
1514892938163167,4,4,7,40,-3,-5,-14,0
1514892938163167,-10,-1,-1,10,24,11,22,-12
1514892938172175,44,29,-3,18,0,1,-12,16
1514892938172175,-7,1,-46,-68,-4,0,-14,-21
1514892938173679,3,-6,22,-33,-36,-7,18,15
1514892938173679,-16,0,5,28,17,-3,-2,2
1514892938195191,-15,-37,0,20,-6,-6,-7,-55
1514892938195191,22,26,7,-22,5,5,-3,5
1514892938196692,0,-9,-8,-3,-3,-2,21,28
1514892938196692,5,1,-1,4,-6,4,2,-4
1514892938208193,-5,-6,-1,-4,-9,-3,19,36
1514892938208193,-6,0,14,6,-13,-7,-11,-50
1514892938218208,4,7,-22,8,16,7,12,-8
1514892938218208,-1,6,11,18,-20,-15,-15,-17
1514892938231708,4,-9,-23,-28,13,1,11,7
1514892938231708,-41,-43,-20,-12,-18,-4,-17,-16
1514892938239713,-1,21,7,13,4,-3,3,28
1514892938239713,-1,-11,8,27,-1,-10,-21,-48
1514892938254724,-6,16,0,-6,3,1,16,7
1514892938254724,8,9,-3,-6,0,0,-6,26
1514892938256225,-10,-14,36,33,-27,-2,-1,-50
1514892938256225,16,14,-70,-24,50,11,7,42
1514892938268246,-20,-13,29,-30,-17,-13,-21,-16
1514892938268246,-13,-24,9,10,8,-3,-2,-50
1514892938277245,15,29,-19,-30,-18,4,5,1
1514892938277245,0,-18,4,51,-1,5,9,62
1514892938292251,-1,-11,-1,-15,20,10,-19,-49
1514892938292251,9,4,-17,-4,5,-7,-4,-8
1514892938294753,-3,7,16,15,5,-2,2,18
1514892938294753,14,15,12,-1,-47,-19,-5,-46
1514892938315267,-16,-23,-26,-39,8,6,1,16
1514892938315267,-2,13,-1,11,16,0,10,24
1514892938318769,4,5,18,-1,16,12,-9,-14
1514892938318769,7,27,-22,-25,-19,-2,3,19
1514892938328276,-10,-26,-7,1,-4,-9,-11,31
1514892938328276,18,2,0,17,17,4,-4,-38
1514892938337294,-9,-14,-8,-6,-3,-18,-6,20
1514892938337294,6,-3,15,-3,-10,-1,8,6
1514892938352305,14,21,5,-3,-8,0,-4,-19
1514892938352305,1,-2,-18,-14,-2,-3,-5,50
1514892938353794,6,24,-3,22,-18,-9,-2,17
1514892938353794,-14,-54,-2,-37,17,12,11,4
1514892938375810,6,4,1,-6,-7,-1,-25,-27
1514892938375810,-9,13,3,4,-4,5,34,43
1514892938377811,-1,6,-12,-31,-14,-8,-55,-84
1514892938377811,0,-13,36,41,19,6,26,52
1514892938388331,-23,-39,-46,8,-9,-24,-26,-24
1514892938388331,4,7,19,-7,-4,6,9,-5
1514892938398336,13,2,1,1,-7,0,18,44
1514892938398336,-7,0,-30,-38,-3,-1,-12,-72
1514892938412343,-18,-21,5,-2,11,5,16,75
1514892938412343,18,16,50,36,5,7,-4,-29
1514892938413836,-25,-21,-14,26,-5,-8,13,-1
1514892938413836,-13,0,-15,-56,2,-4,-20,-9
1514892938434350,-2,0,9,35,0,8,19,30
1514892938434350,1,-5,-41,-29,-16,-13,-24,-27
1514892938442356,14,35,25,-8,8,7,-7,-4
1514892938442356,-29,-23,9,9,-2,-9,-3,-4
1514892938448360,9,17,-9,-26,-14,-6,-4,-14
1514892938448360,-6,16,21,-2,-17,3,8,10
1514892938457377,0,-18,0,-2,20,8,28,46
1514892938457377,-2,-4,2,12,-22,-13,-40,-2
1514892938472884,20,20,14,13,1,0,3,-13
1514892938472884,-29,-40,-34,-9,-30,-12,-17,-21
1514892938476381,1,-30,-2,32,34,17,23,50
1514892938476381,9,26,-22,-58,5,-3,-15,-55
1514892938494893,5,16,14,31,0,5,11,-31
1514892938494893,8,4,8,3,-4,2,6,34
1514892938496395,2,-3,6,-25,1,-3,-16,-9
1514892938496395,1,-3,-14,14,7,7,49,80
1514892938508406,13,13,1,51,-6,-6,-42,-91
1514892938508406,11,42,-13,-59,11,4,0,0
1514892938519411,-41,-57,2,-22,-14,-11,-5,-35
1514892938519411,18,22,22,13,-7,8,36,34
1514892938531920,-9,-14,-8,1,-14,2,1,19
1514892938531920,25,16,1,32,24,2,2,35
1514892938533921,8,8,24,-5,-6,-3,-6,-19
1514892938533921,-25,5,-2,-7,-6,-7,-21,-49
1514892938554936,6,-5,-24,-22,-3,-1,7,48
1514892938554936,0,-6,9,18,-4,-5,-6,-5
1514892938556437,11,15,-19,-4,20,12,9,7
1514892938556437,-3,-1,3,5,-10,4,2,-6
1514892938568446,-6,-18,14,-1,0,4,-3,25
1514892938568446,-9,-17,0,-8,-12,-6,-6,-39
1514892938577452,9,-27,-7,-5,11,0,-6,-18
1514892938577452,-24,2,4,-6,-17,-6,6,-1
1514892938591963,8,14,-5,-2,-1,-4,-4,-4
1514892938591963,-3,-16,15,25,3,-6,12,55
1514892938593963,12,10,-19,0,-7,3,-3,-33
1514892938593963,16,20,25,-10,6,6,0,26
1514892938614478,0,12,-17,18,23,16,16,3
1514892938614478,8,-13,-8,25,-11,-2,3,4
1514892938616479,-29,-36,1,8,14,-6,4,-7
1514892938616479,5,5,-19,-34,3,-13,-13,-37
1514892938628488,-3,-4,-1,-30,-7,3,19,2
1514892938628488,12,26,-9,16,10,-8,-10,18
1514892938637495,-8,-11,18,5,-4,9,8,-8
1514892938637495,10,16,-7,24,-7,5,9,4
1514892938651505,-2,16,4,-18,-3,-5,6,4
1514892938651505,-13,-25,19,1,5,8,-2,-14
1514892938658510,-5,13,-15,-10,11,-7,-24,-20
1514892938658510,7,-19,1,-1,12,9,17,11
1514892938674521,-2,15,16,14,0,0,0,-26
1514892938674521,-9,-34,-3,-10,0,5,-9,-13
1514892938676021,5,26,2,-8,-14,-9,-3,-6
1514892938676021,-10,-42,-1,-8,-2,-1,-16,3
1514892938697037,-2,1,-9,-4,-16,-17,-13,-10
1514892938697037,33,35,14,21,23,7,11,8
1514892938703041,-47,-44,-42,0,-17,-20,8,12
1514892938703041,19,31,19,3,-23,-10,-17,-11
1514892938712047,-11,-28,-13,-14,29,7,20,14
1514892938712047,7,28,0,-7,-12,-8,-32,-59
1514892938713548,-12,4,2,5,-30,-3,9,37
1514892938713548,15,-6,2,-16,13,0,-3,25
1514892938735568,-1,-4,12,9,11,-3,-14,-51
1514892938735568,-15,-13,-23,2,-1,2,8,-8
1514892938737064,23,25,-7,2,15,-2,-10,39
1514892938737064,-46,-17,11,2,-17,-6,-7,-19
1514892938757083,8,29,19,1,-13,-8,-12,-6
1514892938757083,-9,-25,-32,-26,4,-6,2,34
1514892938758590,5,14,15,36,7,2,-2,-63
1514892938758590,-23,-7,-7,9,-5,-15,-16,33
1514892938772099,6,8,-12,-4,0,-2,2,5
1514892938772099,-6,-4,-26,-40,-18,-9,-12,-20
1514892938773592,-12,-15,20,24,-25,-1,14,10
1514892938773592,11,28,-14,-9,39,7,8,-9
1514892938795116,5,13,17,21,-9,-1,-6,-19
1514892938795116,-23,-41,-2,-14,-6,0,10,5
1514892938798625,19,20,0,10,5,9,-14,-14
1514892938798625,-1,-3,-33,-34,-30,-8,-2,3
1514892938817635,14,41,17,13,2,8,15,30
1514892938817635,-17,-49,3,-16,27,-3,-8,-6
1514892938819647,3,18,3,-26,0,-3,-6,-25
1514892938819647,12,7,-4,14,-11,-3,5,27
1514892938831632,-23,-12,3,9,-1,-1,-7,3
1514892938831632,-2,1,13,-16,-12,0,4,-39
1514892938838148,6,-1,-5,-7,13,4,10,24
1514892938838148,-3,-16,0,-18,-23,-14,-13,-22
1514892938854658,4,-5,-6,5,23,10,11,30
1514892938854658,4,21,0,4,3,3,-5,-29
1514892938856149,-11,-17,13,1,-6,-3,7,30
1514892938856149,16,1,-17,16,-2,-5,-4,-33
1514892938877164,-20,-11,-18,-24,-9,1,-5,18
1514892938877164,17,16,7,13,11,7,6,13
1514892938878664,3,-19,-15,-8,2,3,7,-4
1514892938878664,-8,4,4,3,-9,5,7,6
1514892938892175,4,-9,15,11,-10,-10,5,14
1514892938892175,9,14,-11,-24,8,-1,-9,3
1514892938898178,7,7,-22,3,-10,0,2,5
1514892938898178,-1,8,42,15,15,27,33,21
1514892938914690,-11,-20,-41,-4,12,-6,-19,-53
1514892938914690,-9,16,17,-4,-11,0,12,22
1514892938916191,15,4,5,9,-1,-4,-8,-2
1514892938916191,-2,7,-2,-2,7,4,4,20
1514892938937206,-20,-22,5,-9,-19,-4,10,1
1514892938937206,8,4,1,31,4,-5,-28,-2
1514892938938707,-3,-5,15,-21,-4,-2,4,24
1514892938938707,-5,8,-6,-33,-4,-5,-16,-18
1514892938951216,-2,-15,14,20,-8,-5,14,10
1514892938951216,-9,-5,-16,-24,-8,-7,-19,-7
1514892938958726,2,-5,-8,-3,9,-3,-8,2
1514892938958726,1,-1,9,53,2,2,-4,-13
1514892938974732,12,14,-11,-10,17,1,-5,7
1514892938974732,-21,-11,-2,4,-16,-3,3,2
1514892938976233,-14,-23,-2,-16,-10,-3,-8,-29
1514892938976233,-8,0,2,-10,2,-4,-9,-9
1514892938998249,32,42,5,-1,-9,5,6,14
1514892938998249,-4,-32,4,58,-15,-18,-3,20
1514892939001753,9,-12,2,-45,17,9,-10,-11
1514892939001753,18,-7,-13,4,3,0,1,-3
1514892939011282,-13,2,17,5,1,5,25,40
1514892939011282,30,30,-5,9,-4,1,-28,-12
1514892939025793,-4,-7,11,23,-12,-7,-6,-8
1514892939025793,-19,-18,-6,-18,11,8,-5,-29
1514892939034799,16,26,19,22,9,1,4,14
1514892939034799,-22,2,-38,-8,9,7,8,14
1514892939036300,-6,-15,7,-19,-12,2,6,-17
1514892939036300,7,-10,-5,14,4,-7,-7,26
1514892939057319,-17,2,-14,-21,-20,-6,-10,-17
1514892939057319,-19,-31,26,41,-22,-7,10,26
1514892939058824,14,27,-8,-36,20,-2,-13,-56
1514892939058824,3,-3,-18,22,-2,-3,-7,14
1514892939071326,-13,-18,1,-9,7,2,-2,-12
1514892939071326,11,18,8,-18,-16,0,23,10
1514892939078330,-23,1,-7,18,4,0,-2,-26
1514892939078330,29,-5,24,11,13,6,10,14
1514892939094842,10,15,-17,-4,-17,-12,-21,-31
1514892939094842,15,4,-4,-40,-9,3,10,6
1514892939097343,-12,-3,-15,43,34,14,24,35
1514892939097343,-3,11,7,-2,-1,-2,-12,-46
1514892939117358,27,0,0,7,7,3,-13,19
1514892939117358,-3,-5,9,11,-7,-3,9,-10
1514892939118859,7,20,-15,-79,-4,2,6,13
1514892939118859,-21,-28,13,-5,-6,3,14,18
1514892939131367,13,5,15,16,8,-1,-13,-11
1514892939131367,-12,-7,-14,-24,8,-2,0,0
1514892939138373,22,63,37,34,-18,-9,-17,-4
1514892939138373,-49,-89,-65,12,10,1,1,6
1514892939154884,-8,6,3,-30,-2,-5,-4,-57
1514892939154884,2,27,8,3,8,6,-3,-17
1514892939156404,-23,-47,-23,35,-2,-11,-9,4
1514892939156404,0,32,-2,-8,-4,-7,-1,-13
1514892939176900,3,-2,18,-1,-19,0,6,21
1514892939176900,-1,-9,-1,-13,20,2,0,-25
1514892939183404,7,17,3,5,-17,9,18,9
1514892939183404,7,23,13,-24,-2,-3,-6,-2
1514892939190915,-11,-17,-17,5,-19,-20,15,25
1514892939190915,19,28,3,-33,8,2,-19,-52
1514892939207422,-19,-28,6,4,-7,5,19,36
1514892939207422,15,35,6,10,-6,-5,-25,-29
1514892939214927,-7,-11,-15,-21,23,5,1,10
1514892939214927,-6,12,8,13,-11,-3,2,-4
1514892939218929,6,-24,-18,-19,-7,-4,-9,3
1514892939218929,19,36,23,46,-10,-3,15,17
1514892939237942,-12,-20,-17,-62,-16,-5,-9,-14
1514892939237942,-1,-15,-21,0,25,5,14,58
1514892939239444,8,5,6,1,5,-8,-20,-45
1514892939239444,12,4,-7,-32,-18,-7,-1,-2
1514892939250952,-5,5,17,7,-10,0,-5,-24
1514892939250952,-35,-39,-24,16,15,-4,-4,12
1514892939259959,11,22,5,15,-21,0,6,16
1514892939259959,-18,-9,-5,16,-15,-6,2,9
1514892939274978,-2,-2,-9,-15,35,17,12,14
1514892939274978,15,14,18,7,-5,4,-18,-27
1514892939276470,-15,-15,-4,20,-6,-10,-8,-30
1514892939276470,5,5,-15,7,-6,-1,-3,31
1514892939296985,-15,-21,19,-32,-1,-3,-23,-19
1514892939296985,13,30,-9,13,4,4,11,-12
1514892939304991,-5,-54,22,-3,2,7,6,16
1514892939304991,-17,-1,2,-31,2,-4,0,-6
1514892939311000,2,4,-25,32,-14,-4,-2,-29
1514892939311000,3,-27,2,-9,-5,-5,8,24
1514892939320002,-5,11,-3,-24,1,4,-13,-7
1514892939320002,4,6,20,40,19,1,7,6
1514892939334535,22,16,-16,-10,-11,4,0,-5
1514892939334535,-10,-22,-4,-17,2,5,11,3
1514892939337036,19,5,-3,24,-8,11,4,7
1514892939337036,7,-3,-7,-24,11,7,0,5
1514892939357028,-29,-22,-18,31,15,5,0,-6
1514892939357028,16,24,19,-11,-19,-9,0,2
1514892939359029,-5,16,-6,10,6,-5,-16,6
1514892939359029,3,-19,-2,-13,-5,4,1,-12
1514892939371547,-11,-13,-12,6,-3,-3,2,15
1514892939371547,-16,26,1,-13,-4,1,-18,-22
1514892939379542,23,0,20,-3,-4,-5,17,40
1514892939379542,13,7,12,1,5,6,-1,-11
1514892939394553,-14,5,-37,25,-8,-16,-8,-2
1514892939394553,-7,-15,3,-25,-9,-6,13,42
1514892939396064,-12,-6,-13,-15,3,2,-21,-43
1514892939396064,-14,-4,27,-9,-4,-5,-21,8
1514892939418070,9,-3,16,24,9,13,1,-24
1514892939418070,3,15,-18,15,1,1,0,-21
1514892939419572,-7,-2,22,-2,7,-2,8,-11
1514892939419572,-1,-1,-33,-29,-17,-4,9,0
1514892939430579,-8,8,20,-4,-9,0,-4,0
1514892939430579,-13,-21,-9,7,5,-4,-2,13
1514892939439603,14,5,-2,-16,-5,-15,7,24
1514892939439603,-11,6,-3,46,-5,-8,-23,-31
1514892939453605,1,-4,-17,-48,13,0,19,13
1514892939453605,3,0,18,17,-9,-5,-18,30
1514892939462102,-12,-7,-27,14,24,-7,-15,-57
1514892939462102,10,11,7,-7,-2,-3,12,45
1514892939477124,5,12,-7,-9,-2,-4,-5,-4
1514892939477124,8,-5,27,17,-3,-6,-5,-16
1514892939478623,-17,-17,-31,-25,-9,-2,3,8
1514892939478623,10,-9,3,-1,4,3,12,-3
1514892939491134,-7,0,28,-9,-22,-12,-6,15
1514892939491134,6,-10,-41,27,12,3,-1,-49
1514892939499628,-22,3,-13,-23,6,4,7,-5
1514892939499628,-1,-5,-13,4,-19,-5,1,-27
1514892939514639,21,8,29,0,9,4,-5,19
1514892939514639,-18,-13,-2,7,2,-1,5,4
1514892939522144,10,-7,27,8,1,0,9,25
1514892939522144,7,11,1,-23,-4,-2,-11,-10
1514892939537667,-22,-44,-25,38,-6,-5,-7,-8
1514892939537667,6,4,11,-7,-3,-5,-2,1
1514892939539168,18,20,-10,4,17,15,16,64
1514892939539168,-25,-9,7,-1,2,-10,-7,-54
1514892939550673,-5,-11,-16,0,-16,-6,-17,-39
1514892939550673,0,-19,-16,-9,8,5,7,33
1514892939560180,-18,9,7,5,-15,-6,-13,28
1514892939560180,7,-20,5,11,1,5,3,-7
1514892939582197,13,27,7,-55,11,10,12,25
1514892939582197,7,-5,-6,-14,-9,1,6,-50
1514892939583697,-9,5,0,10,3,-4,-4,-2
1514892939583697,11,10,10,3,-3,-7,6,22
1514892939597196,20,-9,-1,23,0,-4,3,6
1514892939597196,-3,-5,12,7,-6,1,-5,2
1514892939599700,18,3,-18,-30,-5,-9,-9,1
1514892939599700,-4,3,-3,15,22,12,3,-6
1514892939619712,-23,-17,3,-12,-29,-18,-11,2
1514892939619712,13,-2,-33,10,25,11,-6,-1
1514892939621214,-1,1,14,14,-11,-1,0,-27
1514892939621214,-10,7,-24,47,-4,-7,0,14
1514892939634732,9,11,23,-18,23,5,-5,-13
1514892939634732,-10,-18,-11,-21,-6,0,2,4
1514892939636234,3,3,12,9,-11,-13,-11,-25
1514892939636234,-16,-21,1,-19,5,0,0,15
1514892939657740,28,38,1,7,-20,-16,-1,14
1514892939657740,-10,0,6,52,21,14,13,2
1514892939659241,7,-21,-15,-33,2,7,3,5
1514892939659241,-4,-7,-12,-26,-4,-5,-16,-10
1514892939679755,11,22,4,22,-7,4,14,-4
1514892939679755,-5,-18,9,-23,-5,-8,-9,19
1514892939683257,2,17,23,27,2,-11,2,-6
1514892939683257,11,6,-31,-10,-9,-5,-9,-11
1514892939694765,7,-6,-18,-18,21,16,15,29
1514892939694765,-9,-10,5,-1,-23,-5,3,-3
1514892939696267,-6,1,-6,11,24,10,0,-3
1514892939696267,3,-11,16,-24,-20,-10,-8,7
1514892939717281,-20,-8,-9,19,-1,-5,-14,-13
1514892939717281,1,11,13,21,-7,-3,15,30
1514892939718782,10,7,-7,-21,14,-4,-14,-36
1514892939718782,-9,-1,-6,-31,-1,7,5,33
1514892939739799,-24,-39,-18,16,-11,-7,-17,-36
1514892939739799,-1,-8,27,-31,-10,-6,0,-11
1514892939741299,0,3,-7,15,-32,-3,8,18
1514892939741299,27,38,12,35,28,15,8,-24
1514892939754808,-38,-33,10,5,23,1,-25,-10
1514892939754808,11,3,-10,-8,-9,1,3,10
1514892939756309,3,-4,14,30,1,3,0,8
1514892939756309,-10,-2,-9,-41,2,-5,-3,-21
1514892939777824,15,24,13,3,-10,-8,4,14
1514892939777824,-17,-13,-11,12,18,-5,-13,-26
1514892939779325,-12,2,-6,-21,-11,-2,3,-5
1514892939779325,-6,-6,-5,-7,5,5,13,28
1514892939799839,9,-1,-15,-8,-4,4,11,7
1514892939799839,7,32,20,-21,-15,-8,2,-15
1514892939801341,2,-19,4,5,7,0,-18,-1
1514892939801341,-3,6,5,13,0,-4,-8,-13
1514892939813850,15,2,5,1,-1,-2,6,25
1514892939813850,-7,9,-3,-1,-8,5,11,-4
1514892939828360,-10,-2,6,14,-4,-5,-17,3
1514892939828360,12,3,-44,-27,-9,6,3,-22
1514892939837372,0,-5,11,18,6,12,14,22
1514892939837372,16,14,-3,-25,-6,-4,-7,-21
1514892939838880,0,6,-12,3,20,4,6,0
1514892939838880,-14,3,56,13,-12,1,-3,6
1514892939859882,6,-1,-38,64,-2,-3,11,5
1514892939859882,4,5,21,-45,20,5,-12,7
1514892939861384,-29,-6,-11,1,-25,-19,-12,19
1514892939861384,-5,-15,8,12,-1,0,0,-22
1514892939873892,-6,20,-1,-27,-12,1,3,-16
1514892939873892,13,-32,-9,48,43,9,3,13
1514892939880910,-1,-7,-4,-15,-1,1,8,8
1514892939880910,-5,-5,-30,10,-6,-7,5,40
1514892939896908,-1,11,28,-30,-11,-3,-22,-59
1514892939896908,0,6,-4,-7,-17,-12,-6,0
1514892939898910,-13,-16,-10,-19,-11,-1,5,1
1514892939898910,10,14,7,21,14,2,-2,-23
1514892939920425,-6,-15,-15,-6,2,-3,18,61
1514892939920425,-8,-35,0,-34,-24,-9,-24,-31
1514892939923427,26,38,-6,27,22,10,6,-6
1514892939923427,-21,-16,3,-36,-14,-2,16,27
1514892939933947,-1,17,19,12,10,7,-17,-34
1514892939933947,-5,-7,-22,16,-24,-10,2,25
1514892939940950,-16,-23,-2,-25,19,1,-22,-32
1514892939940950,5,7,-7,8,-11,1,6,20
1514892939956952,-14,-10,10,0,10,2,13,38
1514892939956952,-6,5,2,0,-7,2,-14,-32
1514892939958957,-9,-30,-24,-10,-10,1,13,-17
1514892939958957,12,35,10,24,-9,-5,-23,-1
1514892939979476,-11,-12,1,-24,23,2,-4,1
1514892939979476,-11,5,9,4,4,16,18,-4
1514892939981483,3,-5,-1,-3,-5,-3,14,26
1514892939981483,-4,5,-13,1,4,-7,-25,-15
1514892939993476,10,9,-9,-19,-14,-6,-7,-37
1514892939993476,-3,0,-14,8,7,2,-7,-3
1514892940002510,0,7,5,-13,-8,-3,4,-12
1514892940002510,-8,-22,-9,3,-4,-6,-7,-25
1514892940017003,9,27,10,-3,-6,-6,4,42
1514892940017003,-24,-27,-6,-8,5,-3,-4,-11
1514892940019004,19,29,8,15,5,7,11,17
1514892940019004,4,-18,-17,-15,-2,0,1,-2
1514892940039518,-21,-30,8,-19,-5,-13,10,1
1514892940039518,3,4,-8,29,1,0,-19,-28
1514892940041513,0,37,3,-7,-1,0,-3,9
1514892940041513,17,-7,6,-24,0,3,3,-22
1514892940054031,-1,-15,-3,5,5,2,12,0
1514892940054031,20,13,-19,-24,-8,-3,0,27
1514892940060534,2,7,-9,7,-5,-4,-1,-29
1514892940060534,-4,12,12,1,-5,-4,-2,18
1514892940077035,3,-8,3,-14,-8,1,-6,-10
1514892940077035,-7,-9,9,1,-15,-8,2,-8
1514892940078536,6,-8,-10,18,17,6,-3,17
1514892940078536,-7,-1,-1,-3,-10,-11,4,-5
1514892940100556,19,20,13,12,-2,6,-5,-7
1514892940100556,-20,-13,-29,-8,2,-4,-1,20
1514892940104055,-7,7,4,-5,-17,-3,1,23
1514892940104055,4,-8,1,-2,11,-1,-14,-39
1514892940113078,13,15,12,-11,-1,4,4,-7
1514892940113078,-5,-16,23,38,5,-1,-3,-11
1514892940128089,-14,-3,2,-13,-5,-4,6,8
1514892940128089,-3,6,5,-1,8,2,-13,0
1514892940137095,-5,-7,-22,8,0,0,2,5
1514892940137095,-18,-5,4,-6,-8,-5,-16,-41
1514892940138597,3,-11,0,-3,-5,-2,5,25
1514892940138597,2,7,15,10,5,2,7,9
1514892940159612,-8,-9,-37,-9,-3,-1,-7,-9
1514892940159612,35,58,23,6,3,4,16,28
1514892940161114,-3,-56,0,1,1,4,-6,-16
1514892940161114,-10,-19,-25,-16,-8,-5,-2,-6
1514892940173634,-4,35,5,27,-5,-3,-8,-10
1514892940173634,-20,-19,16,-18,4,3,8,11
1514892940182127,9,-8,-42,-15,-2,-5,-8,-21
1514892940182127,6,6,-2,-2,2,-1,2,15
1514892940197651,-9,-21,-1,2,-6,-4,-7,-10
1514892940197651,8,13,10,5,0,-3,3,5
1514892940199149,8,16,7,-1,-4,1,-2,-10
1514892940199149,-11,7,-9,-1,4,2,4,6
1514892940219654,-5,-20,17,3,-2,1,-1,0
1514892940219654,8,-7,-6,1,3,0,3,4
1514892940221155,-7,-7,12,-2,-4,2,-2,-5
1514892940221155,9,12,-3,4,6,0,2,2
1514892940233176,-8,-6,-10,-4,0,1,-5,-9
1514892940233176,4,1,-5,0,-2,-2,1,7
1514892940242170,-1,-6,1,-2,-5,-2,-4,-6
1514892940242170,-2,-2,7,3,5,2,2,5
1514892940257190,0,-7,-6,-6,-6,-3,-6,-5
1514892940257190,-3,-7,-13,-8,0,0,1,3
1514892940258684,2,16,2,-4,-3,-4,-4,-6
1514892940258684,1,-18,5,2,3,1,2,1
1514892940279696,-1,-7,-5,-2,-4,-1,-2,-2
1514892940279696,7,9,-6,-3,3,4,2,2
1514892940281197,-3,-2,8,13,-1,-3,-2,-2
1514892940281197,-6,-2,1,-7,-2,-3,1,-1
1514892940293206,5,5,-8,-2,-2,-1,-1,2
1514892940293206,-2,-7,-1,0,-2,-2,-3,-2
1514892940302213,-4,-1,6,-3,-1,-1,-1,-3
1514892940302213,-1,1,-1,0,-4,1,1,-1
1514892940317767,3,2,-5,-2,0,-2,-1,1
1514892940317767,-3,-3,-1,-5,-3,-4,1,-1
1514892940319268,-5,-3,2,-2,-4,0,-2,-4
1514892940319268,0,3,-5,2,0,-1,0,2
1514892940341293,-1,-2,0,-2,-1,1,-2,-1
1514892940341293,-3,-6,0,1,-2,-2,-1,0
1514892940342783,1,5,-5,-2,-1,-2,-4,0
1514892940342783,-2,-3,3,-1,-1,-1,1,-1
1514892940353291,2,-3,-1,-1,1,0,0,-1
1514892940353291,0,0,5,3,-3,0,0,0
1514892940368302,1,1,-3,-1,1,-1,-2,-2
1514892940368302,-1,0,-3,-2,-1,1,-1,-2
1514892940376308,-2,-4,-5,-2,0,0,0,-2
1514892940376308,-2,-5,-6,-4,-2,-3,-2,-4
1514892940384814,-2,0,1,-2,-3,-2,-1,-4
1514892940384814,-2,-2,1,-1,-1,-1,0,-2
1514892940399834,0,0,0,3,-2,-1,0,1
1514892940399834,-1,-2,0,-1,-1,-3,-1,-1
1514892940401335,-7,-2,2,-4,-3,-1,-1,-3
1514892940401335,-2,-1,0,1,-1,-1,-2,-2
1514892940413846,-1,-2,-5,0,1,0,-1,1
1514892940413846,0,-3,-1,0,-2,-1,-2,0
1514892940423841,0,1,1,6,2,-1,0,0
1514892940423841,-2,3,3,-4,-1,-1,0,-3
1514892940437350,2,0,3,-1,-2,-4,-3,-1
1514892940437350,-5,-9,-13,-10,-2,0,-2,-1
1514892940439351,-1,-1,-8,-5,-2,1,-3,-3
1514892940439351,3,1,2,4,0,3,2,3
1514892940459882,0,1,2,1,-2,-3,1,-2
1514892940459882,1,3,-2,2,0,-1,2,2
1514892940461377,3,-1,-1,-4,-1,-1,-1,0
1514892940461377,-3,-2,-3,2,-1,-2,-2,0
1514892940474386,-1,-3,-4,-4,-1,-3,-1,-2
1514892940474386,2,5,5,0,0,1,0,-1
1514892940482399,-1,-3,-1,2,0,-1,0,-2
1514892940482399,2,0,4,4,1,-1,-3,-2
1514892940496892,-1,-5,-2,-2,0,-1,-1,0
1514892940496892,0,0,-5,-2,-2,0,-1,-1
1514892940498905,0,0,-2,-3,-1,-1,-1,2
1514892940498905,-4,-2,-2,-5,-5,-3,-1,-1
1514892940519909,-1,-5,-1,0,0,-1,-2,-2
1514892940519909,-1,-3,2,-1,-1,0,1,0
1514892940521410,0,-1,-2,-1,-2,-1,-2,-1
1514892940521410,-1,0,-3,-1,-3,-2,0,-1
1514892940533418,-2,-2,-2,-2,-1,-1,0,-1
1514892940533418,-3,-3,0,0,0,1,-1,-1
1514892940548429,-2,-1,-2,0,0,0,0,0
1514892940548429,-1,0,-3,-1,-2,-1,-3,0
1514892940557962,-1,-2,-1,-2,-2,0,0,-2
1514892940557962,-2,-2,-1,0,-1,-1,-2,-2
1514892940559437,0,1,-1,-1,-1,-1,0,-1
1514892940559437,-3,-1,-2,-2,0,-2,0,-1
1514892940579951,-3,-2,-1,0,-2,-2,-2,-1
1514892940579951,-3,-2,-1,-1,-1,-1,-3,-2
1514892940581452,0,0,-1,0,-1,-2,-1,-1
1514892940581452,-1,0,-2,-2,0,-2,-1,-3
1514892940601966,-1,-2,0,0,-1,-1,-2,-2
1514892940601966,-2,-2,-1,0,-2,-2,0,-1
1514892940603968,0,2,0,-1,-1,-2,-2,-1
1514892940603968,-2,-4,-2,-2,0,-2,0,0
1514892940617978,0,-2,-1,-1,-1,-1,-1,-1
1514892940617978,0,-2,-2,1,-1,-1,-1,0
1514892940619479,-1,-1,1,-1,-1,-4,-1,-1
1514892940619479,1,2,-2,0,-1,-1,0,0
1514892940639495,-4,-6,-1,-2,-1,0,1,1
1514892940639495,0,-1,-1,-1,-2,-2,0,-1
1514892940641497,-1,1,1,1,0,1,0,-2
1514892940641497,0,2,-1,-2,-2,0,-1,0
1514892940662022,1,0,-1,-2,-1,1,-2,0
1514892940662022,0,-3,1,0,-1,-1,0,-1
1514892940663523,-4,-3,-2,-1,-1,0,-1,-3
1514892940663523,-1,1,-1,-3,-1,-3,-2,-1
1514892940678031,-1,-1,-2,0,-3,-3,-2,-2
1514892940678031,0,0,0,-2,0,-1,-1,0
1514892940679531,0,2,0,-1,1,-2,0,-1
1514892940679531,-5,-4,-3,-1,-1,1,-2,-3
1514892940699545,-1,-2,-2,-2,-2,-2,-1,-2
1514892940699545,-1,-2,0,1,-1,-2,-1,0
1514892940701037,-1,0,-1,-2,-1,-1,0,0
1514892940701037,0,2,0,-2,1,-2,0,-1
1514892940723052,-2,-2,0,0,0,0,-1,-1
1514892940723052,1,-2,0,-1,-1,-1,-2,-2
1514892940725556,-1,1,-2,-1,-2,0,-1,0
1514892940725556,0,1,-1,0,-2,-3,-3,0
1514892940736562,-3,-2,-2,-1,-1,-1,-1,-1
1514892940736562,-2,-2,-1,0,-1,0,0,-2
1514892940743569,-1,0,0,-1,0,-2,-1,-1
1514892940743569,-2,-1,-2,-2,-2,-1,-1,0
1514892940759579,1,-1,1,-1,-1,0,0,0
1514892940759579,-1,-1,-2,-2,-1,-2,-1,0
1514892940761079,-1,-1,-1,-2,-1,-2,-1,-1
1514892940761079,0,-1,-2,-1,-1,0,-1,-1
1514892940782094,-2,-2,-1,-1,-1,-1,1,0
1514892940782094,-2,-2,-1,-1,-2,-1,0,-2
1514892940783595,-1,-1,-1,-2,-3,0,-1,-1
1514892940783595,-1,1,-2,-1,-2,0,-3,0
1514892940796604,2,-1,0,-1,-2,-2,-1,-2
1514892940796604,-2,-2,-2,-1,-1,-2,-1,-2
1514892940803108,-1,0,-2,-1,-1,-2,-2,0
1514892940803108,-2,0,-3,0,-1,-1,-1,-1
1514892940819620,-2,-2,-1,0,-1,-1,-3,-1
1514892940819620,-1,-4,-2,-3,0,0,-1,-1
1514892940821122,-1,-1,-2,-1,-1,-1,-1,-1
1514892940821122,1,0,-1,-2,0,-1,-2,-1
1514892940842138,0,-2,-1,-1,0,-2,-1,-2
1514892940842138,-2,-2,1,-1,-1,-2,0,-2
1514892940843638,0,1,0,-2,-1,-1,-1,-1
1514892940843638,-1,0,-1,-1,-1,0,-1,-3
1514892940856647,-3,-2,-1,-1,0,-2,0,-1
1514892940856647,0,-2,-3,0,-3,-2,-3,-1
1514892940863151,-1,0,-1,-2,-3,-1,-2,-2
1514892940863151,-2,-2,-1,-1,-1,0,-3,0
1514892940879663,-1,-2,-1,-3,-2,-1,-2,0
1514892940879663,-1,-3,-1,0,0,0,-2,-1
1514892940881164,-3,0,-1,0,0,0,0,0
1514892940881164,-2,1,-1,-2,-1,-1,-1,-2
1514892940902179,-2,-1,0,-2,1,1,-1,-2
1514892940902179,-2,-1,-1,-2,0,-2,0,-2
1514892940903680,1,1,-2,-1,-1,-1,-1,0
1514892940903680,-1,-2,-1,0,-2,-2,1,-2
1514892940916189,-1,-2,0,0,0,-1,0,1
1514892940916189,-1,-1,-1,-2,-3,1,-1,-1
1514892940924195,-1,-1,-1,-1,-2,-1,-1,-1
1514892940924195,-1,0,0,-1,-2,-2,0,0
1514892940939744,0,-2,-2,0,-3,0,-1,-1
1514892940939744,-1,-2,0,-1,0,-1,-1,0
1514892940942210,-1,2,-1,-1,-2,0,-1,0
1514892940942210,0,0,-1,-1,-1,-2,-1,-2
1514892940961722,-2,-3,-2,-2,1,-1,-2,-2
1514892940961722,0,-1,-1,0,1,0,-1,0
1514892940968227,-1,-1,-1,1,0,-1,-3,-1
1514892940968227,-1,2,0,-3,0,-1,0,-1
1514892940976742,-1,-3,-1,-3,-2,-1,-1,-3
1514892940976742,-2,-4,-1,-1,-2,-1,1,-1
1514892940983238,-1,-1,-1,-2,1,-1,0,-1
1514892940983238,1,-2,0,0,-2,1,1,-2
1514892940999755,-2,-1,-1,0,-2,0,-1,-1
1514892940999755,-1,-1,-2,0,-1,-2,-1,-1
1514892941001252,0,-1,-1,0,-1,-4,-2,-2
1514892941001252,-1,0,-1,0,0,0,-1,0
1514892941022314,-1,-2,-1,-1,-1,-1,-1,0
1514892941022314,-2,0,-1,-2,1,0,-1,-1
1514892941023811,-1,1,-1,-1,-2,1,0,-1
1514892941023811,-2,1,-1,-1,-1,-1,-1,0
1514892941036820,-1,-4,-2,-1,-3,-2,-1,-1
1514892941036820,-1,-2,-1,0,-1,0,-3,2
1514892941044828,0,-2,-2,-1,0,-1,1,0
1514892941044828,1,1,-2,-1,-3,0,0,-2
1514892941059840,2,-1,-1,-1,0,-1,-2,-1
1514892941059840,-2,-2,0,0,-2,-2,0,-2
1514892941061339,-1,0,-1,-1,-2,-2,0,-2
1514892941061339,-2,-1,-1,0,-2,-1,-2,-1
1514892941082355,-1,-1,0,0,0,-2,0,-1
1514892941082355,0,-5,0,-2,-2,-2,-1,-1
1514892941083858,-1,1,-1,-2,-1,0,-1,0
1514892941083858,-1,-2,-2,-1,-2,-3,-2,0
1514892941095865,-1,-2,-2,-1,0,-1,-1,-3
1514892941095865,-2,-3,-1,-1,-2,-1,-1,-2
1514892941104870,-2,1,-2,-1,-1,-1,-1,-1
1514892941104870,0,1,-1,-2,0,0,-1,-2
1514892941127385,0,-2,-1,-2,-2,-1,0,-2
1514892941127385,0,-2,-3,1,1,-1,0,-1
1514892941128888,0,-1,-1,-3,-1,-1,-1,1
1514892941128888,-1,0,-1,-1,-1,-1,-2,0
1514892941142900,-3,-2,0,-1,-1,-1,1,-1
1514892941142900,0,-2,0,-2,-1,0,-1,-1
1514892941144402,-1,0,-2,-1,-2,-1,-1,-1
1514892941144402,1,0,-2,-2,-2,-2,-3,-1
1514892941156405,-1,-2,-2,-1,0,0,-2,-2
1514892941156405,-3,-1,0,1,-1,-1,-1,0
1514892941164918,-1,-3,0,-2,-1,0,-1,-1
1514892941164918,-1,-1,-1,-2,0,0,1,-2
1514892941179923,-1,-3,-2,0,-2,-3,-3,-2
1514892941179923,-1,-2,0,-3,-3,-3,0,-2
1514892941181422,-3,0,-1,0,-3,-1,-2,-3
1514892941181422,-1,0,-2,-3,-1,-3,0,-1
1514892941202437,0,0,0,-1,-2,-1,-1,1
1514892941202437,-3,-1,-2,-1,0,0,-2,0
1514892941203938,0,1,-1,0,-1,-2,-2,1
1514892941203938,-2,-1,0,0,-1,0,-1,-1
1514892941215949,-1,-2,-1,-1,-2,-1,0,-2
1514892941215949,0,-3,1,-2,-1,-1,0,-2
1514892941224954,0,-1,-2,0,-2,-1,0,-1
1514892941224954,-1,0,-2,-2,-3,-1,-1,0
1514892941239467,-1,-2,-1,-1,-2,-2,-1,-1
1514892941239467,-1,-3,-2,-1,0,-1,-2,-1
1514892941245988,-2,0,-1,-1,0,-1,-1,-2
1514892941245988,-1,-1,0,-1,-1,0,-1,0
1514892941262482,0,-2,-1,-2,1,0,0,-1
1514892941262482,0,-3,-1,-2,0,0,0,-3
1514892941263984,-1,0,-2,-1,1,-2,-2,-1
1514892941263984,-3,0,-1,0,-2,-3,-2,0
1514892941275989,-1,-1,0,-2,-1,-1,-1,1
1514892941275989,-2,-2,-2,0,-1,0,-1,0
1514892941284995,-1,0,-1,-3,-2,-1,-1,-1
1514892941284995,-1,1,-3,-2,-1,-1,-2,0
1514892941300006,-2,-3,-1,0,0,-2,-2,-1
1514892941300006,-1,-1,0,0,0,0,0,0
1514892941301508,-1,-1,-2,0,-1,0,-1,-2
1514892941301508,-1,-1,-2,-1,-1,0,-1,-2
1514892941321539,0,-2,-1,0,-1,-1,-1,0
1514892941321539,-2,1,1,-1,0,-2,-1,0
1514892941322037,-1,1,0,-1,-2,-2,-1,0
1514892941322037,0,1,0,-2,1,0,-1,-1
1514892941345542,-1,0,0,-1,-3,-1,0,-2
1514892941345542,-1,-2,-1,-1,-2,-1,-1,-1
1514892941347041,0,-1,-1,0,-1,-3,-2,0
1514892941347041,-1,0,-1,-1,-1,0,0,0
1514892941359049,-1,-4,-1,1,-1,-1,-2,-1
1514892941359049,-1,-3,-2,-2,-1,0,-1,-2
1514892941360550,-2,2,-2,-1,0,0,-1,-1
1514892941360550,0,1,-2,-2,-2,-2,-1,0
1514892941381564,-1,-2,-1,1,-2,-1,-1,-1
1514892941381564,-1,-3,-1,-2,0,0,0,-2
1514892941382565,-1,-1,0,-2,-3,-1,-3,-1
1514892941382565,-1,-1,-3,-2,-2,-1,-2,-1
1514892941404582,-1,0,-1,0,-2,-2,-3,-1
1514892941404582,0,-1,-3,2,-1,0,-1,1
1514892941405582,-1,0,0,-2,-2,1,-1,-2
1514892941405582,0,0,0,-2,-2,-2,-3,0
1514892941419092,-1,-2,-2,-3,0,-1,0,0
1514892941419092,0,-1,0,-2,-1,-2,0,0
1514892941420593,-1,-3,-3,-2,1,-1,-1,-1
1514892941420593,-1,-1,-1,-1,0,-2,-1,-3
1514892941441606,0,0,0,0,-1,0,0,0
1514892941441606,-2,0,1,-1,-2,-1,1,-1
1514892941442612,-1,-2,-1,-1,-2,-2,0,-1
1514892941442612,0,-1,1,-1,0,-3,-1,-2
1514892941464122,0,-2,-2,-2,-1,0,0,-1
1514892941464122,-1,-3,-1,-1,-1,-1,0,0
1514892941464623,0,0,-1,-1,-1,-1,-1,-2
1514892941464623,-1,-1,-1,-1,-2,1,0,-1
1514892941479133,-2,-1,-1,-1,-1,-2,-1,-2
1514892941479133,1,-2,-2,0,0,0,0,0
1514892941479633,-3,1,-2,-1,0,1,-1,-1
1514892941479633,-1,1,0,-2,0,-1,-1,-1
1514892941501148,-2,0,-1,0,-1,0,-1,0
1514892941501148,-2,-3,-1,-1,-2,-2,-3,-2
1514892941502149,-1,-1,0,-2,-2,-3,-2,-1
1514892941502149,-1,0,-2,-1,-1,0,-1,1
1514892941523664,-1,-2,-1,0,-3,-2,-1,-1
1514892941523664,-1,-1,0,-1,0,-3,-1,-3
1514892941524665,0,-1,0,-1,0,-2,0,-1
1514892941524665,-1,-1,-2,-1,-2,0,-2,-1
1514892941539187,1,-2,-1,0,-1,-1,-2,-2
1514892941539187,-2,-2,-2,-1,-2,0,-1,-1
1514892941540687,-1,-1,-3,-1,-2,1,2,0
1514892941540687,-1,-1,-1,0,1,-1,-1,-3
1514892941561191,-1,-2,0,-1,-1,0,-1,-2
1514892941561191,-2,-1,1,-1,0,-1,-2,0
1514892941569706,-3,2,-1,-3,-2,-1,1,0
1514892941569706,-2,-1,0,-1,-2,-2,-1,-1
1514892941583716,-2,-3,0,-2,-2,0,0,0
1514892941583716,2,-1,-2,0,-2,0,-2,-2
1514892941584707,1,-1,-1,-1,0,0,-3,-2
1514892941584707,-1,-1,-2,0,-1,0,-3,-1
1514892941598727,0,-2,1,-2,0,-2,-2,0
1514892941598727,-1,-1,0,0,-1,-1,-1,-1
1514892941599728,0,0,-2,0,0,-2,-2,-1
1514892941599728,-3,-1,-1,-3,-2,-2,1,-1
1514892941621233,-3,-1,-3,-1,-1,-4,0,-1
1514892941621233,-2,-2,-1,0,-3,0,0,-1
1514892941622233,1,0,-1,0,-2,1,-2,-1
1514892941622233,0,0,-1,0,-1,0,1,-1
1514892941644249,-1,-2,-2,0,-1,-2,0,-2
1514892941644249,-1,-1,-3,-1,-2,0,-1,-1
1514892941651256,-1,0,0,-1,0,-1,-3,-1
1514892941651256,-1,-2,-2,-2,-2,-1,0,0
1514892941659261,-1,-4,-1,-2,1,0,-1,-1
1514892941659261,1,-1,-1,-2,0,-1,1,-1
1514892941659760,-2,0,0,-2,-2,0,-1,-1
1514892941659760,-1,-1,-1,-1,-1,0,-3,-2
1514892941681275,-2,-3,0,-1,-3,1,-2,-2
1514892941681275,-1,-3,-1,0,-1,-2,0,-2
1514892941683277,0,-1,-2,-1,-2,-2,-2,-1
1514892941683277,0,0,-1,0,0,-3,0,-2
1514892941703791,1,-1,-2,-2,0,-1,-2,-2
1514892941703791,-1,-3,-1,-1,0,-2,-1,-1
1514892941704792,-1,-2,-1,0,-2,0,0,0
1514892941704792,-2,-1,-2,-2,-2,-3,-1,-1
1514892941718836,-3,-1,0,-1,1,-2,-1,0
1514892941718836,-3,1,1,-3,0,-2,0,0
1514892941719837,1,0,-1,-3,0,-1,-2,0
1514892941719837,-1,1,-1,-2,-2,-1,-2,-1
1514892941741353,0,0,-1,-2,-2,0,-2,0
1514892941741353,-3,0,-1,0,-1,-3,-1,0
1514892941742354,-3,-1,-1,-2,-1,0,0,-2
1514892941742354,0,1,-2,1,-1,-1,-1,0
1514892941763868,-1,-1,-1,-1,-1,0,0,-1
1514892941763868,1,-1,-1,-1,0,-1,0,-2
1514892941764869,-1,-1,0,-1,-2,-2,-2,-1
1514892941764869,-1,-1,0,0,0,1,-1,-3
1514892941778879,0,-4,-3,0,-1,-1,-1,-3
1514892941778879,0,0,-1,-1,-2,-2,-1,0
1514892941779379,-1,0,-1,0,-1,-1,0,-2
1514892941779379,-1,-1,-2,-2,-1,-2,0,-1
1514892941801394,-1,-1,-2,-1,-2,0,-3,-2
1514892941801394,-2,0,-1,-1,-1,-1,-2,0
1514892941801895,0,0,-3,-1,-1,-2,-1,-1
1514892941801895,-1,-2,0,-1,-3,-3,-1,0
1514892941823918,-2,-3,-1,0,1,0,0,-1
1514892941823918,-2,-2,-1,-2,-1,0,-2,-3
1514892941824917,-1,0,-1,-2,-2,-1,0,-1
1514892941824917,-1,-2,0,-2,-1,-1,-2,-1
1514892941838925,-1,-2,-2,-1,1,0,-1,0
1514892941838925,0,-3,-2,-2,-2,0,-2,-3
1514892941840453,-1,0,0,0,-1,-2,-1,1
1514892941840453,0,-1,-2,-2,-3,-1,-1,-1
1514892941870460,-3,-1,1,-2,-2,-1,0,-1
1514892941870460,0,-3,-1,1,-1,2,-1,1
1514892941872445,-2,-1,-1,0,-1,0,-1,-2
1514892941872445,-2,1,-1,-1,0,0,-2,0
1514892941883966,-2,-2,-1,-1,-1,-1,-1,-1
1514892941883966,-1,0,-1,-2,0,-2,-2,-1
1514892941884453,-2,-1,-2,-1,-3,1,0,-1
1514892941884453,0,0,-1,1,-3,-1,-2,-2
1514892941898964,0,-2,1,-1,-1,-1,-1,-2
1514892941898964,-1,-1,-2,-2,0,0,0,0
1514892941899465,-1,0,0,-1,1,-1,-2,-1
1514892941899465,-2,0,-2,-1,0,1,-1,-4
1514892941921479,-1,-2,-1,-1,-1,0,1,2
1514892941921479,-1,-3,-3,-3,-5,-4,-3,0
1514892941921982,-1,0,-1,-1,1,0,-2,0
1514892941921982,-1,-1,0,0,-1,0,-2,0
1514892941944006,0,-2,1,-1,-1,0,-3,-3
1514892941944006,-2,-1,-1,2,0,1,-1,-5
1514892941945007,0,-1,-2,0,-2,0,1,3
1514892941945007,0,-2,-2,-1,0,0,-1,0
1514892941960519,-1,-1,-2,-1,-1,-2,-2,0
1514892941960519,-1,-2,-3,-2,0,-2,-1,-1
1514892941961008,-1,0,-1,-1,-2,-2,-4,-4
1514892941961008,0,0,-1,-1,0,-1,0,0
1514892941981532,0,-2,-2,0,-2,-2,0,-2
1514892941981532,0,0,2,-2,0,0,0,0
1514892941982022,-1,-2,0,0,-1,-1,-1,-3
1514892941982022,-2,-1,-2,-2,-1,0,-1,0
1514892942004039,-3,-2,-1,-1,-1,-2,-1,-2
1514892942004039,0,0,-1,0,-1,0,-1,-2
1514892942004541,-1,0,-3,-1,-3,-1,-1,0
1514892942004541,-2,-3,-3,-1,0,-2,-1,0
1514892942019061,-2,-2,-2,-2,-2,-1,0,-1
1514892942019061,0,-1,-1,-1,-2,0,0,1
1514892942019561,0,-2,-1,0,1,-1,-2,-1
1514892942019561,-2,-2,0,-1,-1,1,-2,-5
1514892942049570,0,0,-2,-1,-2,-4,0,2
1514892942049570,-3,-2,-1,-1,-3,-2,1,0
1514892942050586,-2,0,-2,-3,-3,-1,0,0
1514892942050586,0,-2,-2,-2,0,-2,-2,-2
1514892942064081,-3,-2,0,-3,0,0,1,-4
1514892942064081,-1,2,0,0,0,-1,-1,2
1514892942064581,0,-1,-1,-2,-1,-1,-1,-1
1514892942064581,0,-2,-1,-3,0,-3,-1,-1
1514892942080592,1,-2,0,0,-2,-2,-1,0
1514892942080592,-1,-2,0,-1,0,-3,-1,-2
1514892942081093,-1,-2,-1,-2,-1,1,-2,-2
1514892942081093,-2,-1,-2,-2,-2,0,-1,0
1514892942101619,-2,-2,-1,0,0,1,-1,-2
1514892942101619,-3,-1,0,0,-2,-2,-2,-2
1514892942102108,-1,-1,-1,-2,0,-1,-2,-1
1514892942102108,0,-1,-2,-1,0,-1,-1,0
1514892942123624,-2,-1,-2,-2,-1,-1,-3,-1
1514892942123624,-3,0,-1,-1,0,-2,-1,0
1514892942124624,-3,-1,0,-2,-1,-1,1,-1
1514892942124624,-1,-1,-2,0,-2,-1,-1,-1
1514892942138133,-2,-2,-1,0,-2,-1,-2,0
1514892942138133,0,-2,-2,0,-2,1,1,-1
1514892942146640,0,-1,0,-1,0,-2,-1,-2
1514892942146640,0,-1,-1,-2,0,-1,-1,-2
1514892942161149,-2,-2,-2,1,-1,-1,-3,0
1514892942161149,0,-1,-2,-1,0,0,-1,0
1514892942162149,-2,-1,-3,-1,-4,-2,-2,-1
1514892942162149,-1,-1,-1,0,-2,-2,-1,0
1514892942183665,-1,-2,-1,-3,-1,-1,1,-4
1514892942183665,0,-1,-1,0,0,0,-1,-3
1514892942184665,0,0,0,-1,-1,-1,-1,-1
1514892942184665,1,-1,1,-2,-1,-2,0,-3
1514892942198175,-3,-3,-1,-2,-1,-1,-1,1
1514892942198175,-3,2,0,0,-1,0,0,1
1514892942207194,-1,2,-2,0,0,-1,-1,-2
1514892942207194,-3,-3,-2,0,-2,-1,-1,-3
1514892942221191,1,-4,-1,-1,0,-2,-2,-1
1514892942221191,-2,-2,-2,-4,0,-2,-1,0
1514892942222192,-3,-1,-1,-1,1,-1,-1,0
1514892942222192,-1,-1,0,0,-1,-1,-1,-1
1514892942244211,-1,1,-2,-1,-2,-1,0,0
1514892942244211,0,0,-2,-1,-2,-2,0,3
1514892942244708,1,-1,-2,1,0,-2,0,-1
1514892942244708,-1,-1,-1,-1,-1,0,-1,0
1514892942258232,0,0,-1,0,0,-1,0,-1
1514892942258232,0,0,-1,-3,-3,-2,-1,-2
1514892942266223,-3,-1,-2,-1,0,0,1,0
1514892942266223,1,-2,-1,-1,-1,0,0,1
1514892942281734,1,-2,-2,0,-1,-2,0,-2
1514892942281734,1,0,-1,0,-1,0,-4,-2
1514892942289239,0,0,-1,-1,-2,-2,-2,-2
1514892942289239,-2,-3,-2,-1,-1,-1,-1,-1
1514892942303750,-1,-1,1,-2,0,1,0,-2
1514892942303750,-3,0,1,-2,0,-1,-2,-4
1514892942304753,0,-1,-2,-1,0,0,-1,-3
1514892942304753,0,-2,-1,-2,-2,-1,-2,0
1514892942327267,-1,-2,0,-1,0,0,0,-1
1514892942327267,-2,-2,-1,1,1,-1,-2,-1
1514892942327767,-1,-1,0,-1,-1,1,-1,0
1514892942327767,-3,-2,-2,-3,-3,-4,0,-1
1514892942341290,-1,-3,0,-1,-1,0,-1,-1
1514892942341290,1,0,-1,-2,0,-2,-1,-1
1514892942342277,0,-1,0,0,-1,0,-1,-1
1514892942342277,0,-2,0,-1,0,0,-2,-3
1514892942363793,-1,-2,0,0,0,-2,-1,-1
1514892942363793,-2,-1,-2,1,0,-1,-1,-3
1514892942364793,-1,2,-1,-2,-2,-2,-1,1
1514892942364793,0,-1,-1,-1,0,-1,-1,0
1514892942378312,0,0,-3,-3,-2,-1,0,-2
1514892942378312,-1,-2,0,-1,-1,-1,0,0
1514892942386321,-1,-2,-2,-3,-1,0,-2,-1
1514892942386321,-3,-1,-2,0,-1,0,-1,-1
1514892942401331,-2,-2,-2,-3,-1,-3,-3,-2
1514892942401331,-1,0,0,0,0,0,0,1
1514892942402334,2,0,-1,0,0,-1,0,1
1514892942402334,0,-2,0,-2,-1,-1,0,-1
1514892942424335,-2,-2,-2,-2,-2,-1,-1,-1
1514892942424335,-1,-1,-3,0,-1,-1,-1,-1
1514892942425337,-2,0,-2,-2,-1,0,-2,-1
1514892942425337,0,-2,-2,0,-2,-2,-2,0
1514892942447352,-1,-2,0,1,-1,-2,-1,0
1514892942447352,0,0,-1,-1,-1,0,0,-2
1514892942447852,-1,2,-1,-2,-1,-2,-1,-1
1514892942447852,-1,0,-2,-3,-2,-1,0,-1
1514892942461375,-3,-2,0,-2,0,-1,0,-2
1514892942461375,-1,-1,-1,-3,0,-4,0,0
1514892942462362,-1,-2,-1,-2,-3,-1,-1,-1
1514892942462362,-1,-3,-1,-1,1,1,-1,-3
1514892942484380,0,-3,-1,0,-3,1,0,2
1514892942484380,0,-1,0,-1,1,2,0,-3
1514892942491393,0,-1,-3,-2,-2,-3,-1,-3
1514892942491393,-3,-2,1,0,1,0,0,-1
1514892942507394,-3,-2,-1,1,-2,-2,-2,-1
1514892942507394,-2,0,-1,0,-1,-2,-1,-1
1514892942508901,-1,-1,0,0,0,1,-1,-1
1514892942508901,-3,0,-1,-1,-2,-2,-1,0
1514892942521403,1,-1,-2,-2,-2,0,0,0
1514892942521403,-2,0,-1,-1,-1,-1,-1,0
1514892942522420,-2,0,-2,-1,1,0,0,0
1514892942522420,-1,-1,-1,-3,0,0,0,-2
1514892942544420,-1,-1,-1,-1,-2,-3,-3,-2
1514892942544420,1,0,0,-2,-2,0,1,0
1514892942545422,-1,-2,1,-2,-3,0,0,1
1514892942545422,-1,-3,-1,0,0,1,1,-2
1514892942566990,-2,-2,-1,0,-1,1,0,-1
1514892942566990,-1,-2,0,-2,-1,-1,-1,-4
1514892942568991,-2,0,-1,2,0,-1,-1,0
1514892942568991,-1,-1,-1,-1,-2,-2,-1,-1
1514892942582000,0,-3,-3,0,-3,-2,-2,0
1514892942582000,0,0,-3,1,-1,-3,-2,1
1514892942583012,-2,1,-1,-2,-1,-2,0,-2
1514892942583012,-2,-2,-1,-1,-1,-1,0,2
1514892942606017,-3,-3,0,-2,3,0,0,-2
1514892942606017,-1,-1,-2,-1,-1,-1,-2,-2
1514892942608018,-1,-1,-1,2,0,-1,-1,-2
1514892942608018,-2,-2,-2,-1,-1,-2,-1,-2
1514892942626031,0,-3,1,1,0,0,1,-1
1514892942626031,-1,0,-2,0,-2,-1,-2,0
1514892942634036,1,-1,0,-1,-1,0,-1,1
1514892942634036,0,-2,-1,0,-1,-1,-1,0
1514892942641541,-1,-2,-2,-2,-3,0,-2,-1
1514892942641541,-1,-1,0,-2,-2,0,-3,-3
1514892942642045,-2,-1,0,-2,-2,-1,-3,-1
1514892942642045,0,-1,-1,-1,-2,0,-1,-2
1514892942664566,0,-2,-2,0,0,-1,-2,-2
1514892942664566,-2,0,0,0,-1,-1,0,0
1514892942665060,-1,0,-3,-1,-3,-1,0,0
1514892942665060,-1,-1,-1,-2,-1,1,-3,-3
1514892942687073,0,0,-2,-1,0,0,-1,-1
1514892942687073,0,-1,-1,-2,-1,-1,0,0
1514892942688074,-1,-1,-2,-1,0,0,1,-1
1514892942688074,0,-2,-1,1,-2,-2,-1,1
1514892942701585,-2,-2,0,0,-2,-3,-2,-2
1514892942701585,-1,1,-1,0,-1,1,-1,0
1514892942702085,1,0,0,-2,-2,-1,-1,0
1514892942702085,-3,-3,-1,-1,-1,-2,-1,-3
1514892942724600,-2,-2,0,-1,-1,0,-1,-2
1514892942724600,-4,0,-2,-3,-2,-1,-1,1
1514892942725603,-1,-2,-1,1,1,-1,-1,0
1514892942725603,-1,-2,1,-3,-1,-3,0,0
1514892942747117,0,-3,1,-1,0,0,1,0
1514892942747117,-1,-1,-1,-1,0,0,0,-1
1514892942748129,-2,0,-1,-3,-2,-2,-2,-2
1514892942748129,0,-2,-1,-1,-1,-1,0,-2
1514892942761626,-1,-2,-1,-1,-1,-1,0,0
1514892942761626,1,0,0,0,0,-1,-1,-2
1514892942762126,0,1,-3,-1,0,0,-1,-3
1514892942762126,0,-1,0,-1,1,-1,-1,1
1514892942784644,-1,0,0,-2,-3,-3,-1,-1
1514892942784644,0,0,-4,-1,-2,-2,-1,-1
1514892942785643,-2,0,-2,-2,0,-3,-2,-3
1514892942785643,1,-3,-2,-1,-1,-1,2,0
1514892942807700,-2,-4,-1,-1,-3,0,0,-2
1514892942807700,1,-2,-1,0,0,-1,-1,-1
1514892942809701,0,0,-1,-1,0,-2,-2,-3
1514892942809701,-2,-2,-2,-2,-2,-1,-2,3
1514892942821210,0,-2,-1,-1,0,0,0,-2
1514892942821210,-2,0,-1,-3,-1,-1,-1,-2
1514892942822210,-2,-1,-1,0,1,1,0,1
1514892942822210,-1,-5,-1,-1,-2,-1,-3,-1
1514892942844725,0,-3,-2,0,1,-2,0,0
1514892942844725,-1,-1,-1,-2,-2,-1,-1,-2
1514892942845227,-1,0,-3,1,-2,-1,-1,0
1514892942845227,0,0,-1,-1,0,0,0,-1
1514892942867242,-1,0,-1,0,1,1,-1,-1
1514892942867242,-1,1,-1,-1,-2,-2,0,-1
1514892942867741,0,-1,0,-2,-1,-1,-1,0
1514892942867741,0,0,-1,0,0,-2,-1,-2
1514892942881251,-1,-1,-1,1,2,-2,-1,-1
1514892942881251,0,0,-1,-1,1,0,1,-1
1514892942883252,-1,-1,-1,1,-2,-1,-2,-2
1514892942883252,-1,-1,-1,-2,-1,-1,-1,0
1514892942911773,0,-3,-1,-4,-2,0,0,-1
1514892942911773,-2,-1,-1,-1,-1,-3,-1,0
1514892942912773,1,0,1,-1,-1,-1,-1,2
1514892942912773,-1,-2,-1,1,-1,0,-1,-2
1514892942927284,-1,-1,0,-1,-1,-1,-2,0
1514892942927284,-1,0,-1,-2,-2,2,-2,-2
1514892942927785,-1,-1,-3,0,1,0,0,0
1514892942927785,-2,-1,-1,-1,0,-2,-1,-2
1514892942941306,-3,-1,1,-1,-1,-2,-3,-1
1514892942941306,0,0,-2,0,-1,-3,-2,0
1514892942942295,0,0,-1,-4,-2,-1,0,-2
1514892942942295,-2,0,-2,-2,-2,0,0,-2
1514892942964310,-1,-3,-2,0,-1,0,-1,-2
1514892942964310,-2,1,-1,0,0,-1,-1,-1
1514892942965312,-1,-1,1,-3,-1,-4,-2,-1
1514892942965312,0,-3,-2,-3,-2,-3,-2,-2
1514892942987826,-1,-2,-1,-1,0,-2,-1,0
1514892942987826,0,0,-1,-1,-1,-2,0,-1
1514892942988827,1,1,-1,-1,-1,-2,-1,-1
1514892942988827,-1,-2,-1,-1,-3,0,-2,-1
1514892943000835,-1,-1,0,1,-1,-1,1,0
1514892943000835,-2,0,-2,-1,1,1,-1,-1
1514892943008852,-2,1,-2,-2,-2,-1,0,-2
1514892943008852,-2,-2,-2,0,-2,-1,-2,-3
1514892943024361,-1,-2,-2,0,-1,-1,-1,-4
1514892943024361,0,-1,-1,1,-1,1,0,0
1514892943025353,-1,1,-2,-5,-3,-4,-2,-3
1514892943025353,0,-2,0,3,3,1,0,1
1514892943046367,-1,-2,-2,-1,-1,-3,-1,-2
1514892943046367,-2,0,-1,-2,-1,-3,-2,-3
1514892943053900,-1,-1,-2,6,0,0,-1,-1
1514892943053900,0,-2,-1,-2,-1,-1,-1,-2
1514892943060879,-1,-2,0,-1,-2,0,-2,0
1514892943060879,-1,0,0,0,-1,-1,0,1
1514892943069894,-1,0,1,-2,-2,-2,-1,-1
1514892943069894,-4,-1,-2,-2,1,-1,-1,-1
1514892943084411,-2,-1,-1,-3,0,-1,-2,1
1514892943084411,-1,-1,-2,-1,-2,-1,-1,0
1514892943091409,0,-1,-1,-1,-1,1,-1,-2
1514892943091409,-1,-3,-1,-1,-2,-3,-1,1
1514892943106911,0,-2,-3,-3,0,0,0,0
1514892943106911,-3,1,-3,0,-1,-3,-2,0
1514892943107912,-1,1,-2,-2,-1,-1,-1,-1
1514892943107912,-2,-1,1,-1,-2,0,0,-3
1514892943120468,-1,-2,-2,-2,-1,-1,-2,-1
1514892943120468,1,0,0,1,-2,-1,-1,-1
1514892943129473,-2,-1,-1,0,-1,-2,-2,0
1514892943129473,0,-1,-1,-1,-2,-1,-2,0
1514892943144493,-2,-5,0,0,0,-2,0,-1
1514892943144493,-3,-1,-2,-2,0,-1,0,-2
1514892943145494,0,0,-2,-3,-2,-2,-1,-2
1514892943145494,-1,-2,-2,-1,-1,1,1,1
1514892943167009,-2,-3,-2,1,0,-1,-1,-2
1514892943167009,-1,0,0,-2,-2,0,-1,-1
1514892943168000,-1,2,-1,0,-2,0,0,0
1514892943168000,0,-2,-1,-3,0,-2,-2,-1
1514892943190015,-1,-2,-2,0,0,0,-2,-2
1514892943190015,0,-1,-2,-2,0,-2,0,2
1514892943192019,-2,-1,-1,0,-2,0,0,-3
1514892943192019,-1,-1,-1,-1,-2,-2,-2,-1
1514892943205027,-1,-3,0,-2,-3,-2,1,0
1514892943205027,1,-1,-2,-1,0,-1,-2,-2
1514892943206028,0,0,0,-1,-1,0,0,0
1514892943206028,0,-2,-1,-1,0,-3,-2,-1
1514892943227042,-3,-3,0,-1,0,0,0,-1
1514892943227042,-1,0,0,0,-1,-2,-1,-1
1514892943227542,0,1,-1,-1,-2,-1,-2,-2
1514892943227542,-1,-3,-3,-2,-1,-2,-1,-3
1514892943240555,-1,-1,-1,0,-1,0,-1,-1
1514892943240555,-2,-1,-2,-1,-1,0,-1,-1
1514892943249571,-1,2,0,-1,0,-1,-1,0
1514892943249571,0,-3,0,0,-1,-2,-1,-2
1514892943264569,0,-2,-2,-1,-1,-2,-1,0
1514892943264569,-3,0,-1,0,-1,-4,-1,-1
1514892943265569,-1,-1,-2,-2,-1,-1,-1,-1
1514892943265569,-2,-3,-1,1,-1,2,-2,-2
1514892943287585,-1,-2,-1,-1,-2,-2,-1,-2
1514892943287585,-2,2,0,-4,-2,-1,-2,-1
1514892943288586,-3,0,-3,1,0,0,-1,0
1514892943288586,-1,-2,0,0,-1,-2,-1,0
1514892943300597,-2,-4,-2,-1,-2,-1,-3,-1
1514892943300597,0,1,-2,-1,-1,0,-1,-3
1514892943309100,0,-1,-1,-2,-1,0,-1,-2
1514892943309100,-1,-1,1,-1,-4,-1,-2,-1
1514892943324623,-1,-1,-2,0,-2,-2,-1,-2
1514892943324623,-2,1,-1,0,-1,-1,-2,-1
1514892943325613,-1,-1,1,-1,-2,-3,0,-2
1514892943325613,-2,-3,-2,0,0,-1,0,1
1514892943347127,0,-2,-1,-1,-1,-2,0,0
1514892943347127,1,0,-2,0,-1,1,0,0
1514892943348643,-1,2,-1,-4,-1,0,-1,-1
1514892943348643,-4,-2,-3,0,1,-2,0,-2
1514892943360637,-2,-1,1,-2,-2,0,-2,-1
1514892943360637,-3,0,-1,-2,-1,-1,-2,-1
1514892943369653,0,-1,-2,-1,1,-2,-1,2
1514892943369653,0,0,0,-1,-3,0,-2,-2
1514892943384154,1,-1,0,-2,1,1,-1,-2
1514892943384154,0,-1,1,-2,0,-1,0,-1
1514892943391660,0,1,-2,-1,-1,-2,-1,-2
1514892943391660,0,-1,-2,0,-2,0,-1,-3
1514892943408172,-2,-2,-1,1,0,-2,1,1
1514892943408172,-2,-2,-1,-2,-2,-1,-1,-1
1514892943409172,-2,-1,-1,-1,-2,-1,-1,-2
1514892943409172,-2,-3,0,0,0,-1,-2,-2
1514892943437202,-1,0,0,-1,-1,0,0,1
1514892943437202,-2,2,-2,-1,-1,0,0,-1
1514892943438692,2,1,-2,-2,-3,-1,-1,0
1514892943438692,0,-2,-1,0,1,0,0,1
1514892943443197,-2,-2,1,-2,-5,-3,-1,-3
1514892943443197,-2,-1,-1,0,-1,0,0,0
1514892943452248,-2,0,-1,-1,-2,-2,0,-1
1514892943452248,-1,-2,0,-1,-2,-1,-1,0
1514892943467244,-1,-3,0,-1,-1,-2,-2,-1
1514892943467244,-2,0,-1,-2,-2,-2,-2,-1
1514892943470746,-1,0,-2,-1,0,0,-1,0
1514892943470746,-2,-3,0,-3,0,0,0,-2
1514892943489271,0,-4,-2,0,2,1,1,-3
1514892943489271,-1,-1,-1,-1,-3,-1,-2,-1
1514892943491261,0,-1,-2,-2,0,-1,-1,-1
1514892943491261,-2,-3,-3,-1,0,-1,0,-1
1514892943503281,-1,-1,0,-1,0,-1,0,-2
1514892943503281,2,0,0,0,-2,-2,-1,-1
1514892943514277,-1,1,0,-3,-2,0,-2,0
1514892943514277,-3,-2,0,-1,-2,-1,-2,-5
1514892943527286,-1,-3,0,2,0,2,0,1
1514892943527286,0,-1,-3,-1,0,-2,-2,-2
1514892943528787,-2,-2,0,-1,-2,-1,-1,-1
1514892943528787,-1,-1,-1,-1,0,-1,-1,-2
1514892943550306,-2,0,-3,-2,-1,-1,0,-2
1514892943550306,-1,2,0,-1,-1,-1,-2,-1
1514892943551803,0,-1,-2,-1,-1,0,-1,-2
1514892943551803,1,-1,-2,-5,-4,-1,-1,0
1514892943563824,1,-1,-2,2,0,0,-1,0
1514892943563824,0,-1,-2,-1,0,-1,2,0
1514892943570817,-1,-1,-2,-1,-1,-1,-2,-2
1514892943570817,0,-1,-1,-1,-1,-1,0,1
1514892943586828,0,-1,-2,-2,-1,0,-2,-2
1514892943586828,-3,-1,-1,-1,-1,1,-1,-2
1514892943588829,-1,-1,-1,1,-1,0,0,1
1514892943588829,-2,-3,0,1,-2,-2,-2,-2
1514892943609847,-2,-1,-1,-1,-2,-1,-1,-2
1514892943609847,1,-1,-1,-1,0,-1,-1,-1
1514892943611345,-3,0,-2,-2,-1,-4,0,-2
1514892943611345,0,-1,-2,0,1,1,2,3
1514892943623881,-2,-4,-1,-4,-1,-4,-2,0
1514892943623881,0,0,-1,-1,0,-2,-2,0
1514892943630869,-1,0,-1,-1,-2,-2,-2,-1
1514892943630869,1,-2,-1,-1,-1,-1,-1,-3
1514892943646873,-1,-2,-1,0,-1,-1,-1,1
1514892943646873,-1,0,1,-1,-3,-1,-2,0
1514892943648871,1,1,0,0,-2,-2,-2,-2
1514892943648871,-1,-2,-1,-1,-1,-1,-2,0
1514892943669895,-2,-2,0,-2,-1,0,0,-1
1514892943669895,-3,-2,0,-2,-1,-1,-1,-2
1514892943673390,-1,1,-3,0,-2,-1,-1,-2
1514892943673390,-2,-3,0,0,-1,-3,0,-4
1514892943683897,0,-2,-2,0,-1,-2,1,4
1514892943683897,-2,-2,-2,-1,-2,-1,1,-2
1514892943690413,-1,-1,0,-2,-1,0,2,-1
1514892943690413,0,-3,0,-2,-2,-1,-1,-2
1514892943706913,2,-4,-1,-1,-2,-1,-2,-3
1514892943706913,-1,2,0,-1,-1,-1,-2,-2
1514892943712917,-1,0,-2,0,2,-1,-2,1
1514892943712917,0,-1,-1,-1,-2,-2,-1,0
1514892943729429,-2,0,-2,0,0,-2,-1,-2
1514892943729429,0,-1,-1,-2,-2,-1,0,1
1514892943730930,-1,-1,0,-1,-1,0,-1,0
1514892943730930,-2,-1,0,-1,-1,0,-2,-1
1514892943743948,1,-1,-1,0,-2,0,-2,1
1514892943743948,-1,0,-2,0,0,-2,-2,-2
1514892943750452,-1,0,0,-3,-1,-1,-3,-1
1514892943750452,-1,-3,-1,-1,1,-1,-1,0
1514892943766964,-1,-3,0,-2,-2,0,-1,-3
1514892943766964,-1,0,-1,0,1,-1,-1,-2
1514892943769466,0,1,0,-2,-1,-1,-1,0
1514892943769466,-1,-1,-3,-1,-2,-3,1,-2
1514892943789492,-1,-1,-1,-2,0,-1,-1,-3
1514892943789492,0,0,0,-1,-2,-1,0,0
1514892943791495,0,0,-2,-2,-3,-1,-1,0
1514892943791495,0,0,0,1,0,0,-2,-1
1514892943803991,-1,-2,0,2,0,0,-2,-2
1514892943803991,-1,0,-2,-1,-2,0,-2,1
1514892943810514,0,-1,-1,-5,-3,-2,-1,-3
1514892943810514,-1,-2,-3,-1,0,-2,0,0
1514892943827017,-1,-1,-1,-1,-1,-1,-2,-1
1514892943827017,-1,-1,-1,-1,-1,-1,0,0
1514892943828508,-1,-1,0,-1,-2,-2,-2,0
1514892943828508,0,-3,-2,-3,-3,-1,0,0
1514892943849525,-2,-1,0,1,-1,-2,-1,-1
1514892943849525,-2,-2,-1,-1,1,-1,-2,-2
1514892943851023,0,1,-2,-1,0,0,-1,1
1514892943851023,-1,-1,-1,-1,-2,-4,0,-1
1514892943864045,-2,-1,-1,-2,0,0,-1,-2
1514892943864045,2,0,-1,0,0,-2,0,3
1514892943870550,-1,-2,-1,2,-1,-3,-3,-2
1514892943870550,-2,-1,-1,-3,-1,-1,-1,-2
1514892943887058,-1,-1,-2,-2,-2,1,0,0
1514892943887058,-1,1,-3,-2,-1,-1,-2,-2
1514892943888560,-1,-2,-2,-1,0,-1,1,0
1514892943888560,0,-2,0,-1,-2,2,-3,-1
1514892943909585,-2,-2,-1,-1,0,-1,-2,-2
1514892943909585,-3,-2,-2,-2,0,0,-2,0
1514892943911067,-1,0,-2,0,-1,-1,-1,-1
1514892943911067,-2,-2,-1,-3,-3,-2,-3,-1
1514892943923084,-1,-1,0,-1,-3,-1,-1,-1
1514892943923084,0,0,-1,0,-1,1,-1,-2
1514892943932080,0,-1,-1,-4,0,-1,-1,-2
1514892943932080,-2,-1,-1,1,0,-2,0,0
1514892943947101,1,-2,-1,-3,-2,0,1,0
1514892943947101,-2,0,0,-1,-2,-3,-2,-3
1514892943948593,-1,0,-1,1,-2,0,0,2
1514892943948593,-3,-2,-2,1,-1,-1,-1,-2
1514892943970608,0,-1,-2,0,0,-2,1,1
1514892943970608,-2,-1,-2,-2,-2,1,0,-2
1514892943973113,-2,0,-2,-1,-1,-3,-2,0
1514892943973113,0,0,-1,-1,-2,0,1,1
1514892943983126,-2,-2,-1,0,-1,-1,-1,-1
1514892943983126,-1,0,0,-1,-2,-2,-1,-3
1514892943992135,-1,0,-2,-2,-1,-1,-2,-2
1514892943992135,-1,-2,-2,1,-1,-2,-1,0
1514892944007136,0,-1,-1,-3,-2,-2,-1,-2
1514892944007136,0,0,-1,-1,-1,-1,0,-1
1514892944009636,-1,-2,-1,-2,1,1,-1,-1
1514892944009636,-1,-1,-1,0,0,-1,-1,-2
1514892944029662,0,0,0,0,-2,0,0,-1
1514892944029662,-1,-3,0,-1,-1,-3,-1,-1
1514892944031164,1,0,-2,-3,-2,0,-1,-2
1514892944031164,-2,-1,-1,-1,0,1,-2,-2
1514892944043672,-2,-1,-2,0,0,-1,-1,-2
1514892944043672,-1,0,-2,-2,-3,-1,0,3
1514892944058172,-1,-2,-2,0,-1,0,-2,0
1514892944058172,-1,-2,0,-2,0,0,-1,-1
1514892944067194,-1,-1,1,-1,0,0,-3,-4
1514892944067194,-2,1,-1,0,-1,-1,-1,0
1514892944070688,0,0,-1,-1,-2,0,1,-1
1514892944070688,-1,-2,-1,-2,-1,1,-1,-1
1514892944089692,-1,-2,-2,0,-2,-2,-1,-1
1514892944089692,0,0,0,0,-1,0,-1,-1
1514892944091193,-1,-1,-1,-1,-1,-3,-2,-1
1514892944091193,0,-2,-1,-2,-1,0,0,-1
1514892944104203,-2,-1,-2,-3,0,-3,-2,-1
1514892944104203,1,-1,0,-1,1,0,-1,-2
1514892944112221,-2,0,-1,-1,-2,-3,0,-2
1514892944112221,-1,-2,0,0,0,-1,-1,-1
1514892944127230,1,-1,-1,-2,-1,0,-1,1
1514892944127230,-1,-2,-3,-1,-3,-1,-3,-2
1514892944128729,-1,-1,0,-2,-1,-1,-1,1
1514892944128729,-1,-1,0,-2,0,-3,-2,0
1514892944149735,-3,0,-1,-2,0,-2,-1,0
1514892944149735,-1,2,-2,-1,-2,-3,0,-1
1514892944151249,0,0,-1,0,-1,0,0,-1
1514892944151249,-2,-3,-2,-2,-1,-1,-2,-2
1514892944163244,-1,-1,1,0,-3,0,0,1
1514892944163244,0,-1,-1,-1,-2,-2,-2,-2
1514892944172260,-2,-1,-1,-1,-2,0,0,-3
1514892944172260,-1,-1,-1,0,-1,-2,0,-5
1514892944186761,-1,-2,-1,1,-2,0,1,2
1514892944186761,-3,-1,0,-4,-3,-1,-1,0
1514892944188762,-2,-2,-1,0,-1,-1,-1,-1
1514892944188762,0,-1,-1,0,0,1,-1,-1
1514892944209779,-1,-2,-3,0,0,-1,-2,-3
1514892944209779,0,0,-1,-1,-1,-1,0,0
1514892944211278,0,-2,-1,-2,-1,-4,0,-3
1514892944211278,-2,-2,0,0,-2,1,0,-3
1514892944223287,-3,-1,-2,-1,0,-2,-1,0
1514892944223287,-1,0,-2,-1,-1,-1,-1,-1
1514892944232293,-1,0,-2,0,0,-1,-3,0
1514892944232293,0,-2,-1,0,-2,0,-1,0
1514892944246313,0,0,0,-1,-1,0,0,-2
1514892944246313,-1,0,-2,0,-1,-2,-1,0
1514892944254809,0,-2,-1,-1,-1,-2,0,-3
1514892944254809,-1,-3,-1,-1,-2,-2,-1,1
1514892944270319,-2,-3,-1,-2,-2,0,-1,-2
1514892944270319,-2,-1,-1,0,0,0,0,-1
1514892944271820,-2,0,-3,-1,-4,-2,-1,-3
1514892944271820,-1,-1,0,-2,-1,-2,-1,3
1514892944283829,-1,0,-1,-1,-2,-1,-2,-1
1514892944283829,-2,0,-2,-1,-2,-1,0,0
1514892944299851,-2,-2,2,1,1,0,-1,-1
1514892944299851,-1,-1,-2,0,2,-1,-1,0
1514892944307346,0,0,-2,-3,-1,-1,0,0
1514892944307346,-2,0,-2,-2,0,-1,-2,-1
1514892944308848,-2,-2,-1,-1,-2,0,1,-1
1514892944308848,0,-2,-1,0,-1,-2,-1,-2
1514892944329362,1,-1,-1,1,-1,-1,0,0
1514892944329362,-2,0,-1,-1,-1,0,0,-2
1514892944331362,-1,-2,-1,-3,0,0,-1,-1
1514892944331362,-1,-3,-1,-2,-2,-3,-2,1
1514892944351877,-2,1,0,-1,-2,-1,1,-2
1514892944351877,1,1,-1,-2,-1,-1,0,-1
1514892944353379,0,-1,0,1,0,-1,-2,0
1514892944353379,-1,-1,-1,-2,-2,-2,-1,-1
1514892944366889,-1,0,-1,0,-1,1,-1,-1
1514892944366889,1,-2,-2,-1,-1,-1,-1,-2
1514892944370391,0,0,-2,-1,-1,-1,-2,-1
1514892944370391,-3,0,-2,-1,0,-1,-1,-1
1514892944389404,-2,-1,-1,-1,-2,-1,0,-2
1514892944389404,0,-3,-1,-1,-1,0,-2,-2
1514892944390905,-1,-3,-1,-2,-1,2,0,0
1514892944390905,-1,-1,-1,-1,-2,-2,2,0
1514892944411932,-3,0,-1,0,0,-2,-1,-1
1514892944411932,-1,0,0,-1,-1,-1,0,0
1514892944413433,-3,-1,-1,-2,-3,-2,-2,-2
1514892944413433,-1,-2,-1,-2,-2,0,-1,0
1514892944426942,1,-2,0,1,0,0,-2,1
1514892944426942,-1,-1,0,0,0,-2,0,0
1514892944428432,-2,-1,-3,-2,-1,-1,0,-2
1514892944428432,0,-2,2,0,-2,0,-4,-3
1514892944449448,-1,-2,-2,-1,-1,-2,-1,-2
1514892944449448,1,1,-1,-1,-1,-1,-2,0
1514892944451448,0,-2,-2,-3,-2,-2,0,0
1514892944451448,-1,-3,-1,0,0,0,1,-1
1514892944471965,0,1,-1,-1,0,0,0,0
1514892944471965,0,0,-1,1,0,0,-1,-1
1514892944474464,-2,-1,-3,-3,-2,-1,-3,-1
1514892944474464,0,-1,-2,-1,-3,-1,-1,0
1514892944486973,-1,-1,0,-1,-2,-1,-3,-2
1514892944486973,0,0,0,-1,-2,0,-1,-1
1514892944488474,0,-1,0,-2,1,-1,0,0
1514892944488474,-1,-2,-2,0,-1,-1,0,-2
1514892944509504,-2,-1,-2,2,1,0,-1,-1
1514892944509504,-2,0,-2,0,-2,1,-2,-2
1514892944510993,-2,-3,0,0,-2,-3,-1,-2
1514892944510993,-1,-1,0,-2,1,-3,-1,1
1514892944532007,-2,0,0,-2,-2,-2,0,-2
1514892944532007,-2,-1,-1,-1,1,-2,-1,-1
1514892944533507,0,-1,0,-1,-1,1,-2,-1
1514892944533507,-1,-1,-2,-1,1,0,0,-1
1514892944547019,1,1,-2,-1,-2,-1,-2,2
1514892944547019,-2,0,-3,0,-1,-3,-1,-3
1514892944553020,0,-2,-1,-3,1,-1,-2,-2
1514892944553020,-1,-2,1,-1,-1,-2,0,-2
1514892944577040,-1,-1,-2,-3,1,-1,0,-1
1514892944577040,1,0,0,-2,0,-1,0,1
1514892944578538,-1,-2,-2,0,0,-2,0,0
1514892944578538,-2,-3,-1,1,-2,1,-2,-2
1514892944592056,-2,-2,-2,-1,-3,0,-2,-5
1514892944592056,0,-1,0,-2,-1,-2,1,-1
1514892944595562,-2,-2,0,1,-2,-2,-1,-1
1514892944595562,-2,-1,-2,0,-1,1,1,-1
1514892944606567,-1,-1,-2,-2,-3,-3,-1,-2
1514892944606567,0,0,0,-1,-2,-2,0,1
1514892944613072,0,-2,-1,0,0,-3,-1,-1
1514892944613072,-1,0,-1,-1,0,-1,0,-1
1514892944629583,-2,0,0,-2,-1,-2,1,0
1514892944629583,0,1,-2,-1,-2,0,-2,-1
1514892944631075,-1,-1,-2,-1,1,1,0,-2
1514892944631075,1,-2,0,-3,-1,-1,-2,1
1514892944652170,-1,0,1,-1,0,-3,-2,0
1514892944652170,-2,0,-1,-1,-1,0,-1,-2
1514892944653650,-2,0,-1,-1,-1,-1,0,0
1514892944653650,-1,-2,-2,-2,-1,-3,-1,-2
1514892944666169,0,1,-1,-3,-1,0,0,-1
1514892944666169,-1,1,-2,0,0,-2,0,0
1514892944673164,0,-2,-1,0,-2,-2,-1,-1
1514892944673164,0,-1,-1,-1,-1,-1,-2,-3
1514892944689688,-1,-2,-1,-1,0,-1,0,2
1514892944689688,-2,-1,0,-1,-2,-1,1,-2
1514892944691176,-3,-1,-2,-1,0,-2,-2,-2
1514892944691176,2,-1,-1,-1,0,0,-1,2
1514892944719696,-2,-1,-2,-1,-1,-1,1,0
1514892944719696,-2,-2,-2,-2,0,0,-2,-2
1514892944721198,0,-1,-1,0,-1,-1,0,1
1514892944721198,-2,-2,-1,-1,-2,-3,-3,-1
1514892944726702,-1,0,-1,0,0,-2,-2,-2
1514892944726702,-2,-2,-1,-2,0,0,-1,1
1514892944733206,-2,-1,-1,-2,-3,-3,-2,0
1514892944733206,-2,-3,0,1,-1,-3,-1,-2
1514892944749736,-1,0,-1,0,0,-1,-1,-1
1514892944749736,-2,-1,-2,-2,-2,-2,-1,-1
1514892944751230,2,-3,-2,-4,-2,1,-2,-1
1514892944751230,-1,-2,0,2,1,0,0,-1
1514892944772234,-2,-2,-1,-1,-2,-1,-1,-1
1514892944772234,-1,0,-2,1,-1,-1,-1,0
1514892944773735,-1,-1,-2,1,-1,0,0,-1
1514892944773735,-3,-3,-1,-2,-1,0,1,1
1514892944786753,1,1,-2,-1,-2,-1,-2,-1
1514892944786753,0,2,0,-2,-1,-2,-1,-1
1514892944794771,-2,-1,0,0,-1,-2,0,-1
1514892944794771,-2,-2,-2,-1,-1,0,-1,-2
1514892944809263,0,-2,-1,-2,-2,-1,-1,-2
1514892944809263,0,-1,-1,-3,-2,-1,-1,-1
1514892944811276,-1,-3,0,1,-1,-2,-3,-2
1514892944811276,-2,0,-1,-2,1,0,-1,-2
1514892944832284,-1,-1,-1,0,1,0,-1,-1
1514892944832284,-2,-1,-1,-1,-3,0,-3,-2
1514892944833777,-1,-1,-1,0,-1,0,0,0
1514892944833777,-1,-2,0,-1,-3,-1,-1,-4
1514892944845795,0,-1,-1,-1,-3,-2,0,-1
1514892944845795,0,0,-1,-1,0,-1,-1,2
1514892944854792,-1,-2,-1,-1,-2,-1,-2,-1
1514892944854792,0,-1,-1,-1,-1,2,-3,-1
1514892944869803,0,1,1,0,1,-1,-2,-2
1514892944869803,-1,-1,0,-2,-1,-3,-2,-2
1514892944872805,-1,-3,0,-3,0,-1,0,-1
1514892944872805,-2,-1,-3,-1,-2,-2,-1,-3
1514892944891818,-2,0,-3,-2,-1,1,0,0
1514892944891818,-1,0,-3,0,0,-1,-1,-2
1514892944899833,0,-3,-2,-3,-1,0,-1,0
1514892944899833,-1,-2,0,-3,-3,-2,-1,-3
1514892944914335,-3,2,0,-1,-1,-1,-2,-1
1514892944914335,-1,1,0,1,-1,-1,-1,-1
1514892944916361,-1,-3,-3,-1,0,-1,-1,0
1514892944916361,-1,-1,-1,-1,0,-2,0,-2
1514892944929354,0,0,-1,-1,-1,-2,-1,-2
1514892944929354,-1,1,-1,-2,0,0,-1,-1
1514892944931355,-1,-1,0,0,-1,-1,-2,-2
1514892944931355,-1,-3,-2,-1,-1,-1,-3,0
1514892944951860,-1,-1,-2,-2,-1,-1,-1,-1
1514892944951860,-1,-2,-2,-1,-2,-2,-1,1
1514892944953862,-1,-2,-1,1,1,2,0,0
1514892944953862,-1,-1,-2,1,-1,1,-1,0
1514892944965870,-1,0,0,0,-2,-1,-1,-4
1514892944965870,1,0,-2,1,-1,-1,1,1
1514892944975377,-2,-3,0,-2,-2,-1,-1,0
1514892944975377,-2,-2,1,-1,-1,-1,0,1
1514892944996902,0,0,-2,-1,0,0,-3,-1
1514892944996902,-2,1,0,-1,0,-2,-1,-2
1514892944998393,-2,-2,0,-2,-1,-2,-1,0
1514892944998393,-2,-3,0,0,-1,0,-1,-1
1514892945011903,-1,0,-1,-1,-2,-1,0,0
1514892945011903,0,-1,-2,-3,0,-1,-1,-1
1514892945013404,-1,-3,-2,-3,-2,0,-2,-2
1514892945013404,-1,-3,-1,-1,-1,-2,0,-4
1514892945025413,1,-1,0,1,-1,0,1,5
1514892945025413,-4,-1,0,-1,0,1,0,-2
1514892945040423,0,-2,0,0,-2,1,1,-3
1514892945040423,-2,-2,-1,1,-1,-1,-1,-2
1514892945049441,0,0,-1,-2,-1,-1,-3,-4
1514892945049441,0,-1,-2,0,0,0,-2,-2
1514892945050932,-1,-1,-2,-1,-2,-1,0,0
1514892945050932,-1,-3,0,-3,-2,-2,-2,1
1514892945071945,0,-2,-2,1,1,-3,0,0
1514892945071945,0,0,-2,-1,-2,-2,-3,-2
1514892945073446,1,-2,-2,-2,-2,-1,-1,-1
1514892945073446,-2,0,-1,-1,-2,-2,-1,0
1514892945085455,0,0,1,-2,0,1,-2,1
1514892945085455,-2,0,-2,-2,-3,-2,-1,0
1514892945102967,-1,-2,-2,0,-1,0,-2,1
1514892945102967,-1,-2,-3,-3,0,1,0,0
1514892945109472,-2,0,0,-1,-1,-1,-1,-1
1514892945109472,-1,1,-2,-1,-2,-1,0,-1
1514892945110973,0,-2,-2,-1,-1,-2,-1,-2
1514892945110973,0,-2,-2,1,-1,-2,0,-2
1514892945131988,-2,-1,-2,1,-3,-1,-1,-3
1514892945131988,-1,0,-1,-1,-1,-1,-3,-1
1514892945133489,-2,-1,-1,0,0,-1,-2,0
1514892945133489,-1,-3,0,-2,0,-1,-1,-3
1514892945145510,-1,0,-2,0,1,-1,-1,1
1514892945145510,-1,-1,-3,-1,-3,0,-1,-2
1514892945154514,-1,-1,-1,-2,-2,-2,-1,-2
1514892945154514,0,-1,0,-1,-2,-2,-1,-1
1514892945169514,-1,0,1,-2,-1,-1,-1,-2
1514892945169514,-2,1,0,-1,-4,-1,0,-1
1514892945173026,-2,-1,0,0,0,1,-1,-1
1514892945173026,-1,-2,-2,-1,0,-2,-1,-1
1514892945192031,1,-1,-2,-3,-1,0,-2,0
1514892945192031,1,-2,-3,-1,0,0,0,-1
1514892945193532,-3,-3,0,1,0,-3,0,0
1514892945193532,-1,-1,-2,1,-1,-1,0,-1
1514892945205551,-1,2,-2,-2,0,0,-1,0
1514892945205551,-1,0,0,-1,-1,-3,0,-2
1514892945215086,1,-3,-1,-2,-3,-1,0,-1
1514892945215086,0,-2,-1,0,0,0,0,0
1514892945229597,0,-1,-2,-1,-1,-2,-2,-3
1514892945229597,0,0,0,0,0,0,0,2
1514892945231098,-4,-1,1,-1,-1,-3,0,-2
1514892945231098,-2,-3,-1,-1,0,-1,-1,-1
1514892945252115,-2,0,-1,-2,0,-1,1,2
1514892945252115,-2,0,0,-1,2,-1,-1,-1
1514892945253617,-1,-2,-2,-3,-2,1,0,-2
1514892945253617,-1,-2,-1,0,-2,-1,-2,0
1514892945265622,-1,0,-2,-1,-3,-1,-2,-1
1514892945265622,-1,-1,-2,-1,0,-4,-2,-3
1514892945275632,-1,-2,-1,0,1,-1,-1,0
1514892945275632,-2,-2,-1,-1,-1,0,-2,-2
1514892945289652,0,0,0,-2,-1,-2,0,-1
1514892945289652,-2,1,-1,-2,-1,-1,-1,0
1514892945291140,-1,0,-2,-2,-2,0,-1,0
1514892945291140,0,-2,-2,-1,-3,0,0,-1
1514892945312155,0,0,-2,-2,-2,-2,-2,-1
1514892945312155,-2,0,-2,-3,-2,-2,-1,-2
1514892945313656,-1,-3,1,0,1,0,-2,-2
1514892945313656,-2,-2,-1,-1,0,-1,-1,0
1514892945334684,-3,-1,-2,-2,-1,-2,-2,-1
1514892945334684,1,0,-2,-1,-2,-1,1,1
1514892945337173,-1,-2,-2,0,0,-1,0,-2
1514892945337173,0,-2,-1,-2,0,-1,-1,-1
1514892945349695,-2,-1,0,0,-1,-1,-3,-1
1514892945349695,-1,0,-1,-1,0,-2,-1,-1
1514892945351186,-1,-1,-1,-1,-1,-2,-2,0
1514892945351186,-1,-1,1,-1,0,-2,-1,0
1514892945371697,-1,2,0,0,-1,0,-2,-1
1514892945371697,-2,1,-1,0,-1,0,-2,-1
1514892945378202,0,-3,-1,-3,-3,1,-1,-3
1514892945378202,0,-3,-2,1,0,-4,1,0
1514892945394714,-2,-1,0,-3,-2,-2,-2,-2
1514892945394714,-1,1,-1,-1,-1,-1,-1,1
1514892945396226,-3,-3,-2,0,0,-1,-2,-3
1514892945396226,0,-1,-2,-2,0,0,-1,3
1514892945410225,1,0,-2,-2,-1,-1,0,0
1514892945410225,1,1,-2,-1,-2,-1,-2,-3
1514892945415729,0,-3,-2,-2,-1,-4,-1,0
1514892945415729,-2,-1,-1,-1,-2,0,-1,-3
1514892945432239,-2,1,0,1,1,1,-1,-2
1514892945432239,0,0,0,-2,-1,-1,1,3
1514892945433741,0,-2,-1,0,0,-1,0,0
1514892945433741,0,-2,-2,-2,-1,0,0,-1
1514892945454265,-1,-1,-3,-2,-1,-2,-1,-1
1514892945454265,0,0,0,-2,-2,1,-2,-2
1514892945456258,-2,-3,0,-3,-2,-1,-1,-1
1514892945456258,-2,-3,-3,1,-1,-2,-1,2
1514892945468766,0,0,-1,-1,-3,-2,0,0
1514892945468766,-1,-2,-2,-1,0,1,-1,-2
1514892945475771,1,0,-3,-2,-2,-1,-1,-1
1514892945475771,-3,-2,-1,-1,-1,-2,-2,-2
1514892945499297,0,0,-2,-3,-2,-2,0,-1
1514892945499297,0,-1,-1,0,0,-2,-1,-1
1514892945501289,-2,-2,-2,-1,-1,0,-2,0
1514892945501289,-3,-2,0,0,-1,-2,-2,-1
1514892945514307,-1,-1,-1,1,-1,0,-1,0
1514892945514307,-2,0,-1,-2,-2,-1,-1,-3
1514892945516309,1,-1,-1,2,-1,1,0,-1
1514892945516309,-1,-1,1,-2,0,0,-1,-2
1514892945529308,-2,-1,-1,-2,-1,-1,-2,-3
1514892945529308,0,0,-1,-1,-1,0,0,1
1514892945535813,1,-3,-2,-1,1,-2,-1,0
1514892945535813,-1,-1,-1,-1,-2,-2,-2,-1
1514892945551837,-2,1,-1,0,2,1,-2,-4
1514892945551837,-2,-1,-2,0,-4,-2,-2,0
1514892945553841,-2,-2,-1,0,0,-2,0,1
1514892945553841,0,-3,-2,-2,-2,-3,-1,-2
1514892945574341,-1,-1,-2,0,-2,-3,-3,-2
1514892945574341,-1,1,-1,-2,-1,0,-2,-2
1514892945577345,-1,-2,0,-2,-2,0,-2,-1
1514892945577345,-1,-2,0,-2,-2,1,-1,-2
1514892945588850,-1,-2,-2,-1,-2,-1,-1,-1
1514892945588850,0,-1,0,0,0,-2,-1,0
1514892945595874,1,-1,0,-1,-1,-2,0,-2
1514892945595874,-1,-4,0,-2,-1,-1,-3,-1
1514892945613383,-1,-1,-1,-1,-1,-1,2,0
1514892945613383,-2,1,-1,-1,1,0,-1,-2
1514892945614884,-3,-2,-2,-2,0,-1,-2,-2
1514892945614884,-1,-1,0,0,-2,0,-1,-3
1514892945634382,-1,-1,-3,-2,-2,0,-1,0
1514892945634382,-1,0,0,0,0,-1,-1,-3
1514892945636894,-1,-2,-1,0,-2,-3,0,3
1514892945636894,0,-2,-3,0,0,-1,0,-2
1514892945656899,-1,1,-1,0,-2,0,0,1
1514892945656899,-2,-2,-1,-1,-2,0,0,-4
1514892945658400,0,-2,-3,-2,-1,0,-1,0
1514892945658400,0,-2,-1,-1,0,-3,1,0
1514892945671909,-2,0,0,-1,-2,0,-2,0
1514892945671909,0,1,-3,-1,-2,-2,-2,-3
1514892945673911,-1,-1,-2,1,-1,-1,-2,-2
1514892945673911,-1,-4,-2,-2,-3,0,-3,0
1514892945694425,-1,1,-1,-2,1,-2,-2,-3
1514892945694425,-1,-1,0,0,-1,0,-1,0
1514892945695926,-3,-4,1,-1,0,-2,-3,-4
1514892945695926,-2,-2,-1,0,0,0,0,-2
1514892945708936,1,-1,1,-1,-2,-2,-1,0
1514892945708936,-1,-2,-4,-3,-2,-2,-1,-1
1514892945722945,-1,-1,-3,-2,-1,-2,-1,1
1514892945722945,0,-3,-2,0,-1,1,-1,0
1514892945731951,1,-1,-1,1,0,0,1,-1
1514892945731951,0,1,-1,-2,-1,-3,-3,0
1514892945733465,-1,-3,-1,-4,-1,-1,-1,-2
1514892945733465,-2,-1,0,1,0,-1,0,-2
1514892945761973,-1,0,0,1,1,-1,1,0
1514892945761973,-1,-2,-3,-2,-1,-1,-3,-1
1514892945763474,0,-2,2,-1,-3,0,0,0
1514892945763474,-2,-2,-1,-3,-4,-1,-1,-2
1514892945768979,0,0,-2,-1,0,0,-1,-2
1514892945768979,-1,2,-1,-1,-1,-2,-3,-4
1514892945775983,-1,-2,-2,-1,-1,0,-1,0
1514892945775983,1,-2,-1,0,-1,0,-1,-1
1514892945792995,-2,0,-1,0,-2,-2,-3,-1
1514892945792995,-1,-1,-3,-1,-1,-1,0,0
1514892945796497,-3,-3,-2,0,-2,-1,-2,-2
1514892945796497,-1,-1,-1,-1,0,-2,-1,-1
1514892945814509,-1,0,-1,-2,-1,-1,0,-1
1514892945814509,-1,0,-2,-2,-1,-3,0,3
1514892945816011,-1,-2,-2,-1,-1,0,-1,-2
1514892945816011,-2,-3,0,0,0,-1,-1,-2
1514892945828027,0,-2,-2,-2,-1,-2,-1,0
1514892945828027,-2,-1,-2,-1,-1,2,-1,-2
1514892945837036,-1,0,0,-1,-3,3,0,1
1514892945837036,-1,-1,-1,-2,0,-1,-2,-2
1514892945852047,0,-1,-3,-1,-2,-2,0,1
1514892945852047,-1,0,0,0,0,0,-1,-2
1514892945853548,1,-2,-1,-1,-2,-3,-1,-3
1514892945853548,0,-1,-3,-2,0,-1,0,-1
1514892945874570,-1,-3,-1,-3,0,-3,-3,-3
1514892945874570,-1,0,0,-3,-2,0,-2,0
1514892945877056,-2,0,-3,1,2,1,-1,-1
1514892945877056,-2,0,0,1,1,-2,-1,-1
1514892945888062,0,0,-1,-1,-3,0,-2,-1
1514892945888062,-2,-2,-1,-2,-1,1,1,0
1514892945898069,-1,-4,0,-3,0,-3,0,-2
1514892945898069,-2,-2,-1,1,-2,0,0,0
1514892945912092,0,1,-2,0,-2,1,0,-1
1514892945912092,-1,0,-1,-1,-1,-2,-1,-1
1514892945913592,-2,-1,-1,-2,0,0,-1,-2
1514892945913592,-3,-2,-1,-2,-2,-1,0,-1
1514892945935595,-3,-2,-2,-2,-1,-1,-2,-2
1514892945935595,0,-1,-1,-1,-1,0,-1,-2
1514892945937097,-2,-3,0,-1,-1,-1,0,1
1514892945937097,-1,-2,-1,-2,0,0,-2,-2
1514892945948160,0,0,-1,-1,0,-1,0,2
1514892945948160,-3,0,-1,-1,-2,-1,-3,-2
1514892945957143,0,-2,0,0,-1,-2,-1,3
1514892945957143,-1,-3,-1,2,1,-1,-1,-1
1514892945972158,-1,-1,-2,-2,-2,-1,-2,-1
1514892945972158,0,1,0,-2,-1,-2,0,-1
1514892945973655,-2,-3,0,-1,-2,1,0,-1
1514892945973655,-1,-2,0,-2,-3,-1,1,-1
1514892945995671,-1,0,-1,1,0,-1,-1,-2
1514892945995671,-1,0,-2,0,1,-2,-2,1
1514892945997171,-1,0,-1,1,1,0,-3,-1
1514892945997171,0,-2,-1,-1,-1,-1,0,0
1514892946008179,0,1,-1,-1,-1,0,-2,-2
1514892946008179,-1,-2,-2,-2,-2,0,0,0
1514892946017185,-1,-3,-1,-1,-1,-1,-1,1
1514892946017185,-1,-1,-1,-1,0,-1,-1,-1
1514892946032198,-2,0,-3,-1,-2,-1,-3,0
1514892946032198,0,0,-2,-1,-1,-1,0,-1
1514892946033697,-3,-3,-3,-1,-3,-2,0,-3
1514892946033697,0,-2,-2,0,-2,-3,-2,-1
1514892946055713,-2,1,-1,-1,-1,-1,-1,0
1514892946055713,-2,0,-3,-2,-2,-1,-2,1
1514892946058214,1,-2,0,0,-2,-2,-1,-3
1514892946058214,-2,0,0,-2,0,-2,-1,-1
1514892946068222,-1,-1,-1,3,1,-2,-2,-1
1514892946068222,0,-2,-2,-3,-2,0,-1,-1
1514892946077228,-1,0,0,0,-2,0,-2,-3
1514892946077228,-2,-1,-1,-1,1,0,-1,1
1514892946092237,0,-1,-1,-3,-2,-2,-1,-1
1514892946092237,0,0,1,0,-3,-3,-2,1
1514892946093740,0,-3,-1,0,-3,0,-1,-2
1514892946093740,-2,0,-2,0,0,-1,-1,-1
1514892946114759,-3,0,0,-1,-1,-1,0,-1
1514892946114759,0,-1,-2,-1,0,1,-1,0
1514892946116256,-1,1,-2,-2,0,-2,-1,-1
1514892946116256,-1,-1,-1,0,-3,0,0,0
1514892946128266,-2,-2,-2,1,-3,-1,-1,-1
1514892946128266,-1,-1,-1,0,0,-3,-2,0
1514892946146276,0,-2,-1,-1,-1,-1,0,1
1514892946146276,2,0,-2,-2,-1,-2,-1,2
1514892946152282,-1,1,-1,-1,0,-1,-2,-3
1514892946152282,0,0,-2,0,-1,-1,-1,2
1514892946153782,-3,-2,-1,-1,0,0,0,-1
1514892946153782,-2,-2,-2,-1,-2,-2,-1,-1
1514892946174798,0,-1,-2,-1,-1,0,-2,-1
1514892946174798,-2,0,-2,0,-1,-1,-1,-3
1514892946176298,-2,-1,-1,-2,0,-1,0,-3
1514892946176298,0,-3,0,1,-1,-1,0,0
1514892946188307,-1,0,0,-2,-2,-1,-1,-1
1514892946188307,-1,0,-1,0,-2,-2,-2,-1
1514892946197313,-2,-2,-1,-2,0,-1,-1,0
1514892946197313,0,-1,-1,-2,-3,0,-2,-3
1514892946212326,-2,-1,-1,-2,-1,-2,-1,0
1514892946212326,-2,0,-1,-1,-1,-2,-2,-5
1514892946219830,-1,-2,-3,-3,-3,-3,-2,-3
1514892946219830,-3,-2,-1,0,-1,-2,-2,0
1514892946233840,-1,-1,1,0,-1,0,0,0
1514892946233840,0,-1,-2,-3,-2,0,-1,0
1514892946242344,1,-3,-1,-1,0,1,-1,-1
1514892946242344,0,-2,-1,0,0,-1,0,-1
1514892946256856,-2,1,-2,-3,-2,-1,-1,0
1514892946256856,-2,-1,-1,-2,-1,-2,-1,-2
1514892946258355,-1,-1,0,-1,-1,-2,1,2
1514892946258355,-2,-2,-1,-1,-1,0,-1,0
1514892946271365,-1,0,-2,-3,-1,-1,-1,-3
1514892946271365,-1,-1,-2,1,1,1,0,2
1514892946279872,-2,-2,-1,0,-2,-1,0,-2
1514892946279872,-2,0,0,0,0,-1,1,1
1514892946294883,1,1,-2,-2,-1,0,-1,-1
1514892946294883,-1,-2,-1,-2,-3,-3,-4,-2
1514892946296387,-1,-1,-1,-2,-1,1,-1,0
1514892946296387,-1,-1,-2,0,-1,-1,-1,-1
1514892946317398,-1,0,0,-1,-1,-3,1,-1
1514892946317398,-1,-2,-2,-3,-1,-1,-1,-3
1514892946318901,0,-1,1,0,1,-1,-1,0
1514892946318901,-1,-1,1,-2,-2,0,0,-3
1514892946332409,-1,-3,-1,2,1,0,1,0
1514892946332409,0,0,-1,-1,-1,-1,-1,-1
1514892946333911,-1,-1,-1,-1,-1,-1,-2,-1
1514892946333911,0,-1,-1,-1,-2,-1,-1,-1
1514892946354424,-1,0,-1,-1,0,-2,-1,-3
1514892946354424,-1,-2,1,0,-1,-1,-1,-1
1514892946355925,0,-2,-3,0,0,1,-1,-1
1514892946355925,0,0,-1,0,0,0,-1,-1
1514892946377442,-1,-1,-1,-1,-2,-3,-2,1
1514892946377442,0,-1,-4,-1,-2,-2,-1,-2
1514892946378945,-2,-2,2,0,-2,0,-1,-1
1514892946378945,0,-1,-2,-2,-1,0,0,-1
1514892946391449,1,1,-4,-3,-3,-1,-2,-1
1514892946391449,-1,-2,-3,-2,-1,0,1,1
1514892946398455,-1,-5,0,0,0,-1,-2,-2
1514892946398455,-3,-2,0,1,-1,-1,-1,-1
1514892946414467,-1,1,5,0,-1,-2,-2,1
1514892946414467,1,-3,2,-2,-1,-3,-1,-2
1514892946415967,0,-1,-2,-2,-2,1,1,3
1514892946415967,-1,-1,-3,-1,-1,0,0,-2
1514892946436983,-2,0,0,-2,-1,0,-1,-1
1514892946436983,-1,-1,-1,0,0,-1,-1,-1
1514892946438483,-3,-3,-1,-1,-1,-3,-3,-5
1514892946438483,0,2,0,-3,-1,-3,-2,0
1514892946451992,-1,-1,-8,-4,-3,-1,-2,-2
1514892946451992,1,-1,12,2,-2,-1,-1,-1
1514892946457996,-1,-1,-2,-2,0,0,-1,-1
1514892946457996,0,0,-5,-3,0,-1,-1,0
1514892946474522,-1,0,2,3,0,-1,0,-1
1514892946474522,-2,0,0,-2,0,0,-1,0
1514892946476010,-1,-3,-18,-3,-2,-4,-2,-1
1514892946476010,-2,-1,-6,-2,-2,-2,1,-1
1514892946497534,0,0,0,0,0,2,1,0
1514892946497534,-2,-1,-5,-4,-1,-1,-1,-2
1514892946499026,0,0,7,2,1,-1,0,-3
1514892946499026,0,-3,9,-1,-1,-2,-1,0
1514892946511058,0,-2,-1,-2,-1,-1,0,1
1514892946511058,0,-1,-8,-2,-3,1,0,1
1514892946519541,0,0,5,-2,-1,-2,-1,0
1514892946519541,-1,-3,-7,0,0,1,-1,-2
1514892946534553,-1,-3,0,0,0,0,-3,-4
1514892946534553,-1,-2,0,-1,-2,0,0,4
1514892946536053,-3,-2,-4,1,1,1,-1,1
1514892946536053,-1,0,-1,-1,-1,-1,0,0
1514892946557076,-2,0,-5,0,-1,-2,0,-2
1514892946557076,-2,-1,-5,-3,1,-1,-1,0
1514892946558577,0,-2,3,2,-2,1,4,2
1514892946558577,0,-1,1,-1,-1,-3,-11,-10
1514892946571076,-3,-1,8,0,-2,-2,-2,-1
1514892946571076,-2,-1,-2,0,0,-3,-4,-5
1514892946578089,1,-3,34,0,-2,0,-2,-1
1514892946578089,-1,0,-40,1,1,0,2,2
1514892946594593,0,0,1,3,-2,-1,-1,-2
1514892946594593,-2,-1,-5,3,0,-2,0,1
1514892946596094,-1,-4,1,-7,-1,-1,1,0
1514892946596094,-1,1,31,1,-3,1,1,1
1514892946617125,0,0,-9,-2,0,-2,-1,1
1514892946617125,-1,0,0,0,1,0,-1,-1
1514892946618610,-1,-3,-5,-1,-2,-3,-2,-3
1514892946618610,-2,-2,5,-2,0,0,-1,0
1514892946631119,0,-2,-9,-7,-3,-1,1,-1
1514892946631119,0,-1,13,0,0,-2,-1,-2
1514892946638152,-1,0,-4,12,0,0,0,-2
1514892946638152,-1,0,-24,6,-1,-2,-1,-1
1514892946654647,1,2,23,-6,-2,-2,-1,2
1514892946654647,-4,-6,-50,-24,-6,0,0,-4
1514892946656149,-1,1,49,2,1,-2,-3,-2
1514892946656149,0,-4,-36,1,2,0,0,1
1514892946677151,-1,-3,-16,9,-3,0,3,5
1514892946677151,2,1,-17,-19,-2,-4,-3,-5
1514892946678653,-2,-1,-41,2,-1,4,0,-3
1514892946678653,0,0,62,-11,-3,-1,0,1
1514892946691161,-2,-7,-39,-2,2,2,-2,-2
1514892946691161,0,-4,11,23,-1,-1,-2,1
1514892946698166,9,0,-62,-38,-6,-8,-4,4
1514892946698166,4,3,-29,-5,-2,-4,-6,-2
1514892946713679,-3,5,37,10,1,-2,-1,-8
1514892946713679,-8,-13,57,-6,-4,5,11,0
1514892946722183,1,-4,-26,10,1,1,2,-3
1514892946722183,3,-1,11,-4,-4,-4,-2,-4
1514892946737705,12,12,22,11,1,-4,-5,7
1514892946737705,-11,1,-17,-11,-2,-6,-6,-2
1514892946739195,-7,-12,-14,3,1,1,-1,-3
1514892946739195,-12,-19,-71,-20,-8,-5,-4,-4
1514892946750706,0,-4,19,0,0,1,0,-8
1514892946750706,5,2,-21,-2,3,2,1,10
1514892946767216,5,7,64,6,0,1,-11,-6
1514892946767216,-2,3,19,32,0,-3,-1,1
1514892946774229,-3,1,12,2,0,-1,-3,-5
1514892946774229,3,-3,-33,-18,-4,-2,-1,-9
1514892946782730,-4,-2,-31,-28,-2,-2,1,7
1514892946782730,1,5,28,23,3,1,1,-1
1514892946797236,0,-1,20,12,0,2,0,-1
1514892946797236,-4,2,75,27,2,-1,-4,-5
1514892946799238,-4,-8,-54,-38,-8,-3,2,2
1514892946799238,1,5,12,-2,5,4,3,-1
1514892946811747,-10,-5,-100,-28,-6,-3,0,-3
1514892946811747,4,-4,31,19,2,1,-2,2
1514892946819767,-3,0,13,9,-2,-1,0,-3
1514892946819767,-2,-3,-23,-14,-2,-1,0,0
1514892946834272,-1,1,24,-11,0,2,-2,1
1514892946834272,1,1,15,9,-1,-1,-3,0
1514892946836263,-2,5,57,16,2,-4,-1,-4
1514892946836263,-3,-3,-32,-5,-2,-1,0,0
1514892946856787,-1,-3,15,-5,-2,-1,-1,-2
1514892946856787,-1,-1,-23,-1,-1,-2,-1,-2
1514892946858779,1,-1,0,6,1,1,1,2
1514892946858779,-3,5,24,-9,0,2,1,-2
1514892946871303,-1,-4,36,10,-1,-4,-4,-2
1514892946871303,3,1,-30,-13,-3,-1,-1,2
1514892946879795,-13,-10,17,10,2,0,-1,-3
1514892946879795,-15,0,10,0,-5,-2,-2,-2
1514892946894306,19,0,-26,1,-1,1,-1,2
1514892946894306,-2,-6,-48,-25,-3,1,0,-1
1514892946896306,11,1,-4,27,0,-1,-1,0
1514892946896306,-18,0,-14,1,-2,-1,-3,-5
1514892946916820,-12,-4,-40,-20,-6,-2,-1,-1
1514892946916820,1,3,28,-4,0,2,0,0
1514892946918828,-1,-10,-34,1,-4,-4,-1,-3
1514892946918828,11,0,-20,-11,-1,-1,1,1
1514892946930830,-5,2,27,9,-4,-4,1,1
1514892946930830,13,2,1,3,1,-4,-3,0
1514892946939336,-18,-8,-34,-7,-2,0,0,-3
1514892946939336,2,0,69,20,2,0,-2,-2
1514892946954347,-9,0,25,-4,-3,-3,-3,-6
1514892946954347,6,3,-7,0,1,4,1,5
1514892946956348,-1,5,85,11,-1,-1,-1,1
1514892946956348,13,4,-17,-10,-1,1,0,5
1514892946976863,12,-7,-28,-12,1,2,3,9
1514892946976863,-23,-3,0,-3,-2,-2,-1,5
1514892946978376,13,6,5,5,3,1,-1,-9
1514892946978376,6,5,19,15,4,1,1,-1
1514892946990385,0,-7,14,-4,-2,-2,-4,-7
1514892946990385,-13,3,4,4,-1,0,2,-3
1514892946999388,-2,-5,-54,-20,-1,1,0,2
1514892946999388,14,1,56,8,-4,-2,-1,5
1514892947014399,-43,-3,-66,-8,1,0,-1,-5
1514892947014399,11,-8,34,17,1,-3,-3,-3
1514892947015900,-8,5,2,-19,-1,1,-2,-4
1514892947015900,-5,1,45,3,-1,-1,0,-2
1514892947035917,14,3,-17,19,1,-3,-1,4
1514892947035917,-21,-8,6,3,-3,-3,-3,-12
1514892947052927,5,2,10,-13,0,-3,-2,5
1514892947052927,12,-5,-26,-12,-2,-1,0,3
1514892947053918,-3,9,29,13,-1,-1,-3,-7
1514892947053918,22,2,-42,-9,-2,-1,-2,-5
1514892947059924,-14,-13,-24,-16,-7,-2,0,3
1514892947059924,14,-6,-44,8,1,-2,-2,-10
1514892947074441,21,11,79,11,4,2,1,14
1514892947074441,-21,-12,-54,-25,-9,-4,-7,-38
1514892947075948,-5,1,25,18,-1,-2,-2,-8
1514892947075948,0,-9,-53,-27,-9,-4,-4,-3
1514892947096948,-13,-5,-28,-16,-1,0,-2,-10
1514892947096948,6,-1,30,7,4,1,-1,5
1514892947098449,10,8,-6,15,1,1,1,7
1514892947098449,16,-15,-31,2,0,-2,-3,-12
1514892947120465,-40,0,24,9,0,-5,0,28
1514892947120465,-3,10,-35,4,2,1,1,-31
1514892947123967,19,15,15,-19,-1,0,-1,0
1514892947123967,9,-12,-7,28,6,4,2,5
1514892947134474,-13,0,-5,-25,-7,-3,-4,-13
1514892947134474,5,-7,28,12,0,0,1,17
1514892947135976,-21,-6,-26,1,0,-2,-3,-4
1514892947135976,5,12,34,1,-2,0,0,18
1514892947156997,19,-8,-32,12,4,2,6,13
1514892947156997,26,11,49,-15,-10,-5,-5,16
1514892947158503,-27,-8,-33,7,2,1,3,4
1514892947158503,-75,8,53,-2,-4,-2,-2,-5
1514892947179506,47,4,14,25,8,5,0,-5
1514892947179506,-6,-20,-78,-33,-13,-10,-4,17
1514892947181008,-23,-11,-2,14,1,0,-5,-31
1514892947181008,-7,-8,-62,-72,-7,-2,-2,-3
1514892947194519,-20,-2,31,-2,2,0,-2,-24
1514892947194519,56,27,34,26,6,1,-1,-2
1514892947196017,36,-14,14,12,-2,0,1,19
1514892947196017,40,10,1,33,4,2,2,5
1514892947217543,-38,3,1,-25,-9,-10,-7,-4
1514892947217543,23,-41,-50,-17,-1,1,1,-12
1514892947219044,-2,-11,23,-5,1,0,7,73
1514892947219044,-28,11,30,37,7,1,1,-18
1514892947239561,17,-9,-128,-57,-11,-1,-2,13
1514892947239561,-18,-2,22,21,4,1,-2,4
1514892947241067,-5,-4,-5,12,-6,-2,-1,-9
1514892947241067,-16,-8,-45,-14,-3,-4,-3,-21
1514892947254569,30,23,21,46,3,1,0,5
1514892947254569,-25,-42,-12,-43,-8,0,2,-7
1514892947256071,-4,19,32,-22,-1,-2,-4,-21
1514892947256071,-38,1,-6,-9,-4,-3,-2,1
1514892947277094,22,9,57,-4,2,-2,-1,-19
1514892947277094,46,17,-50,5,4,2,6,46
1514892947278576,-14,12,13,65,0,-2,-3,-24
1514892947278576,-29,-8,-55,-77,-11,-3,1,2
1514892947299605,12,-9,12,3,2,-2,-4,8
1514892947299605,-24,10,-62,4,2,3,3,28
1514892947301101,24,-16,-55,-62,-7,-5,-2,10
1514892947301101,-2,11,74,6,2,-2,-3,-3
1514892947313601,3,-7,6,76,-2,-1,-3,-5
1514892947313601,-49,26,70,-1,-3,-2,-2,-13
1514892947320606,23,3,60,15,4,0,0,7
1514892947320606,-29,-9,-67,-26,-12,-9,-11,-47
1514892947337117,-8,-18,-84,-69,-1,4,7,12
1514892947337117,-7,-8,101,48,6,2,0,14
1514892947339619,-37,-2,5,2,-1,-4,-2,-35
1514892947339619,52,1,16,48,8,5,5,15
1514892947359636,1,16,78,22,-1,-2,-1,17
1514892947359636,-32,-15,-98,-54,-6,-1,1,-22
1514892947361135,14,-9,-11,-12,-3,-5,-2,7
1514892947361135,90,10,-80,-14,4,1,-1,0
1514892947374656,-22,13,15,-12,0,0,-2,-7
1514892947374656,44,4,47,12,-1,-2,0,-7
1514892947382159,-69,-41,-24,15,2,0,-7,43
1514892947382159,33,15,14,0,-1,0,8,55
1514892947397178,40,-27,-6,15,-2,7,9,44
1514892947397178,59,69,-8,-39,-1,0,-2,7
1514892947398662,56,1,-19,-34,1,1,-2,-37
1514892947398662,-96,-5,98,45,-11,-9,-6,-15
1514892947420185,-34,-83,28,-27,-4,-5,-7,-49
1514892947420185,-78,1,-51,-6,-9,-5,0,16
1514892947423688,-2,-2,7,5,4,4,1,-16
1514892947423688,11,23,-22,8,16,4,1,24
1514892947433686,2,37,91,61,-8,-5,-4,-28
1514892947433686,-17,-30,-29,7,-9,-11,-9,-26
1514892947440708,92,25,68,-29,-17,-5,1,-3
1514892947440708,-73,-14,111,-19,11,0,-1,4
1514892947456714,-33,5,-128,-25,-5,-5,1,46
1514892947456714,62,13,77,65,21,9,3,3
1514892947459704,-75,-8,35,46,2,-1,0,-19
1514892947459704,-42,-19,-30,-36,-13,-2,-2,47
1514892947479228,-36,-29,-16,1,2,-2,-1,-10
1514892947479228,-64,36,31,-74,-21,-7,-6,-54
1514892947481229,18,26,46,43,14,3,-1,-17
1514892947481229,53,-5,35,3,-4,1,-2,8
1514892947493731,-28,10,-23,-25,-10,-5,-4,-24
1514892947493731,-40,-38,-17,-52,9,4,4,26
1514892947500748,12,-16,12,62,11,6,6,3
1514892947500748,30,-5,-79,-58,-4,-2,-2,-41
1514892947516754,-31,38,52,39,0,-1,-8,-55
1514892947516754,18,-40,18,-43,-14,-4,-4,-17
1514892947518755,19,-34,-47,5,-5,-10,-10,30
1514892947518755,64,37,-45,60,8,6,3,-61
1514892947539272,21,6,7,-33,-1,-1,-1,1
1514892947539272,30,-17,-77,82,30,11,7,10
1514892947541274,16,53,-22,-48,-31,-11,-4,-9
1514892947541274,-57,-16,13,-34,-4,-5,-7,3
1514892947553771,54,15,19,-35,0,2,3,27
1514892947553771,51,-8,16,71,14,6,1,0
1514892947568290,61,25,-93,-39,-2,4,12,83
1514892947568290,19,1,-1,-8,-12,-7,-5,-6
1514892947577287,19,7,1,33,6,0,-1,11
1514892947577287,-36,42,39,-45,-6,-3,-1,11
1514892947578788,33,-6,-33,4,5,6,4,2
1514892947578788,-71,-19,50,10,2,-1,0,32
1514892947599303,0,-34,-69,-50,-16,-7,-2,21
1514892947599303,-38,-1,53,43,-6,-6,-3,-5
1514892947603309,-9,77,64,-49,5,2,-5,-81
1514892947603309,0,-26,0,10,-5,-5,-6,26
1514892947613813,11,-17,17,58,15,5,2,-7
1514892947613813,-4,14,41,-29,-15,-3,0,-1
1514892947620818,32,-52,-46,-66,-5,-7,-4,14
1514892947620818,33,25,122,46,6,2,-2,-6
1514892947636841,-36,-7,36,42,2,0,-2,-41
1514892947636841,25,-20,4,-60,-13,-8,-11,-18
1514892947638835,-42,-18,35,98,0,-4,-6,-24
1514892947638835,62,4,-21,-60,-3,1,-2,-37
1514892947659360,43,36,55,-5,-3,-4,-2,21
1514892947659360,-37,-20,12,46,1,-6,-5,-64
1514892947661357,-28,-7,28,-67,-4,1,4,-11
1514892947661357,-56,-11,-10,28,-3,-3,0,26
1514892947673865,9,27,38,33,2,-1,-2,16
1514892947673865,51,20,-99,-40,14,10,5,24
1514892947680370,-50,-20,17,-35,-5,-6,-4,9
1514892947680370,51,-17,-7,46,-8,-3,3,-1
1514892947697883,69,12,-45,-45,6,2,5,26
1514892947697883,-18,-12,72,87,-1,-7,-4,29
1514892947699383,-8,7,-83,-41,-6,0,-3,-12
1514892947699383,-43,38,31,28,8,3,0,-10
1514892947719400,33,-43,-15,11,9,7,4,20
1514892947719400,-15,-11,-32,30,-3,1,1,24
1514892947720901,-33,-18,-18,-31,3,3,4,14
1514892947720901,7,49,37,-18,1,-3,-2,-8
1514892947733397,-13,13,-1,20,0,1,0,-13
1514892947733397,-29,-21,-45,-4,-4,-3,-7,-51
1514892947741904,-37,-50,-56,-1,4,0,1,58
1514892947741904,-17,-18,-48,80,14,1,-1,-8
1514892947756923,-6,18,31,-101,-26,-4,-1,-20
1514892947756923,56,-8,75,20,0,-1,1,-38
1514892947758425,39,7,-21,25,-2,-6,-7,3
1514892947758425,-10,-21,-50,19,0,-6,-1,36
1514892947779442,-71,-66,-60,11,0,0,1,-4
1514892947779442,-35,51,-95,-93,-19,-11,-7,17
1514892947781944,21,-6,68,70,3,-3,-5,-68
1514892947781944,13,-2,-12,-105,-10,1,1,11
1514892947793941,-41,13,-19,3,5,-1,-1,-35
1514892947793941,81,-12,-2,30,-8,-2,3,27
1514892947801946,-80,-9,48,-12,1,-4,-3,2
1514892947801946,-3,17,16,-41,3,2,0,2
1514892947816457,-14,-14,-44,-24,-8,-7,-7,-4
1514892947816457,14,13,88,4,11,1,2,46
1514892947817957,60,-7,9,60,5,3,3,22
1514892947817957,73,-3,29,-31,2,3,1,10
1514892947838973,-72,-4,-40,24,-9,-6,2,12
1514892947838973,6,-31,-4,92,9,0,-1,-14
1514892947839473,4,31,26,-65,-5,2,5,45
1514892947839473,-48,4,-1,30,-7,-3,-4,13
1514892947861490,-1,7,-51,-28,6,0,0,-11
1514892947861490,36,44,72,28,2,-2,-7,24
1514892947861988,-27,-36,12,-58,-12,-6,-3,-10
1514892947861988,28,-3,-1,49,17,9,8,-2
1514892947875998,8,0,2,-28,-16,-9,-8,16
1514892947875998,-21,-17,43,-34,3,5,8,12
1514892947876999,36,7,19,22,-4,-6,-10,-29
1514892947876999,-33,1,-92,-75,-23,-13,-8,-9
1514892947898523,25,-16,25,-84,-2,3,3,-1
1514892947898523,-61,6,-29,47,2,-2,2,12
1514892947906028,21,14,21,-21,3,5,-2,-30
1514892947906028,-61,-64,13,-48,-20,-6,3,-14
1514892947922031,19,20,55,72,17,7,0,7
1514892947922031,26,-34,-58,-77,-12,-7,-1,-2
1514892947924032,-30,-17,-29,35,13,5,2,41
1514892947924032,-45,-33,-67,-29,-19,-13,-8,-25
1514892947936058,6,1,-12,26,6,-2,-5,-19
1514892947936058,-13,19,23,-45,2,1,-1,-2
1514892947937042,27,5,-83,39,-6,-1,7,29
1514892947937042,17,25,53,10,17,8,3,-9
1514892947958572,64,-16,86,15,-19,-14,-10,-32
1514892947958572,-53,16,15,38,9,2,1,1
1514892947959572,-47,-43,34,11,-8,-3,1,10
1514892947959572,2,16,-35,-37,-13,-9,-15,-63
1514892947981082,11,-7,3,17,0,0,1,-7
1514892947981082,-1,17,-110,-73,-1,0,-2,14
1514892947982083,-97,-16,61,19,2,-5,-5,-49
1514892947982083,5,-21,-75,20,-1,1,1,5
1514892947996093,-44,-47,-66,-19,5,2,1,10
1514892947996093,-19,-3,33,22,1,4,-1,-23
1514892947997094,43,-13,54,-58,-16,-3,-2,8
1514892947997094,3,33,-21,74,15,9,8,18
1514892948018600,88,50,-18,-31,3,4,4,20
1514892948018600,2,-32,74,15,-5,-7,-5,-7
1514892948020601,18,71,-46,50,17,5,2,-5
1514892948020601,-36,2,114,-5,-5,-7,-1,-32
1514892948041115,12,56,66,21,5,7,5,57
1514892948041115,18,-20,-77,-18,-10,-5,-6,-27
1514892948042116,-29,18,30,-14,4,-1,0,-2
1514892948042116,84,-19,-50,-14,4,3,3,29
1514892948056126,-3,23,41,29,2,0,2,6
1514892948056126,-44,-12,28,-7,-13,-9,-7,4
1514892948057127,12,8,-73,43,15,10,8,-9
1514892948057127,27,-7,-38,-17,-9,-2,0,-1
1514892948079143,20,-4,-7,16,10,0,-3,5
1514892948079143,24,-20,-69,-29,-5,-2,-3,-7
1514892948080143,8,-11,-51,-21,-2,1,4,-7
1514892948080143,-51,-31,-14,41,0,-3,-5,-21
1514892948101169,-44,50,19,38,7,3,-2,-66
1514892948101169,3,28,79,-47,-5,1,2,28
1514892948108672,-52,-24,-8,36,-13,-8,-7,2
1514892948108672,26,8,-54,-42,7,4,2,50
1514892948116169,-25,2,9,13,-9,-8,-5,-22
1514892948116169,39,31,22,17,14,11,7,-7
1514892948117178,23,-22,16,-18,-7,-3,-4,-26
1514892948117178,-17,-4,0,33,11,7,5,15
1514892948138696,-18,-11,28,-60,-23,-16,-9,8
1514892948138696,16,-25,-37,14,-3,-9,-6,-29
1514892948139697,33,14,29,-17,-6,-2,-1,12
1514892948139697,-68,-7,53,18,2,-1,-3,-6
1514892948162200,-30,-16,-53,-68,-4,2,3,12
1514892948162200,5,-34,-81,-9,-6,-7,-1,20
1514892948163701,-12,11,58,49,3,1,-1,5
1514892948163701,2,23,4,-6,-2,-4,-5,-11
1514892948176724,-57,-17,25,11,0,-2,-3,2
1514892948176724,39,17,64,0,-3,2,1,12
1514892948177713,19,9,-10,-14,8,6,3,-5
1514892948177713,78,2,-2,-18,-4,-3,-6,13
1514892948199226,21,17,19,76,7,2,4,18
1514892948199226,-9,-19,15,-68,-3,3,3,-9
1514892948201228,-73,-6,-14,-28,-3,-2,1,7
1514892948201228,30,22,70,33,-8,-10,-8,-7
1514892948221742,-14,-19,-88,-69,-9,-5,-4,-40
1514892948221742,-34,-14,-7,33,3,2,-1,25
1514892948222743,-19,-27,-106,10,-7,-5,-5,-14
1514892948222743,17,4,77,-19,0,5,6,21
1514892948236252,23,3,2,43,-5,-5,-7,-15
1514892948236252,4,4,18,19,8,4,3,-35
1514892948237253,60,38,75,29,3,-3,-6,-1
1514892948237253,-8,-1,-42,-11,-5,-2,-1,-4
1514892948259770,47,-20,19,-11,1,-2,-2,9
1514892948259770,-34,23,-76,22,2,4,5,-5
1514892948260771,57,-24,67,72,7,2,0,-2
1514892948260771,27,24,5,-68,-12,-4,-2,7
1514892948281284,40,22,-16,74,15,5,3,5
1514892948281284,-87,-12,-4,-94,-17,-8,-5,-16
1514892948288790,25,27,-67,-1,8,1,6,83
1514892948288790,-52,-27,-29,40,2,-4,-1,-14
1514892948304300,-51,-35,51,16,-5,-1,4,17
1514892948304300,-20,60,21,45,0,-3,-7,2
1514892948305301,-11,-21,33,-44,-6,-2,-1,-2
1514892948305301,23,-19,9,-32,-5,-2,-1,-5
1514892948318314,-13,16,-21,-10,6,4,1,10
1514892948318314,-50,-18,28,46,8,4,3,-6
1514892948326316,-8,26,-15,-37,-9,-4,-2,-19
1514892948326316,26,14,-15,14,11,5,5,-7
1514892948341827,-23,-21,-12,-36,-15,-9,-8,-25
1514892948341827,83,-30,27,76,2,-3,-3,3
1514892948342828,-8,9,-10,-52,3,3,0,-7
1514892948342828,40,-6,-41,43,11,5,3,-47
1514892948356337,9,27,55,7,-2,-1,-1,43
1514892948356337,33,17,49,-43,-9,-5,-2,-9
1514892948357338,27,-5,-3,9,-2,-2,-4,-7
1514892948357338,-22,8,31,-4,0,-1,-2,21
1514892948378854,25,-24,-99,-4,1,-1,-1,12
1514892948378854,9,-23,12,-18,-12,-7,-6,1
1514892948379355,6,-23,42,-65,-10,-7,-4,-22
1514892948379355,-27,5,-4,11,8,1,-1,-5
1514892948402381,-2,-8,-26,-21,-11,-5,-6,-21
1514892948402381,-36,-2,15,29,9,4,5,41
1514892948402880,-18,32,35,-3,-6,-3,1,-24
1514892948402880,-13,-59,-105,-13,-6,-6,-6,10
1514892948416379,-13,59,-10,15,13,8,4,-10
1514892948416379,41,-20,46,-9,-6,-5,-5,0
1514892948416880,6,17,-35,57,16,10,8,7
1514892948416880,-18,-31,-8,-17,-4,1,4,-12
1514892948438905,13,22,116,30,1,-2,2,-8
1514892948438905,2,-22,-58,3,13,9,4,-14
1514892948439406,-38,-5,-105,-5,-11,-6,-8,-1
1514892948439406,27,33,66,-16,-8,-3,-3,9
1514892948461912,-34,-45,-15,-8,-10,-8,-7,-4
1514892948461912,59,49,-1,5,-4,-2,1,19
1514892948462912,10,-2,36,38,2,-5,-4,-55
1514892948462912,-29,-15,-2,19,-2,2,2,1
1514892948476440,66,-13,-29,-64,-4,0,3,-10
1514892948476440,21,18,-14,-3,-3,-2,-3,6
1514892948476923,42,-4,-35,18,1,-3,-3,-36
1514892948476923,16,-9,25,-52,-5,-4,-4,5
1514892948498938,6,7,20,24,2,-3,-7,-43
1514892948498938,-9,8,55,20,1,3,3,-20
1514892948499438,51,-11,30,-4,-6,-6,-4,49
1514892948499438,-10,31,26,-1,-1,-1,-1,5
1514892948522973,-23,-31,-50,-31,-9,-2,-1,3
1514892948522973,-51,-23,-78,7,2,-2,-3,-4
1514892948524474,-27,-8,33,-46,-3,-3,-3,8
1514892948524474,-16,19,30,49,3,1,-2,-18
1514892948536474,2,-4,26,-27,1,2,1,31
1514892948536474,10,-21,-19,37,-6,-3,-3,16
1514892948536966,-5,1,-68,-78,-2,3,3,-13
1514892948536966,-8,14,72,18,-2,-4,-3,6
1514892948558982,-35,-7,-46,-54,-1,2,1,17
1514892948558982,-17,-2,51,43,-1,-2,-8,-50
1514892948559482,55,-11,-3,-25,-8,-1,-1,21
1514892948559482,-28,2,-3,-14,4,0,1,46
1514892948583500,-4,21,-74,-9,3,1,1,-8
1514892948583500,-7,-1,-47,8,7,2,2,1
1514892948583999,-24,-36,-11,-12,-11,-4,-2,11
1514892948583999,5,5,-16,27,3,3,2,-20
1514892948596527,9,-35,-42,9,-7,-8,-7,-46
1514892948596527,-60,24,38,-23,0,0,5,29
1514892948598020,-26,11,50,28,11,2,-1,-21
1514892948598020,17,29,-25,-21,-3,1,0,-5
1514892948620024,-38,-26,-31,-2,-1,-1,-1,5
1514892948620024,9,-18,-5,-27,-7,-3,-1,3
1514892948621525,-22,20,-17,18,-1,2,2,4
1514892948621525,-7,0,10,23,4,1,-2,-11
1514892948642068,-6,-22,-7,-36,-11,0,4,23
1514892948642068,15,8,49,24,4,0,0,-7
1514892948642540,-12,8,-2,27,3,-1,-1,11
1514892948642540,18,11,17,51,7,2,3,-6
1514892948664556,10,9,66,-35,-3,2,3,38
1514892948664556,-25,-15,-38,-37,-8,-5,-6,-20
1514892948665060,-51,-11,-55,10,8,5,5,8
1514892948665060,33,-19,-17,-3,-1,-2,-4,1
1514892948678566,45,-2,2,-40,-9,-6,-4,-5
1514892948678566,30,-19,-57,-45,-4,-1,0,17
1514892948679567,-7,23,103,57,8,1,0,-14
1514892948679567,-10,11,-3,-7,4,-2,-3,-8
1514892948702098,15,17,39,38,1,0,-2,4
1514892948702098,-24,2,-80,-44,1,6,3,-18
1514892948702583,11,-11,34,-1,-2,-5,-2,18
1514892948702583,-15,-7,13,10,-4,-1,-1,-2
1514892948715592,58,32,-26,17,8,1,-2,42
1514892948715592,47,22,65,28,-2,-3,1,-21
1514892948724098,-43,-19,-37,-25,-1,2,3,42
1514892948724098,-24,-8,-68,-67,-13,-6,-6,-28
1514892948739121,12,17,55,65,8,0,-2,-16
1514892948739121,-11,-33,1,-3,10,7,2,0
1514892948740120,15,-13,-80,-21,-17,-9,-4,-4
1514892948740120,12,-19,-14,-23,-10,-6,-2,6
1514892948761634,-52,13,28,56,7,3,0,-19
1514892948761634,49,-11,-3,-43,-7,-8,-6,19
1514892948762634,-13,24,36,31,5,0,0,-27
1514892948762634,8,-3,19,0,-3,1,0,4
1514892948775647,-19,4,-14,-10,8,3,4,-33
1514892948775647,-2,-51,-24,15,-10,-7,-8,0
1514892948784140,-5,5,-19,-8,-5,-5,-4,-9
1514892948784140,-22,1,27,-34,-3,-2,3,-5
1514892948798660,2,6,1,18,2,1,-2,40
1514892948798660,-18,-7,19,-5,0,-3,-2,-3
1514892948799660,-2,-10,-3,15,3,3,2,9
1514892948799660,22,20,104,51,6,5,2,0
1514892948823168,-6,-48,-21,-27,-10,-10,-9,-1
1514892948823168,-21,-3,6,-15,-2,-4,-4,7
1514892948824669,11,4,15,-11,9,5,4,4
1514892948824669,-28,5,0,-6,-8,-2,0,20
1514892948835677,11,15,2,1,-3,-4,-4,34
1514892948835677,5,13,86,46,3,0,1,15
1514892948844183,-1,-17,-35,-33,-4,0,0,-17
1514892948844183,1,4,72,57,-2,-7,-9,-11
1514892948858702,-3,-9,-68,-25,-6,-5,-1,-14
1514892948858702,0,22,-46,12,2,2,2,-2
1514892948859693,25,12,40,-42,-5,-3,-3,7
1514892948859693,-18,20,-50,17,8,3,5,1
1514892948882709,-57,-5,63,-15,-8,-4,-6,-1
1514892948882709,1,31,28,28,4,2,1,-13
1514892948883710,3,3,50,22,5,0,-2,-7
1514892948883710,26,-14,-92,-44,-9,-3,-2,21
1514892948895219,11,-1,49,15,0,4,4,-3
1514892948895219,-1,-19,-82,-40,-4,1,0,-2
1514892948903725,6,-8,50,69,0,-3,-4,-1
1514892948903725,1,47,-15,4,7,2,1,4
1514892948919736,-7,-73,-46,-21,-10,-6,-4,-3
1514892948919736,-26,14,31,-25,-2,-1,0,5
1514892948921237,7,-28,-4,18,-5,-5,-1,1
1514892948921237,-11,-20,-52,-23,-7,-7,-7,-23
1514892948941765,28,51,52,-7,13,10,8,19
1514892948941765,4,-24,-6,7,-10,-6,-4,-12
1514892948942754,0,10,35,12,-5,-7,-8,-11
1514892948942754,2,-23,5,16,7,3,0,6
1514892948955770,-64,-4,9,-20,-5,1,4,-13
1514892948955770,-8,-46,-87,-6,-2,-1,0,28
1514892948963776,39,45,5,-20,-4,-3,-2,16
1514892948963776,27,6,-33,-4,0,2,3,-5
1514892948979278,-5,9,-60,-11,-7,-4,-7,-22
1514892948979278,10,-8,2,29,8,2,3,17
1514892948986283,-34,-8,-39,14,0,1,2,-13
1514892948986283,9,2,72,7,2,1,2,17
1514892949001803,-2,-2,-82,35,4,-3,-4,-21
1514892949001803,19,-2,-36,-103,-10,-3,-1,-16
1514892949002804,-51,-37,-73,32,5,2,4,-1
1514892949002804,-5,9,5,11,-8,-5,-6,-11
1514892949015813,14,-8,37,46,10,5,4,-5
1514892949015813,11,22,-14,-19,-1,2,0,2
1514892949023818,-5,-24,-21,19,1,-1,-2,-28
1514892949023818,7,-8,-39,-60,-13,-6,-2,13
1514892949038827,19,6,15,-25,-4,-3,-6,-28
1514892949038827,4,4,-56,11,8,3,4,30
1514892949039335,-29,-1,27,-38,-18,-9,-10,-1
1514892949039335,-14,-35,32,6,-4,-5,-3,7
1514892949062337,9,20,52,22,4,0,0,-22
1514892949062337,-9,11,30,20,2,-4,-3,-8
1514892949063339,-2,14,45,21,6,3,1,7
1514892949063339,-14,-54,-28,-38,-8,-3,-2,-8
1514892949084361,-6,-3,103,42,-4,-5,-2,8
1514892949084361,-2,-13,-27,-6,-2,-4,-1,-12
1514892949085363,38,19,38,-19,3,3,3,9
1514892949085363,7,16,-29,35,9,4,3,62
1514892949099363,-23,-21,45,10,6,7,7,0
1514892949099363,-4,30,8,6,-2,-4,-6,-9
1514892949100363,11,15,-1,-52,-3,-2,-4,0
1514892949100363,9,16,-77,-10,-2,1,1,-4
1514892949121888,14,-5,39,58,9,2,-2,4
1514892949121888,-16,-35,-4,-28,-7,-3,1,-4
1514892949122889,19,0,-22,3,-4,-4,-4,12
1514892949122889,21,31,-4,-57,-2,-4,1,-36
1514892949144406,-10,-35,-107,-6,-2,0,-10,-13
1514892949144406,-16,1,69,19,-3,1,12,-10
1514892949145396,-4,-2,-76,-45,-7,-5,-3,1
1514892949145396,26,12,-21,54,4,-3,-6,-16
1514892949158914,-58,20,13,-61,-3,-3,-1,10
1514892949158914,1,2,42,4,-5,-3,-3,-8
1514892949159405,-22,-22,4,24,-8,-4,-7,-52
1514892949159405,35,14,34,-3,8,8,4,8
1514892949181930,-2,8,-58,-49,-9,-4,-1,10
1514892949181930,2,-2,27,22,1,-4,-10,-12
1514892949182421,11,-17,-30,-2,6,2,3,18
1514892949182421,-25,-24,-30,-10,-1,0,-2,-32
1514892949204436,-27,18,68,47,-1,-6,-3,5
1514892949204436,-16,11,-14,-8,1,-1,-2,0
1514892949204937,1,29,70,-5,5,5,6,1
1514892949204937,-18,-45,28,-8,-13,-11,-8,14
1514892949218947,31,-2,-91,-46,-6,0,1,-4
1514892949218947,-3,-9,-8,23,-1,1,2,6
1514892949219448,-1,26,-19,13,1,-1,-2,-29
1514892949219448,-17,-31,-38,-28,4,3,-3,-48
1514892949241973,-4,-5,42,22,1,1,3,-5
1514892949241973,54,11,-34,-56,-13,-3,-7,-1
1514892949242463,39,-3,9,8,7,4,5,15
1514892949242463,20,-11,-14,-24,-5,-1,2,13
1514892949264992,42,35,-4,-26,-7,-8,-8,13
1514892949264992,-10,8,31,39,2,2,0,16
1514892949265481,-20,-10,26,18,7,1,-1,-9
1514892949265481,-34,-7,-101,-55,-14,-6,-6,6
1514892949278490,7,-34,7,-12,-7,-2,0,6
1514892949278490,-24,-9,28,4,0,0,-2,-17
1514892949279490,10,39,43,21,4,-3,-3,26
1514892949279490,-18,-10,-34,15,1,0,2,-5
1514892949302015,-9,1,-47,-44,-3,-3,-2,-54
1514892949302015,-1,-15,-2,23,2,-3,-3,-1
1514892949302506,35,18,-41,-23,-4,-1,1,-4
1514892949302506,14,17,58,20,6,-1,-2,7
1514892949325022,-2,-14,-47,-23,-12,-5,-1,27
1514892949325022,34,36,102,40,21,9,7,27
1514892949326023,-43,-54,-33,-35,-20,-11,-8,-45
1514892949326023,24,12,6,30,8,3,2,6
1514892949339044,14,25,50,7,9,7,3,6
1514892949339044,-24,-41,15,-5,-20,-12,-10,-15
1514892949340044,-19,-7,-23,-16,0,-1,-2,17
1514892949340044,6,37,26,8,-1,0,-6,17
1514892949361559,-19,-52,-24,-15,-9,-8,0,-10
1514892949361559,-28,-15,-18,25,6,6,12,30
1514892949362549,-4,1,-12,-2,-1,2,4,32
1514892949362549,-46,-1,6,10,2,0,1,-2
1514892949384573,-13,28,22,60,6,0,-5,-3
1514892949384573,-5,-1,15,-38,-7,-5,-11,-9
1514892949386075,21,-8,-2,10,5,7,13,-5
1514892949386075,-13,17,72,7,-3,-3,3,6
1514892949398574,3,3,-28,-11,12,9,7,1
1514892949398574,14,-8,9,42,1,-2,-4,-15
1514892949399575,-3,3,-55,-51,-4,-1,-3,28
1514892949399575,-12,13,-2,29,0,-2,-7,-54
1514892949422591,-20,8,-12,-13,-2,-4,-6,-38
1514892949422591,16,-6,72,-3,-9,-4,-2,-23
1514892949424592,-15,-13,-52,0,1,-3,-5,3
1514892949424592,-12,-9,-9,-69,-12,-6,-4,-1
1514892949444607,2,-37,-62,27,-4,-3,-3,10
1514892949444607,-4,15,-57,4,9,3,-1,-11
1514892949445607,12,-4,45,28,-3,0,2,12
1514892949445607,-2,-26,-4,6,2,0,0,-6
1514892949458626,13,8,-31,-22,-2,4,4,9
1514892949458626,-30,1,10,8,4,-1,0,7
1514892949459627,5,-8,-77,-61,-9,-6,-7,0
1514892949459627,20,-1,14,57,-6,-3,-2,10
1514892949481643,13,9,39,5,7,-1,0,6
1514892949481643,-39,-5,10,-26,-11,-5,-3,17
1514892949482633,-29,2,11,1,-3,-5,-8,-25
1514892949482633,6,2,46,39,4,0,1,12
1514892949504148,-14,-43,-13,-22,-13,-7,-7,-43
1514892949504148,16,12,-52,-9,6,1,-2,-3
1514892949505149,22,49,95,29,1,-2,-1,6
1514892949505149,-47,-14,8,-50,-4,-2,-2,3
1514892949518658,19,7,29,55,11,4,1,13
1514892949518658,-13,-9,-47,-23,-11,-7,-5,-12
1514892949519661,-9,-35,47,9,-1,3,2,-5
1514892949519661,19,58,36,47,9,2,2,18
1514892949541675,-13,-3,2,-32,-2,-2,-1,16
1514892949541675,-16,19,6,-1,1,3,4,-6
1514892949543687,11,-30,-76,-29,-11,-6,-2,7
1514892949543687,0,1,6,-27,-6,-2,2,35
1514892949572207,-32,6,13,34,0,-3,-3,6
1514892949572207,34,9,-36,-20,5,4,0,-15
1514892949573701,-6,12,24,-5,0,-3,-5,-20
1514892949573701,11,-15,21,23,9,5,3,5
1514892949579203,-14,0,-4,-5,-12,-5,-2,6
1514892949579203,15,-9,-34,9,3,2,-2,-41
1514892949580203,-24,-23,-86,-36,-5,-5,-4,-15
1514892949580203,10,14,5,18,1,-1,-1,-13
1514892949601717,-1,-12,75,-4,2,0,0,4
1514892949601717,17,-20,-2,-6,9,4,6,16
1514892949602731,-4,-10,15,29,-1,0,-1,5
1514892949602731,-4,-6,23,-23,-5,-2,-2,-7
1514892949624405,21,-3,-33,-28,-7,-4,-3,-44
1514892949624405,-19,0,19,30,0,-2,-2,12
1514892949624906,5,-3,-22,-28,-7,-2,0,6
1514892949624906,-7,4,16,-10,-3,0,-1,25
1514892949638916,33,27,14,-3,3,1,-3,-19
1514892949638916,-20,-27,9,-6,-5,-4,-3,-4
1514892949639416,35,16,5,9,0,0,-3,-10
1514892949639416,4,-4,30,-4,-3,-2,-2,-11
1514892949661959,-17,5,-60,-23,0,2,5,17
1514892949661959,-13,0,6,2,2,-2,-3,-1
1514892949662441,17,16,68,40,8,1,4,4
1514892949662441,-38,-37,-43,-47,-10,-6,-5,-23
1514892949684457,1,1,-13,7,5,-1,-3,7
1514892949684457,0,9,78,36,8,3,1,10
1514892949685458,-23,-6,-16,23,-15,-3,-2,46
1514892949685458,-17,-2,49,49,3,-1,-1,-64
1514892949697957,11,4,-47,-3,1,5,2,1
1514892949697957,-7,-15,-34,-40,-5,-2,0,9
1514892949705973,1,20,54,63,13,0,-4,14
1514892949705973,28,-9,-8,34,-7,-3,-2,13
1514892949721984,8,12,-36,-64,-6,-3,-2,21
1514892949721984,32,0,-2,4,-5,-5,-5,-18
1514892949723485,-14,-3,-43,-32,-1,-1,3,-10
1514892949723485,12,-3,-21,-11,-1,-1,-2,12
1514892949744499,28,3,2,2,1,-3,-1,12
1514892949744499,21,-3,0,21,2,2,1,11
1514892949745492,23,7,54,-46,-7,-4,-2,24
1514892949745492,5,13,46,28,7,4,2,4
1514892949758500,-43,-42,-66,-56,-14,-8,-4,10
1514892949758500,9,31,-4,-7,2,3,1,1
1514892949766005,-12,16,73,4,2,0,-2,-8
1514892949766005,-9,-40,-43,-17,-6,-6,-4,-8
1514892949782026,1,4,18,31,11,4,3,11
1514892949782026,-15,-8,62,38,-9,-5,-7,-48
1514892949782517,-8,-14,-120,-30,-2,-4,0,-7
1514892949782517,-6,5,4,-27,5,3,2,-4
1514892949804532,18,22,26,9,-4,-1,-1,-6
1514892949804532,1,29,25,-21,-1,-3,-1,15
1514892949805033,-9,-12,-33,42,8,2,3,-15
1514892949805033,65,8,12,18,7,-1,-3,4
1514892949818042,-26,-11,28,-34,-13,-3,1,10
1514892949818042,37,6,-14,-14,3,3,4,30
1514892949826047,-51,14,65,29,-2,-2,-6,-72
1514892949826047,-8,5,-106,-29,-5,-1,2,5
1514892949849574,-8,-8,16,50,9,0,-1,-7
1514892949849574,29,-18,-105,-12,-6,2,2,4
1514892949850064,-27,11,112,-12,5,2,-1,1
1514892949850064,-16,-27,-100,-33,-14,-8,-6,-6
1514892949864574,13,19,45,44,7,5,2,9
1514892949864574,-58,-27,-23,-24,-6,-6,-5,-1
1514892949865075,26,-7,-7,13,7,4,0,8
1514892949865075,-6,10,-29,-21,-3,-4,-4,6
1514892949878084,-1,21,80,26,3,1,-1,-39
1514892949878084,-35,-24,5,41,3,-1,0,-1
1514892949886102,-19,5,-45,-26,-3,-1,0,17
1514892949886102,13,44,65,9,0,1,-3,-30
1514892949901601,-11,-35,-61,-12,-8,-2,0,5
1514892949901601,1,13,40,7,4,3,0,4
1514892949902602,-8,-27,-115,-20,-14,-10,-6,-15
1514892949902602,-6,1,68,-7,0,1,1,8
1514892949925121,12,0,-4,4,-2,-11,-17,2
1514892949925121,-33,28,39,7,7,10,19,-13
1514892949928621,22,-40,-88,-23,-10,0,-1,21
1514892949928621,2,16,-5,-5,0,-3,-23,-1
1514892949946632,9,-30,-54,-17,3,3,32,8
1514892949946632,37,-7,-18,-62,-9,-4,-3,6
1514892949948634,29,11,83,50,8,2,7,-4
1514892949948634,-21,0,-35,4,1,2,12,-6
1514892949962150,37,-2,4,-30,-8,-4,-12,62
1514892949962150,4,-7,-53,16,2,0,-4,30
1514892949963657,6,17,29,-8,5,5,10,12
1514892949963657,12,19,-3,13,1,-5,-11,-13
1514892949984171,-21,-20,9,45,13,6,2,-3
1514892949984171,36,-36,-91,-88,-29,-14,-7,1
1514892949986175,-5,-12,24,23,-4,-7,-11,2
1514892949986175,6,2,43,8,1,4,8,11
1514892949998169,-35,9,15,8,0,-3,-8,-29
1514892949998169,-5,13,7,15,6,0,7,-10
1514892950007175,-37,-19,-23,-11,-5,0,-5,-6
1514892950007175,-3,-6,-10,17,3,2,3,5
1514892950022186,19,0,-8,-43,-4,0,6,10
1514892950022186,4,6,79,53,-2,-7,-10,3
1514892950023687,14,22,-8,-9,3,-1,-4,-31
1514892950023687,-13,-18,11,-23,-9,-6,2,-3
1514892950044202,-5,12,51,26,-7,-3,-8,-10
1514892950044202,-1,8,3,-3,8,3,4,3
1514892950046202,-5,-10,13,-26,-3,0,0,8
1514892950046202,13,-11,-6,0,-6,-3,0,17
1514892950066717,-37,-18,-20,11,3,1,-3,-29
1514892950066717,-5,-10,19,-21,-6,0,-4,28
1514892950068719,31,-4,-56,23,-3,-2,2,-3
1514892950068719,-18,-9,-44,-14,-1,-1,-3,1
1514892950082228,0,13,35,11,5,2,2,2
1514892950082228,22,10,37,44,5,1,0,-22
1514892950083729,-5,-14,0,-50,-5,-2,-5,-2
1514892950083729,-23,21,2,5,5,1,2,13
1514892950104244,16,1,39,6,-5,-2,-2,4
1514892950104244,-44,-16,-15,-18,-3,-1,-3,-14
1514892950105746,-2,8,19,19,5,3,2,-7
1514892950105746,21,6,-67,38,4,1,0,32
1514892950127276,3,-1,30,-12,-1,2,4,-2
1514892950127276,24,14,-13,-7,-2,-4,-7,-7
1514892950128764,34,23,24,3,-2,-4,-5,16
1514892950128764,-35,17,90,-3,7,4,8,13
1514892950141781,7,-23,-48,-17,-12,-2,-4,3
1514892950141781,-11,-15,-57,-17,-6,-5,-5,-2
1514892950143271,30,23,26,24,7,2,3,8
1514892950143271,11,23,-3,-14,1,2,2,-13
1514892950164286,-2,-4,104,29,-5,-4,-4,-3
1514892950164286,2,-19,2,22,3,-1,-2,-12
1514892950166288,-28,4,9,-33,-10,-4,1,-7
1514892950166288,-8,-20,-33,12,1,-2,-3,-13
1514892950186815,2,-10,-73,-58,-5,-2,-1,0
1514892950186815,-16,11,-18,-38,-4,-3,-3,0
1514892950188816,-10,31,31,41,4,-2,-4,-6
1514892950188816,7,-47,18,-10,-11,-9,-1,37
1514892950201322,-4,16,-14,14,3,-1,-7,-20
1514892950201322,9,3,-13,12,0,2,4,-10
1514892950207819,-16,7,15,4,6,0,2,7
1514892950207819,2,17,4,-12,-15,-3,5,-19
1514892950224330,0,-2,26,27,13,5,21,2
1514892950224330,-25,-9,-29,-36,-12,-8,-15,-13
1514892950225842,-9,-5,-15,13,3,7,13,15
1514892950225842,43,15,-22,-39,2,0,0,2
1514892950246854,-20,-59,-26,39,-6,-8,-14,-15
1514892950246854,14,19,-7,-12,4,5,10,-12
1514892950248346,-27,-24,-11,-3,-6,-3,-11,-6
1514892950248346,-31,-11,7,5,-3,-6,-15,-27
1514892950261355,35,32,11,13,5,2,6,8
1514892950261355,-9,-17,-27,-10,7,1,0,10
1514892950267871,-18,-23,-2,-5,-3,-5,-3,6
1514892950267871,18,4,-48,-19,-4,-1,-2,-21
1514892950284381,-10,7,29,10,5,3,-1,7
1514892950284381,5,-15,-31,-20,-6,1,2,-5
1514892950285883,33,9,32,5,2,0,1,7
1514892950285883,-18,7,72,-25,-9,-5,-2,4
1514892950306897,7,13,-40,-4,2,1,-3,1
1514892950306897,-11,-8,24,81,6,0,-1,5
1514892950308398,4,17,20,-42,-8,-4,-2,-1
1514892950308398,2,-40,-110,35,7,4,-5,-12
1514892950321397,-36,30,42,-67,-12,-2,-4,6
1514892950321397,-33,-15,-33,14,-1,1,1,10
1514892950327912,-12,4,59,8,-1,-2,0,-12
1514892950327912,12,-8,16,76,8,6,13,18
1514892950344914,-8,-19,-13,-73,-17,-7,-7,-30
1514892950344914,-19,32,33,30,10,-1,-2,-1
1514892950347917,-19,-35,-64,-3,-2,0,0,-10
1514892950347917,14,25,-46,-39,-1,4,-3,26
1514892950365928,33,-10,-29,-10,-6,-1,-3,23
1514892950365928,-9,7,44,-5,-6,-3,0,1
1514892950374447,7,10,19,19,7,3,-3,-7
1514892950374447,-8,-7,38,-11,-7,-3,0,23
1514892950381452,-8,2,-3,41,0,-1,-1,-8
1514892950381452,54,1,-42,-35,-1,-1,-3,2
1514892950387954,-43,-19,16,13,-6,-1,0,-3
1514892950387954,-22,8,-51,-33,2,-2,-2,-3
1514892950404469,13,-1,26,39,0,0,0,2
1514892950404469,4,4,-20,-42,-12,-6,-3,10
1514892950405972,36,-13,-12,3,2,4,1,11
1514892950405972,-28,-4,-23,-6,-2,-4,-4,-20
1514892950426972,1,5,9,-33,-2,-3,-2,-10
1514892950426972,3,-4,-15,100,10,2,-2,3
1514892950428474,4,5,64,-68,-13,-3,-1,-2
1514892950428474,13,1,-23,-16,-4,-4,-3,-13
1514892950441484,-12,11,11,31,6,5,4,19
1514892950441484,-6,-35,-51,-27,-5,0,2,-7
1514892950447997,1,21,32,5,2,-2,-5,7
1514892950447997,22,-3,48,18,2,-2,-10,-23
1514892950464508,-33,-6,-85,1,7,4,5,0
1514892950464508,-14,8,122,15,-5,0,1,-4
1514892950466000,-16,-3,-81,-35,-4,-4,-3,13
1514892950466000,6,4,22,-19,-7,-1,-1,-28
1514892950487025,-7,-3,-2,42,9,-3,-5,-9
1514892950487025,-3,9,-5,-38,-9,-3,4,31
1514892950488525,-20,2,-5,-6,4,-2,-2,-3
1514892950488525,4,6,-16,14,3,3,2,12
1514892950501034,7,2,37,10,0,-4,-2,-6
1514892950501034,-30,-35,-65,-40,-10,-4,-1,-16
1514892950508039,35,26,94,37,2,0,-4,-14
1514892950508039,-1,-13,-20,-10,-1,-2,0,-2
1514892950524040,3,-1,29,-27,0,3,2,5
1514892950524040,-8,-13,22,10,0,-3,-6,-6
1514892950530545,4,-19,-103,-11,0,2,0,-2
1514892950530545,-6,24,115,53,0,-2,-2,-5
1514892950547059,-12,-22,-93,28,3,3,0,6
1514892950547059,25,25,49,-43,-7,-3,-2,-12
1514892950550059,-20,-3,-21,-13,3,0,0,3
1514892950550059,3,-13,62,2,-3,-4,1,-3
1514892950560585,10,5,-18,-11,-5,-4,-5,3
1514892950560585,22,16,47,24,8,3,-4,-7
1514892950569572,-1,-7,-42,-28,-9,-2,8,4
1514892950569572,15,-14,-42,14,1,-2,-5,1
1514892950584583,11,-5,32,-27,-9,-6,-8,-41
1514892950584583,-6,0,-5,-9,0,1,2,5
1514892950586097,13,2,-29,11,-3,-2,-7,-10
1514892950586097,4,13,58,2,0,-2,4,-3
1514892950606610,16,-23,31,-34,-14,-5,-9,-1
1514892950606610,9,23,26,-4,5,-3,4,47
1514892950608615,-17,12,-10,5,-3,1,-5,-52
1514892950608615,-7,-25,74,61,4,0,3,2
1514892950621610,3,-5,1,-41,-7,-3,-2,4
1514892950621610,-1,-1,-20,-6,-2,-1,1,-1
1514892950629615,10,0,19,-7,1,-3,1,17
1514892950629615,-8,5,-7,9,-4,-1,-6,-3
1514892950644125,-12,3,-10,-6,1,0,1,-1
1514892950644125,-9,-8,14,20,1,1,-1,-14
1514892950646137,-1,-8,-33,2,-2,-4,-2,3
1514892950646137,-9,-1,-45,-32,-1,3,0,-5
1514892950666651,9,10,11,18,1,0,3,13
1514892950666651,-5,-4,-4,0,0,-1,-1,-12
1514892950668653,13,-5,-8,10,-3,-2,-4,4
1514892950668653,-5,5,-50,-33,-6,-3,0,7
1514892950681161,-7,-6,4,8,-1,0,3,4
1514892950681161,-5,-4,-16,8,2,-2,-4,-11
1514892950689657,-4,6,20,-7,-5,-3,0,3
1514892950689657,3,0,2,-16,1,2,-1,1
1514892950704178,-8,-6,11,54,-18,-8,-3,-2
1514892950704178,-7,-6,2,-20,41,15,3,-8
1514892950710673,9,4,9,12,-11,-4,-2,5
1514892950710673,0,0,-18,-14,0,0,1,4
1514892950726684,2,-2,-25,-18,-31,-6,-3,0
1514892950726684,2,15,7,-35,-6,-7,-3,-2
1514892950728687,0,-15,-5,9,6,4,2,5
1514892950728687,-13,-6,-8,16,9,-3,-3,-3
1514892950740722,-3,1,3,-23,8,2,0,1
1514892950740722,2,7,27,33,-18,-2,1,-5
1514892950749208,-3,10,39,21,1,-3,-4,-3
1514892950749208,-6,-6,-21,-16,-16,-5,-2,-5
1514892950764212,-2,2,11,9,6,-3,0,2
1514892950764212,8,-5,-5,9,-6,-3,0,-3
1514892950765712,3,5,-1,0,4,1,-2,2
1514892950765712,-6,6,2,7,1,0,-1,0
1514892950786726,4,-7,-16,-17,11,2,3,3
1514892950786726,-5,-11,19,16,-2,-1,-1,-3
1514892950788239,3,2,-23,3,-1,-2,0,-3
1514892950788239,2,4,-1,-15,0,-1,-2,0
1514892950801237,-2,4,-16,-18,5,0,-2,-4
1514892950801237,-11,-14,-19,11,-5,-2,-3,-4
1514892950809743,-3,-2,7,-2,-3,0,1,1
1514892950809743,-6,-11,12,-9,-12,-2,-4,-5
1514892950824265,9,4,4,11,17,3,0,2
1514892950824265,0,5,-9,-1,0,1,1,3
1514892950825755,-2,-12,-7,31,1,-3,-4,-1
1514892950825755,-2,-2,4,-13,0,0,0,0
1514892950846787,-3,-2,1,-21,1,1,-1,-1
1514892950846787,0,8,-4,-3,-10,-4,-2,-2
1514892950848271,-1,5,-25,-24,0,1,1,2
1514892950848271,6,3,21,18,-5,-3,-2,1
1514892950860279,-6,-8,-6,7,-6,-4,-2,-2
1514892950860279,-8,-15,-9,-9,5,-1,-2,-5
1514892950869289,-3,-2,-29,5,-6,-3,-1,-4
1514892950869289,27,2,-5,5,5,-2,0,9
1514892950884307,-6,14,-59,-23,-4,2,1,-3
1514892950884307,-17,-33,28,17,-1,-3,-3,-6
1514892950885797,-3,3,19,-5,0,-2,-2,-1
1514892950885797,-8,-11,-12,-8,1,-1,-3,-5
1514892950914328,6,10,9,2,1,0,0,1
1514892950914328,15,22,-9,6,-3,0,1,2
1514892950915817,-2,-19,-10,-11,-6,-3,-1,-1
1514892950915817,-5,2,1,-5,7,2,0,-3
1514892950921822,-9,-9,13,10,-1,-2,-4,-3
1514892950921822,-3,9,-10,0,-2,0,1,0
1514892950929327,14,20,16,1,5,1,1,4
1514892950929327,4,-7,-14,-11,-4,-2,0,0
1514892950944345,-8,-9,5,0,-7,-4,-1,-4
1514892950944345,2,1,-8,0,-6,-2,-1,1
1514892950945838,6,14,-7,-10,8,-2,-2,2
1514892950945838,-13,-15,-1,7,3,3,0,-2
1514892950967357,-9,-9,10,12,5,3,0,-2
1514892950967357,6,-1,1,-8,-2,-1,-2,0
1514892950968856,1,-4,-29,0,-7,-2,-2,2
1514892950968856,-6,13,11,5,-1,-3,-4,-3
1514892950989383,6,-2,1,-2,2,1,0,0
1514892950989383,2,7,15,5,0,0,-2,-2
1514892950990871,-13,-19,-8,-12,-1,1,-1,-5
1514892950990871,5,4,4,-2,-3,-1,2,1
1514892951004382,-3,-1,1,4,1,1,0,-2
1514892951004382,-2,-3,-29,-6,-6,-4,0,-2
1514892951005883,8,7,10,9,4,0,-3,-2
1514892951005883,3,11,3,-2,2,0,0,-1
1514892951026897,-8,-13,5,-6,-5,-2,-2,-2
1514892951026897,-21,-18,-6,-5,0,-2,-2,-4
1514892951028397,0,-3,4,-6,-5,-1,1,1
1514892951028397,-10,2,-9,10,-1,-2,0,-3
1514892951049416,5,-4,0,-1,5,1,-1,-2
1514892951049416,-2,9,1,0,0,-2,-3,-3
1514892951050916,-1,3,-8,-10,-7,-2,-2,-4
1514892951050916,-3,-11,-10,-14,2,1,0,1
1514892951064928,5,10,9,18,-1,-3,1,2
1514892951064928,-1,-2,-2,0,2,1,-2,-1
1514892951066427,3,2,2,-4,-1,-2,-3,1
1514892951066427,5,6,-3,-6,-4,-1,1,1
1514892951086940,3,-1,-3,-1,-2,-3,0,0
1514892951086940,-17,-5,9,1,1,0,-1,-3
1514892951088441,-7,-5,9,2,-1,-1,-2,-4
1514892951088441,2,-5,-22,-10,-4,-4,-2,-2
1514892951110455,-1,-4,21,6,-4,-2,0,-2
1514892951110455,20,19,3,-2,-1,-2,0,4
1514892951112960,-19,-10,2,-1,2,-1,-2,-3
1514892951112960,-6,-14,-3,7,-2,-1,-2,-3
1514892951123965,4,4,-8,-8,0,0,0,2
1514892951123965,6,15,3,-1,-3,-2,-1,-2
1514892951130974,-4,-7,-15,-3,0,2,2,0
1514892951130974,-7,-8,15,-3,-4,-1,-3,1
1514892951147484,-9,-14,-10,-3,-3,-1,-4,-2
1514892951147484,5,6,0,2,0,-2,0,0
1514892951148482,-3,2,-7,-4,1,-2,-2,-4
1514892951148482,9,-5,6,0,-1,0,-1,2
1514892951169497,-3,3,3,-3,-1,-1,-2,-2
1514892951169497,-3,-8,-7,0,0,0,0,0
1514892951172999,2,5,5,-2,-4,-2,-1,0
1514892951172999,-7,-4,-7,-7,-1,-2,-2,-4
1514892951192014,-2,0,7,6,-1,-2,-1,-2
1514892951192014,4,-2,-3,1,-1,-1,0,0
1514892951194515,0,-1,-3,-3,-1,1,1,1
1514892951194515,4,5,6,2,-1,0,-1,-2
1514892951207023,2,1,-10,-6,0,1,0,-1
1514892951207023,-5,-8,-3,-1,0,0,-1,-2
1514892951209025,-4,-5,4,-1,-3,-3,-1,-1
1514892951209025,1,2,-1,-2,0,-2,-2,0
1514892951238551,0,-5,-8,-4,-1,-2,0,0
1514892951238551,2,3,6,2,-1,-1,-1,1
1514892951240047,1,4,-1,-3,0,0,0,0
1514892951240047,0,-1,-3,1,-2,-3,0,-3
1514892951243550,0,-2,-2,1,-2,-1,0,1
1514892951243550,1,-2,-6,-2,0,0,0,0
1514892951251063,1,2,-2,-1,0,-1,-1,0
1514892951251063,-3,0,4,3,-1,-1,-3,-3
1514892951267568,0,-2,0,-2,1,0,0,-2
1514892951267568,-1,-2,-4,-1,-1,-1,-2,-1
1514892951270069,2,2,2,1,-1,1,-1,0
1514892951270069,-1,-1,-1,-1,-2,0,0,0
1514892951289584,-1,-1,0,0,-2,0,-2,0
1514892951289584,-2,-3,-5,-1,-2,-1,-2,-2
1514892951291083,-1,2,0,1,0,-1,-1,-2
1514892951291083,1,1,-1,-1,-1,-1,1,-1
1514892951304093,0,-5,-2,-2,-3,0,1,-1
1514892951304093,-4,-4,-1,-2,0,-1,-1,-1
1514892951310597,1,1,-1,-1,0,0,-2,0
1514892951310597,-1,-3,-1,-1,0,-2,0,1
1514892951328111,0,0,0,-1,-1,0,-2,0
1514892951328111,0,2,-2,-1,-1,-2,-1,-1
1514892951329611,-2,0,-2,-2,-1,-2,-2,-2
1514892951329611,-1,-2,-2,0,-1,0,0,-1
1514892951350129,-1,-1,-2,-1,-2,-1,-1,-1
1514892951350129,0,-2,-1,-2,-2,-1,0,-1
1514892951351630,0,0,-1,-2,0,-1,-1,-1
1514892951351630,-3,-3,1,0,1,0,-1,0
1514892951364139,0,-2,-1,0,0,0,-2,-1
1514892951364139,-1,0,-2,-1,-1,-1,-1,-1
1514892951370644,1,1,0,-1,-3,-2,0,-1
1514892951370644,0,-2,0,1,-2,1,0,-2
1514892951387152,-1,-1,1,-1,-1,-3,0,-1
1514892951387152,0,1,-3,-1,-2,-2,-1,1
1514892951388653,-1,2,-1,-2,-2,0,0,0
1514892951388653,-2,-3,-1,-1,-3,0,-1,0
1514892951409167,0,-1,-1,0,0,0,-2,-1
1514892951409167,-2,0,-1,-1,-1,-2,-2,-1
1514892951411168,-1,0,-1,0,-1,0,-1,-2
1514892951411168,-2,-1,-1,-1,0,-2,-2,-1
1514892951424177,-2,-2,0,-2,1,0,0,-2
1514892951424177,-2,0,0,-1,0,0,1,-1
1514892951431684,-1,1,0,-2,-3,-1,0,-1
1514892951431684,0,-1,-2,-2,-1,-1,-1,-1
1514892951447194,0,-2,-1,1,-3,-1,-1,-1
1514892951447194,0,0,-2,-2,-1,-1,0,0
1514892951450196,-1,0,-1,0,-3,-2,-1,-1
1514892951450196,0,-1,0,0,0,-1,0,-1
1514892951469208,-1,-1,-2,-2,0,-3,-1,0
1514892951469208,-2,0,-2,1,-1,-2,-2,-1
1514892951470709,0,-1,-3,-2,-1,0,-1,-1
1514892951470709,-1,-3,-3,-3,0,-1,-1,-1
1514892951484234,-1,-1,-1,-1,-2,-3,0,-2
1514892951484234,0,0,-1,0,0,-1,-1,-1
1514892951492225,-1,1,0,-1,0,-1,-1,0
1514892951492225,-2,-3,0,0,-2,1,1,-2
1514892951514240,0,-1,-2,-2,-1,-2,0,-1
1514892951514240,0,0,-1,0,-1,0,-2,0
1514892951517743,-1,0,-1,-1,0,-2,-2,-1
1514892951517743,-2,-2,-1,-1,-1,0,-3,0
1514892951529251,-2,-3,1,-1,0,0,-1,-1
1514892951529251,0,0,0,-2,-2,-1,0,0
1514892951530752,0,-1,-2,-1,0,0,-1,-2
1514892951530752,0,-1,0,-1,0,-2,0,-1
1514892951543273,-1,-2,-3,0,-1,-1,-1,-1
1514892951543273,-2,1,-2,-2,-1,-2,-1,-1
1514892951559273,-1,1,-2,-2,1,-1,0,0
1514892951559273,-1,-6,0,0,-1,-1,-2,-1
1514892951566787,0,-3,-1,0,-1,0,-1,-2
1514892951566787,0,1,0,-3,-2,-1,-1,-2
1514892951568278,-2,-1,-1,0,-1,-1,-1,-1
1514892951568278,0,-2,-1,0,0,-2,-2,0
1514892951589294,0,-4,-1,-1,0,-2,-1,1
1514892951589294,0,-1,-3,1,1,0,-2,-2
1514892951590795,-2,2,-1,-1,0,-1,0,-2
1514892951590795,-1,-2,-3,-1,-1,-1,0,-1
1514892951602803,-3,-2,-2,-1,-1,0,-2,-3
1514892951602803,-1,0,-3,-1,-1,-1,-2,-2
1514892951612316,-2,0,0,1,-2,-1,-1,-1
1514892951612316,-2,-2,0,0,-2,-1,0,0
1514892951626832,-1,-3,0,1,-1,-1,-1,-1
1514892951626832,-1,0,1,-2,-2,0,0,-2
1514892951628323,0,1,-2,0,-1,0,-2,0
1514892951628323,-1,0,-1,0,-3,0,-1,-2
1514892951649339,1,-3,-2,-4,-2,0,-1,-2
1514892951649339,0,-1,-1,0,-2,-1,-1,1
1514892951650837,-1,0,-1,0,0,-1,-1,0
1514892951650837,-1,-2,-1,-2,-1,-1,0,-2
1514892951662864,-3,-3,0,-1,-1,0,-2,0
1514892951662864,-2,-1,0,-2,-2,0,-1,-1
1514892951672862,0,0,-2,-2,-2,-1,-3,-2
1514892951672862,0,0,-1,1,-1,-1,-1,0
1514892951686872,0,-3,-2,-2,0,-1,0,-2
1514892951686872,0,1,-1,-1,-1,-2,-1,-1
1514892951688374,-1,0,-1,-1,-1,-1,0,0
1514892951688374,-2,-1,-2,-1,2,-2,-2,-2
1514892951709378,-2,-3,-2,0,0,1,0,-3
1514892951709378,0,1,-2,-1,-2,0,-3,1
1514892951712880,-1,0,-2,-1,0,-1,-1,-1
1514892951712880,-1,-3,-2,0,-2,-2,-1,0
1514892951722897,-2,-3,0,-1,-2,-1,-2,-2
1514892951722897,-3,-1,-1,-1,-2,0,-1,-2
1514892951731894,-1,1,-1,-1,0,-2,0,0
1514892951731894,-2,-3,-1,-2,-3,-2,0,2
1514892951746905,0,-1,-1,-1,-2,-3,-2,0
1514892951746905,-1,0,-1,-1,0,-1,1,-1
1514892951748406,0,-1,-2,-1,-1,-1,-3,-2
1514892951748406,-1,-1,-1,-1,-1,0,0,-2
1514892951769430,-1,-3,-2,-1,-2,0,1,0
1514892951769430,0,0,-1,-2,-1,-3,-1,-1
1514892951772933,-1,1,-1,-2,-3,-1,1,-2
1514892951772933,0,-2,-2,-2,0,-1,-2,-1
1514892951783431,-1,-3,1,-1,0,-1,-1,-2
1514892951783431,-1,0,-1,-1,0,-2,-1,0
1514892951791946,0,0,0,-1,-2,-1,-1,-1
1514892951791946,0,-2,-1,-1,-1,-1,-1,-1
1514892951806957,-1,-3,0,0,1,-1,1,-2
1514892951806957,-2,1,-3,-1,-1,0,-1,-2
1514892951808448,-1,1,-2,-2,-1,-1,-1,-1
1514892951808448,-1,-1,-3,0,-1,-1,-1,-1
1514892951829464,-1,-2,-2,-1,-2,-2,-2,-1
1514892951829464,-1,0,-1,-3,-1,-3,1,-1
1514892951830974,-2,2,-2,-1,0,-1,-2,-2
1514892951830974,-2,-2,0,0,0,0,1,-3
1514892951842972,-2,-1,-1,-2,-1,-1,-1,-1
1514892951842972,-2,1,0,0,-1,0,0,-2
1514892951851980,-1,-1,-1,-2,0,-1,-1,-1
1514892951851980,-4,-2,-2,-2,0,-1,0,-2
1514892951866991,0,-1,-2,-1,-1,-1,0,-2
1514892951866991,1,0,-2,-2,-1,-1,0,0
1514892951868492,1,0,0,0,-1,-1,-2,-1
1514892951868492,-1,-4,0,0,-1,0,0,-1
1514892951889507,0,-3,0,0,0,-3,0,0
1514892951889507,0,0,0,-2,-1,-2,-2,-2
1514892951891008,0,1,-1,-2,-2,0,0,-1
1514892951891008,-2,-1,0,0,-1,-1,-1,-1
1514892951913022,-2,-3,1,-2,-1,1,0,-1
1514892951913022,-1,0,-1,-2,0,0,-1,0
1514892951916525,0,-1,-2,-2,-2,-2,-1,-1
1514892951916525,-3,-1,-1,1,-2,-2,-2,0
1514892951927032,-1,-1,-1,-1,-1,0,-1,-1
1514892951927032,-2,-2,-2,0,0,0,-2,-1
1514892951928536,-1,1,2,-2,-2,-1,-1,-1
1514892951928536,0,-1,-1,-2,-1,-1,1,0
1514892951949560,0,-1,0,0,-2,-2,-1,1
1514892951949560,1,-1,-1,-1,-1,0,-1,-2
1514892951951061,1,0,-1,0,0,0,-1,1
1514892951951061,1,-2,0,-2,0,0,-1,0
1514892951972564,-2,-1,0,0,0,0,0,-1
1514892951972564,-2,1,-2,1,-2,-1,-1,-2
1514892951975066,-2,0,-3,-1,-1,-1,0,-2
1514892951975066,0,-3,0,-2,-2,2,0,-1
1514892951986074,0,-1,-3,0,0,-2,-1,-1
1514892951986074,1,0,-1,-2,1,0,0,-1
1514892951993083,-1,-2,0,1,-1,0,0,-4
1514892951993083,0,-3,-1,-1,0,-1,-1,-1
1514892952009590,-2,-3,-2,-2,-2,-1,-1,0
1514892952009590,-1,0,2,-2,-3,-1,-2,-1
1514892952011106,-1,-1,-3,-2,-2,-3,-1,1
1514892952011106,1,-2,-2,-1,-2,-1,-1,-1
1514892952030615,-2,-3,-1,0,0,2,1,-2
1514892952030615,-1,0,-1,0,0,-1,-1,-3
1514892952039622,-2,1,-3,-3,0,0,0,-2
1514892952039622,-2,-1,-1,-1,-2,0,-1,-1
1514892952047128,0,-2,-1,-1,-1,-1,-1,-2
1514892952047128,-2,-3,-1,0,-2,-2,-3,1
1514892952048628,-1,-2,-3,-2,-1,0,-1,-2
1514892952048628,-2,0,-2,0,0,-2,-2,-2
1514892952069633,-1,-2,0,-1,-2,-1,0,-1
1514892952069633,-2,1,-1,-1,-1,1,-1,-1
1514892952072142,0,0,0,-2,-3,0,-1,0
1514892952072142,0,-1,-1,-3,-1,-1,-2,0
1514892952091661,-1,-2,-2,-1,-1,-1,-1,0
1514892952091661,0,-1,-4,-1,-2,-1,-1,-1
1514892952093676,-1,-1,-1,0,-1,-2,-3,0
1514892952093676,-2,-3,0,0,0,1,-2,-1
1514892952106168,-1,0,-1,-1,-1,-1,-1,0
1514892952106168,-2,-1,-2,-1,-1,-1,-1,-1
1514892952113674,0,1,-1,-1,-1,-2,-1,-3
1514892952113674,0,-2,0,0,-1,-1,-1,-3
1514892952129176,-2,-1,0,-1,1,0,-2,-3
1514892952129176,-2,-1,0,-1,-2,0,-2,0
1514892952131190,-3,-1,-1,-2,-1,0,1,0
1514892952131190,-1,-1,0,-1,0,0,-1,0
1514892952151720,-1,-2,1,-3,0,-1,0,-2
1514892952151720,0,-1,-2,-1,-1,-2,-1,-2
1514892952153192,0,-2,-1,-1,0,-2,-2,-3
1514892952153192,-2,-1,-2,0,-1,-1,0,-1
1514892952166201,0,-1,-1,1,-1,-1,-2,0
1514892952166201,0,1,-1,-1,-1,-3,0,0
1514892952172705,-2,0,-2,-2,-1,-2,-1,-1
1514892952172705,-3,-2,-1,0,-3,1,0,-2
1514892952190218,-2,0,-2,-1,1,-1,-2,-1
1514892952190218,-1,0,0,-2,-1,-1,-2,-2
1514892952193723,-2,-1,-1,-1,-1,0,-2,-1
1514892952193723,-1,-2,-1,-2,-1,-1,-1,0
1514892952212236,-1,-1,-1,-1,0,-2,1,-1
1514892952212236,-1,-1,-1,-1,0,-1,-1,-1
1514892952213236,0,0,-1,0,-2,-1,-1,0
1514892952213236,-1,-2,-2,-1,0,0,-2,-2
1514892952226268,-2,-2,0,1,-1,0,-1,-2
1514892952226268,-1,-1,-1,-1,-2,-2,-2,-3
1514892952233250,-2,-2,-1,-1,-2,-3,-1,-1
1514892952233250,1,-1,-2,-1,-1,-1,-1,0
1514892952249260,0,-1,0,-1,-2,0,-1,-1
1514892952249260,0,1,-1,-1,-1,-1,-1,-1
1514892952250761,-1,-3,-2,-2,-2,0,1,-2
1514892952250761,-1,-3,-1,-1,-2,1,-1,-1
1514892952272777,-2,-1,-2,-1,0,-1,-1,0
1514892952272777,-2,1,-1,0,-1,-2,-1,-2
1514892952278282,0,2,-2,-2,-1,-1,0,-1
1514892952278282,-1,-4,0,-1,0,-2,-1,-2
1514892952286286,0,-1,-1,-1,-2,-2,0,0
1514892952286286,-1,-1,-2,-2,1,0,-1,1
1514892952300296,-1,1,-1,-2,2,-2,-2,-1
1514892952300296,-3,-1,-1,-1,0,-1,0,-1
1514892952310303,-1,-2,0,-2,0,-1,0,0
1514892952310303,0,-1,-1,-1,-1,-3,-1,-2
1514892952313805,0,-1,-2,-1,0,-1,-1,-2
1514892952313805,-2,-2,-2,-1,-2,-2,-2,-1
1514892952331818,-2,-3,-2,-1,-1,0,-1,-2
1514892952331818,-2,0,-2,-1,-1,-1,-2,-1
1514892952333319,-1,0,0,-1,-1,-1,0,-2
1514892952333319,0,-1,0,0,0,-3,-1,-1
1514892952346329,0,-1,-1,0,-3,0,-1,-1
1514892952346329,0,0,-1,-2,0,-1,-1,-1
1514892952352833,-1,-1,0,-2,-2,-1,-1,-1
1514892952352833,0,-1,-1,-1,-1,-2,0,0
1514892952369345,-2,0,-1,-1,0,-3,0,-1
1514892952369345,-2,-2,-2,-1,-2,-1,-1,-2
1514892952372850,-1,-1,-1,-1,0,-2,-1,0
1514892952372850,0,-1,-2,0,-2,-2,-1,-2
1514892952391875,-1,-2,-1,-1,-1,2,-1,-1
1514892952391875,-1,1,-1,-1,-3,-2,-1,-1
1514892952395364,-1,-1,-2,-2,-1,0,-1,-1
1514892952395364,-1,-2,-2,-1,0,-1,-1,0
1514892952405370,-1,-2,-2,-1,1,-1,-1,-1
1514892952405370,-1,0,0,-2,0,0,-1,-1
1514892952414377,-1,-1,-1,-2,-3,0,-2,-1
1514892952414377,-1,-1,0,-1,-1,0,0,-2
1514892952429387,-2,-2,-2,-2,-3,-1,0,-1
1514892952429387,1,-1,0,0,0,-1,1,-1
1514892952430888,-2,0,0,-2,-3,-1,-2,-1
1514892952430888,1,-2,-2,0,-2,-1,-1,-1
1514892952451916,-1,0,1,-1,-2,0,-1,-3
1514892952451916,0,0,0,1,-1,-2,-1,-2
1514892952453404,-1,-1,-2,-1,0,-2,-1,0
1514892952453404,-2,-4,-1,-1,0,0,-2,-2
1514892952465424,-1,-1,-1,-1,-1,0,-1,-1
1514892952465424,-2,0,-1,-1,-1,0,0,-2
1514892952474419,-2,-2,0,-1,-1,-1,-2,0
1514892952474419,0,0,-2,-2,0,-1,-1,-1
1514892952489440,-2,1,0,0,0,-3,-2,-1
1514892952489440,-1,0,-1,-2,-1,-1,0,0
1514892952492932,-2,-1,-2,0,-1,2,0,-1
1514892952492932,-2,-2,-2,0,-1,0,0,0
1514892952512446,-3,-1,0,-2,-2,-2,-1,1
1514892952512446,-2,1,-1,-1,0,-1,-1,-1
1514892952515949,-1,0,1,-1,-1,-1,0,-2
1514892952515949,0,-1,0,-1,0,-3,-2,0
1514892952525455,1,1,0,-2,1,-1,-2,-2
1514892952525455,-1,-1,-1,-1,-1,0,-2,-1
1514892952534473,1,0,-2,0,-1,-1,-1,-1
1514892952534473,-1,-2,0,-1,-1,-1,0,-2
1514892952549481,1,-3,-2,0,-2,0,-2,0
1514892952549481,0,-1,-3,-2,-1,-1,-1,-1
1514892952550982,1,-1,-2,-2,-1,-2,-1,-2
1514892952550982,-2,-1,0,-1,-2,0,0,-1
1514892952571488,-2,0,-2,-1,0,-2,0,-1
1514892952571488,-2,-1,-1,-1,0,-2,0,-2
1514892952578000,-3,-1,-2,-1,-1,-1,-2,-1
1514892952578000,-1,-2,-2,-2,-1,-1,0,0
1514892952594503,-2,-1,-1,-1,1,-2,-2,1
1514892952594503,0,-2,0,-1,-1,1,-3,-1
1514892952596005,-2,-2,-2,-1,-3,0,-2,-1
1514892952596005,-1,-2,0,0,-2,0,-2,-1
1514892952609023,0,-2,-2,2,-1,-1,0,-1
1514892952609023,1,-1,-2,-3,0,0,0,0
1514892952611025,0,-2,0,-1,0,-2,-2,0
1514892952611025,-1,-3,0,-1,-1,-1,-2,-2
1514892952632040,-1,-1,-1,1,-3,0,1,-1
1514892952632040,-1,0,-1,-1,0,-1,-2,0
1514892952633541,1,-1,-1,-2,0,-1,-1,-2
1514892952633541,-2,-1,0,-2,-2,0,-1,-1
1514892952646041,-2,-1,1,-2,0,1,-3,-2
1514892952646041,-1,-1,1,-1,-3,-2,0,-1
1514892952654556,-2,-2,-2,-2,0,-3,-1,-1
1514892952654556,-1,-2,-1,-2,-1,-1,-1,-1
1514892952669057,0,0,0,0,-2,1,0,-2
1514892952669057,0,1,-1,-1,0,0,-1,0
1514892952671567,-1,-2,-1,-1,0,0,-3,-2
1514892952671567,-3,0,-1,-1,-1,-2,-1,-1
1514892952692588,0,-1,-2,-1,-2,-3,0,0
1514892952692588,0,1,-2,0,-4,-1,-1,0
1514892952696076,-1,-2,-2,-1,0,-1,-1,-1
1514892952696076,-1,-2,-2,-1,0,-2,0,0
1514892952705582,-2,1,1,-1,0,-1,-1,-1
1514892952705582,-1,1,0,-1,-1,0,0,-1
1514892952714589,0,-1,-1,-2,-3,1,0,-1
1514892952714589,0,0,0,0,-1,0,-1,0
1514892952729599,-1,-1,-2,-2,-2,0,1,0
1514892952729599,0,-2,-3,0,-1,-1,1,0
1514892952731110,-2,-2,-1,0,-4,-2,-2,1
1514892952731110,-3,-2,-2,-2,-1,0,0,-1
1514892952752115,-3,-1,1,0,0,-2,0,-2
1514892952752115,-3,-2,0,-2,1,-1,-1,0
1514892952753627,-3,-2,-1,1,-1,-1,-1,0
1514892952753627,-2,-2,-2,0,0,-2,-1,-2
1514892952774130,-1,-1,-2,-3,0,0,-1,-2
1514892952774130,-1,0,-2,-2,-1,-1,-1,-3
1514892952776132,0,-1,-1,-1,-1,-2,-1,-1
1514892952776132,-1,-3,0,-1,-1,1,0,-1
1514892952790142,-1,-1,-1,-1,-3,-4,-2,1
1514892952790142,-2,0,-2,0,-1,0,-1,-1
1514892952791642,-1,-3,0,-1,0,0,-1,-2
1514892952791642,0,-1,-2,-1,0,0,-3,-1
1514892952812658,0,0,0,-2,0,-1,0,0
1514892952812658,-2,1,-1,0,-2,1,-2,-1
1514892952815166,-1,-2,0,-2,-1,-1,0,-1
1514892952815166,0,-1,1,-1,-2,-2,-1,-1
1514892952825667,-2,0,0,0,0,0,0,0
1514892952825667,0,-1,-1,-1,0,-2,-2,0
1514892952834673,-2,-2,-2,-2,-1,1,0,-1
1514892952834673,-2,-2,-2,-2,-3,-1,0,-2
1514892952848184,0,1,-1,-1,-1,-1,-3,0
1514892952848184,0,0,-1,-1,0,-1,-2,-2
1514892952857195,0,0,-1,-1,0,-2,0,-1
1514892952857195,0,-3,0,-1,-2,-1,-1,0
1514892952871699,1,0,-1,0,0,-3,1,0
1514892952871699,0,0,-1,-3,-2,-2,-2,0
1514892952875202,-4,-1,0,-1,-2,0,-1,-1
1514892952875202,-2,-3,-1,0,-1,-1,-2,-1
1514892952894215,-1,-2,-2,0,-1,0,-2,-1
1514892952894215,-3,0,0,-1,-1,-1,0,-2
1514892952896219,-1,-3,-2,-1,1,-2,-1,-1
1514892952896219,-2,-3,-2,-3,-1,-3,0,-2
1514892952909226,-2,-2,-1,-1,0,-1,-1,-2
1514892952909226,-1,0,-1,-2,0,-2,0,0
1514892952912229,1,-2,0,0,-2,0,-1,-1
1514892952912229,-2,0,-1,0,0,1,-2,1
1514892952931742,-1,2,-1,-1,0,0,-1,-1
1514892952931742,-1,-1,-2,-1,-1,-2,-1,-1
1514892952933243,-1,0,0,-1,-3,-1,-2,0
1514892952933243,0,-3,-1,-1,0,-2,-2,-2
1514892952954272,-1,-1,-2,-3,-1,0,-1,0
1514892952954272,-1,1,-2,-1,-2,-2,0,-2
1514892952956764,-3,-3,-1,0,-2,-1,0,-2
1514892952956764,-3,-3,0,0,-2,0,-1,-1
1514892952969268,-1,0,-1,-1,-2,0,-2,0
1514892952969268,0,0,-2,-1,-1,-1,-1,0
1514892952970769,0,-2,-2,-3,-1,-1,0,1
1514892952970769,-2,-1,0,-2,-2,0,0,1
1514892952992285,-1,0,1,2,-1,-2,-1,-2
1514892952992285,-1,-1,-1,-1,-1,-1,0,-1
1514892952995789,0,-1,-2,0,0,-4,-1,-1
1514892952995789,-1,-2,-2,0,-3,0,-1,-3
1514892953014300,-1,0,-1,-1,-3,0,-1,-1
1514892953014300,-2,0,0,0,1,0,-2,0
1514892953015802,-2,-2,0,-1,-2,-1,-1,-1
1514892953015802,0,-2,0,-1,1,0,-1,-1
1514892953029322,-3,-2,-2,-3,-1,-1,0,0
1514892953029322,-3,-1,-1,-1,-1,-1,-1,-1
1514892953035316,-1,-2,-1,-1,-1,-1,-2,-1
1514892953035316,-1,-1,-2,-2,-1,-1,-2,0
1514892953051827,0,0,0,-1,-2,1,0,-2
1514892953051827,-2,-1,-2,-1,-2,0,-2,0
1514892953053329,0,-1,-2,1,-1,0,1,0
1514892953053329,0,-2,-1,-1,-3,-1,-2,-2
1514892953074353,-1,0,-1,-1,-2,-1,-1,-1
1514892953074353,0,-1,-3,-1,0,-2,0,0
1514892953075854,-1,-2,-2,-1,-1,-1,-2,0
1514892953075854,-1,-1,-1,-2,0,-2,0,1
1514892953096859,-1,0,0,-1,-2,-3,-2,0
1514892953096859,-1,0,-2,-3,-2,-2,-3,-2
1514892953098373,0,-2,-3,-3,-2,-1,-2,-2
1514892953098373,-1,-2,-1,-1,-1,0,0,0
1514892953111871,0,1,-1,-1,0,-1,-2,0
1514892953111871,0,0,0,0,-1,0,-1,-1
1514892953113874,-2,-2,1,-2,0,-1,0,-2
1514892953113874,-2,-1,-1,-1,-1,-1,-1,-1
1514892953134424,-2,0,-1,0,-3,-2,1,-1
1514892953134424,-1,1,0,-1,-1,0,0,-1
1514892953135924,0,-2,-2,-2,-2,-3,-1,-1
1514892953135924,0,-3,-2,1,-1,-2,-1,-1
1514892953148943,-1,2,-1,-1,0,0,1,-1
1514892953148943,0,-1,-1,-1,-1,-2,-1,-2
1514892953155939,-2,-3,-1,-3,-1,-1,-1,0
1514892953155939,-2,-1,1,-1,-1,-1,0,-2
1514892953179457,-1,-2,-3,-1,0,-1,-2,-1
1514892953179457,-1,-1,0,-1,-1,-2,-1,1
1514892953180969,-1,-2,-2,0,1,-1,-2,1
1514892953180969,-2,-3,-3,0,-2,1,-1,-1
1514892953195467,1,0,-2,-1,-1,-1,-1,-2
1514892953195467,-1,1,-1,0,-2,-1,-1,-2
1514892953198969,1,0,-1,0,-2,0,0,-2
1514892953198969,-2,-2,-2,-1,-2,-2,-2,0
1514892953208476,-2,-1,-2,-2,0,0,-1,1
1514892953208476,0,0,-1,-1,-1,-2,-2,-1
1514892953215481,-2,-1,-2,-2,-1,0,0,-2
1514892953215481,-3,-1,-1,-2,0,-1,-2,-1
1514892953231995,-2,0,-2,-1,0,-3,-1,-2
1514892953231995,0,0,-3,-1,-2,-1,0,0
1514892953233494,0,-2,-1,-1,-2,-1,-2,-1
1514892953233494,0,-4,2,-1,-2,0,0,-1
1514892953254009,0,1,-1,-1,-2,0,-1,-1
1514892953254009,-2,-1,0,-3,-1,-1,-3,-1
1514892953256010,-1,-2,-1,-2,0,-1,-2,-2
1514892953256010,0,-3,-1,-2,-1,-1,-2,-1
1514892953268518,2,1,0,0,-1,-1,-2,0
1514892953268518,-2,0,-2,-3,-2,0,1,-1
1514892953275524,-1,-1,-3,2,-2,-1,0,1
1514892953275524,1,-2,-2,-1,-1,-2,-1,-2
1514892953292535,-3,-1,-1,-1,0,-2,-2,-2
1514892953292535,1,-1,0,-1,0,0,-3,-2
1514892953296038,-1,-3,0,-2,-1,1,0,-2
1514892953296038,0,-3,-1,-1,-1,-2,-1,-2
1514892953314051,0,0,-2,-1,0,-2,-1,-1
1514892953314051,-2,0,-2,-1,-2,-2,0,-1
1514892953320555,0,-3,-1,0,0,-1,0,-1
1514892953320555,-2,0,-1,0,0,-1,0,-1
1514892953328561,-1,0,-1,-2,-3,0,-1,0
1514892953328561,-2,0,-2,-2,-3,0,-1,0
1514892953335578,-2,-3,-1,-2,-3,0,-1,0
1514892953335578,-2,-3,-3,-2,-1,-1,-2,-1
1514892953352077,-1,-1,-1,-1,-2,-3,-2,-2
1514892953352077,0,1,-1,-1,-1,0,-1,-2
1514892953354079,2,-2,-1,1,-2,-1,-2,-1
1514892953354079,-2,-1,1,1,0,0,0,-2
1514892953374093,-1,0,0,-1,-1,-1,-1,-1
1514892953374093,-1,0,-1,-1,-1,0,-1,0
1514892953376094,-4,0,-1,-2,-1,-1,-1,-1
1514892953376094,-1,-4,0,0,-1,-1,0,1
1514892953387612,-2,-2,-2,0,-1,0,-1,-3
1514892953387612,0,0,-1,-2,-1,-3,-1,-1
1514892953397118,-2,-2,-2,-1,-1,0,-2,1
1514892953397118,-1,-2,1,0,0,-1,-1,0
1514892953411620,-3,0,-1,-2,0,0,-1,0
1514892953411620,-1,-1,1,-1,0,-1,0,-1
1514892953413621,-1,-2,-1,-2,-1,-2,-1,-1
1514892953413621,1,-2,-2,0,-3,-1,0,-2
1514892953434135,1,-3,-1,0,-1,0,0,-1
1514892953434135,-2,0,-3,0,-1,0,-2,-1
1514892953436136,-1,-3,0,-1,0,-2,-1,0
1514892953436136,-1,0,-1,1,0,-3,-2,0
1514892953447657,-2,-1,-2,0,-1,0,0,0
1514892953447657,0,-1,-1,-1,-2,-2,-1,0
1514892953457161,-1,-3,-1,-2,0,-1,-2,-2
1514892953457161,-2,-3,-1,-2,-2,-2,-3,-3
1514892953471663,-1,1,-1,-1,-1,-3,-1,-2
1514892953471663,-1,-1,-1,1,-1,-1,0,-1
1514892953473663,-1,-1,-1,-1,1,0,-1,-2
1514892953473663,0,-1,0,0,1,1,0,-1
1514892953495179,-1,1,0,-1,0,0,-1,0
1514892953495179,-1,1,-1,-3,-1,-1,-2,0
1514892953497680,-2,-3,0,-1,-1,-2,-1,-1
1514892953497680,-2,-2,-2,-2,-2,-4,0,1
1514892953507687,-1,1,-1,-1,-2,1,0,0
1514892953507687,0,0,-3,-1,0,0,-2,-1
1514892953517194,-1,-1,-1,-1,-3,0,-1,-1
1514892953517194,-1,-2,0,0,-2,0,-1,0
1514892953531704,-2,-1,-2,0,-1,-2,-1,0
1514892953531704,-2,1,0,-1,1,-1,-1,0
1514892953537709,-2,-3,-3,2,-1,-2,-1,-2
1514892953537709,-2,-1,-1,-1,0,-1,0,-2
1514892953554221,0,2,0,-3,-1,0,-1,-1
1514892953554221,-2,0,-1,-1,-1,-1,-1,-1
1514892953556722,1,-2,0,-1,-2,1,-1,-1
1514892953556722,-3,-2,-2,-1,0,-2,-1,-1
1514892953584251,-2,-1,0,1,0,-1,-2,-2
1514892953584251,-2,0,-1,-2,-1,-2,0,0
1514892953585742,-1,-3,-1,-1,-1,0,-1,-1
1514892953585742,-1,-3,0,-1,-2,0,-2,-1
1514892953599261,-1,0,-2,-3,-3,0,-1,-2
1514892953599261,0,0,-2,-2,0,-1,-1,-1
1514892953600753,-2,-1,-1,-1,0,-2,0,-1
1514892953600753,-1,-3,-3,1,-2,0,1,0
1514892953614262,0,0,0,-1,-1,-2,0,0
1514892953614262,0,-1,1,-1,-2,0,-2,-1
1514892953615764,-1,-1,-1,-2,-1,-2,-1,-1
1514892953615764,0,-3,-1,-1,1,0,-2,1
1514892953628275,-3,0,-1,0,-2,0,-2,-2
1514892953628275,-1,2,-3,-2,-3,-2,0,-3
1514892953637779,-2,-1,-1,0,-1,-3,0,-2
1514892953637779,-2,-3,-1,-2,-1,-2,-1,-1
1514892953651789,1,1,-1,0,-2,-1,-3,-2
1514892953651789,1,-1,-1,1,-1,-1,-2,2
1514892953653291,1,-2,-2,-3,-1,-1,-1,-3
1514892953653291,-2,-2,-2,-2,-2,-2,-3,-1
1514892953681810,-3,1,-1,1,0,-3,0,-1
1514892953681810,-2,0,-2,-1,-1,-1,-1,-1
1514892953683311,-1,-3,-1,-1,-1,-1,-1,0
1514892953683311,0,-3,1,-1,-1,-3,-1,-1
1514892953687814,0,-1,-2,-2,0,1,-1,-1
1514892953687814,-1,2,-1,-1,-1,-1,-2,-2
1514892953696821,0,-3,-1,2,-1,-1,-1,0
1514892953696821,-1,-4,-2,-1,-2,0,0,-2
1514892953711834,-1,0,-2,0,0,-3,-2,-1
1514892953711834,0,-1,-1,-2,0,-2,0,-2
1514892953713334,-1,-1,-1,-2,-1,-1,-1,0
1514892953713334,-1,-1,-1,-1,-1,0,-1,-2
1514892953734351,-1,-1,-1,-1,0,-1,2,-1
1514892953734351,-2,1,-2,-1,-2,-1,-2,-1
1514892953735863,-1,-2,0,-1,-1,-2,-2,-1
1514892953735863,-1,-2,-2,-2,0,1,-2,1
1514892953747866,1,0,-2,-2,-1,0,-1,-1
1514892953747866,-2,1,-2,0,-2,-1,-1,-1
1514892953762881,0,-2,-1,0,-2,-1,0,-1
1514892953762881,0,-1,0,-1,-1,-2,-1,-1
1514892953771874,-1,0,0,0,-3,-2,-1,-1
1514892953771874,-1,-1,-1,-2,-1,-2,-1,0
1514892953773375,-2,-2,-1,-1,-1,0,0,0
1514892953773375,0,-3,0,-2,-1,0,-1,0
1514892953795392,1,0,-1,-1,-2,-2,-1,-2
1514892953795392,-3,-1,-2,0,-1,0,-1,0
1514892953798393,-2,-2,0,-1,-1,-2,-1,-1
1514892953798393,-2,-1,-1,0,1,0,0,-3
1514892953816906,-1,1,0,-2,-1,-3,0,-1
1514892953816906,0,1,-2,-1,-2,-1,-1,-2
1514892953818407,-2,-1,-2,0,-2,-2,-1,0
1514892953818407,-1,-2,0,0,-2,-1,-1,0
1514892953831916,0,0,0,-2,-1,0,-1,-1
1514892953831916,0,0,-1,-2,-2,-2,-1,0
1514892953833430,0,-2,1,-1,0,-1,1,-3
1514892953833430,0,-1,-1,-1,-2,-3,-1,-1
1514892953861949,-2,-2,-3,-1,-2,1,0,-1
1514892953861949,0,-1,0,-1,-2,-1,0,-1
1514892953863438,-1,-4,-2,-1,-1,-1,-1,-1
1514892953863438,-1,-2,-1,-1,0,-1,-1,-2
1514892953877472,-1,0,-1,-1,-1,-2,-1,0
1514892953877472,-1,0,-3,0,-1,-3,-1,0
1514892953879955,-1,-1,-1,-1,-2,-2,0,0
1514892953879955,-1,-2,-2,-1,-3,-2,0,-2
1514892953891959,1,0,-2,0,-2,0,-2,-1
1514892953891959,0,0,0,0,-2,0,-2,-2
1514892953893460,0,-2,-2,-1,0,-1,-2,1
1514892953893460,-1,-1,-2,-1,-1,0,0,-1
1514892953913984,-2,0,-2,0,-1,-1,0,-1
1514892953913984,-1,1,-1,-1,-1,-2,-1,-1
1514892953915978,-2,-1,-3,0,0,0,-1,-1
1514892953915978,-1,-1,-1,-2,-1,-1,-2,-1
1514892953937003,0,-2,-2,-2,0,1,0,1
1514892953937003,-1,-2,-1,-1,-1,-2,0,-1
1514892953939495,-2,-2,0,-3,-1,-2,-1,1
1514892953939495,-1,-1,-1,0,-1,-2,-1,0
1514892953951004,0,1,-3,-1,-1,-3,-3,-1
1514892953951004,-2,1,-2,-1,0,-1,-1,0
1514892953958005,-1,-3,-1,-1,-2,1,-1,-2
1514892953958005,-1,-2,0,-2,-2,-1,-1,-2
1514892953974517,-2,1,0,-2,0,0,-1,-2
1514892953974517,0,0,-2,-3,-2,0,-2,-1
1514892953978019,0,-2,-1,-1,-2,-1,-2,0
1514892953978019,-3,-2,-2,0,0,-2,-1,-2
1514892953998046,-2,1,0,-2,-2,-1,-1,-1
1514892953998046,0,-1,0,-3,-1,-1,-1,-1
1514892953999544,-4,0,-2,-1,0,0,-2,0
1514892953999544,-3,-3,-3,0,-1,-1,-1,2
1514892954011043,0,0,-3,-1,-2,-4,-2,-1
1514892954011043,0,-2,-1,0,-1,0,-1,-2
1514892954018058,-2,-2,-2,0,0,-2,0,-2
1514892954018058,0,-2,1,-1,-1,-1,-1,-2
1514892954034059,-2,1,-2,0,-1,-1,0,-2
1514892954034059,-1,0,-2,-2,-1,0,-2,1
1514892954036060,1,-2,0,-1,-1,-1,-2,0
1514892954036060,-2,-2,1,0,-1,-1,0,-1
1514892954056587,0,0,0,-1,0,0,-1,-1
1514892954056587,1,2,-2,-1,-2,-2,-2,-3
1514892954058577,-2,-2,1,-1,-2,-1,-1,0
1514892954058577,-1,-1,-1,0,0,-1,-1,-1
1514892954071085,0,0,-2,0,-2,-1,-2,2
1514892954071085,-1,0,-2,-1,0,0,1,0
1514892954078090,-3,-2,-1,0,-1,0,1,-1
1514892954078090,0,-2,0,-3,-2,0,-1,-1
1514892954101616,-2,0,-1,0,-2,-1,0,-1
1514892954101616,-1,-1,0,-1,0,-2,-1,0
1514892954103108,-1,-2,-2,-2,1,1,-1,-2
1514892954103108,-2,-1,0,1,0,0,1,-1
1514892954116621,-1,-2,-2,-2,-1,-1,-2,-2
1514892954116621,-1,1,-1,-1,-3,-3,-1,-2
1514892954118120,-1,-2,-2,-1,-2,-2,-1,-1
1514892954118120,-1,-2,-3,-1,-1,0,-1,1
1514892954131638,-1,0,0,-2,-1,1,0,0
1514892954131638,-1,0,-1,-1,-2,-1,-3,-1
1514892954138143,-1,-2,0,-3,-3,0,0,0
1514892954138143,0,-1,-2,0,0,-1,0,-2
1514892954154144,-1,-1,-1,0,-2,-1,-1,-1
1514892954154144,-1,0,-2,-2,-1,1,-1,-1
1514892954155645,0,-2,0,-1,0,-3,-1,-1
1514892954155645,-1,-2,-2,-2,-1,-2,-2,-1
1514892954176660,-2,0,-1,1,-1,0,-2,-1
1514892954176660,-2,-2,-1,-1,-1,-1,1,-1
1514892954178662,-1,-2,-2,0,-2,-1,-1,-1
1514892954178662,-1,-1,1,-1,-1,0,-1,0
1514892954191171,0,-1,0,-1,0,0,-2,-2
1514892954191171,-2,1,-1,0,-1,0,-3,-1
1514892954197684,1,-3,0,-1,-2,0,0,-2
1514892954197684,0,-3,-1,-1,-2,-1,-2,-1
1514892954214699,-1,0,1,-1,-2,-1,-1,-1
1514892954214699,-2,-1,-2,-2,0,0,-1,0
1514892954220205,-1,-1,-3,0,-2,-2,-1,-2
1514892954220205,-2,0,-1,0,0,-2,-1,-1
1514892954237703,0,-1,-1,-1,-1,-1,0,-2
1514892954237703,0,-2,-1,-1,0,-1,-1,0
1514892954239205,-1,-2,0,-1,1,-1,-2,0
1514892954239205,0,0,0,-1,0,0,-1,0
1514892954259218,-2,1,-3,-1,-1,0,0,0
1514892954259218,0,0,-2,0,-2,-2,-1,-1
1514892954260732,-2,-2,-1,-2,-1,1,-3,-1
1514892954260732,-1,-2,-1,-1,0,0,-1,0
1514892954274229,-1,0,-1,-1,-1,-3,-2,0
1514892954274229,1,-1,-2,-1,-1,0,0,-1
1514892954280734,-1,-2,-2,-2,-1,0,-1,-1
1514892954280734,0,-1,0,-1,0,1,-1,-2
1514892954296764,0,0,0,-2,-2,-2,-1,-1
1514892954296764,-1,-1,-2,-2,-1,-2,-1,-1
1514892954298246,-1,-3,-1,0,-1,1,-2,0
1514892954298246,0,-1,-3,0,-3,0,-2,-1
1514892954310264,0,1,0,-2,-1,-1,-1,-1
1514892954310264,0,1,-1,-1,-3,-3,-1,-2
1514892954320772,0,-2,-1,-1,0,-3,-2,0
1514892954320772,-3,-2,-2,-2,0,0,-1,-1
1514892954333781,-2,-2,-2,0,-3,0,-2,-1
1514892954333781,-1,0,0,-2,-1,-1,-2,-1
1514892954334271,-2,1,0,-1,-2,-1,-1,-2
1514892954334271,0,0,-2,0,0,-1,-1,-2
1514892954356287,-2,-1,-2,0,-1,-2,-1,-2
1514892954356287,-1,-4,0,-2,-2,0,-2,-2
1514892954356787,-2,-2,0,-1,-1,-1,0,0
1514892954356787,0,-2,-1,-2,-1,-1,-1,-1
1514892954379306,-1,-1,-1,-1,0,0,0,0
1514892954379306,-1,-3,0,-2,-2,-1,-2,-2
1514892954380305,-1,-2,0,1,1,-2,-2,-2
1514892954380305,-2,0,-2,0,-1,-1,-2,-1
1514892954393837,-1,1,-3,-1,0,-1,0,-2
1514892954393837,-1,0,0,-1,-2,0,-1,0
1514892954394314,-1,-3,-1,-2,0,-1,0,-3
1514892954394314,0,-2,-1,-3,-1,-3,0,-1
1514892954415829,-1,0,-2,-1,-2,-2,-1,0
1514892954415829,0,0,-2,-1,-2,-2,2,0
1514892954416830,-2,-2,0,-2,-1,0,1,0
1514892954416830,-2,-2,-1,0,0,-1,-1,-1
1514892954439364,-1,1,0,-3,-3,-1,-1,0
1514892954439364,-1,-1,0,-1,-1,-1,-1,0
1514892954439846,0,-2,-3,0,-1,0,-1,-1
1514892954439846,-1,-1,0,0,-2,-3,-1,0
1514892954454357,0,-1,-1,-2,1,-2,-1,0
1514892954454357,0,-1,-1,0,0,-2,-1,-2
1514892954455366,-1,-3,0,-2,-1,-1,-1,-2
1514892954455366,-1,-2,1,-1,-2,-1,0,-2
1514892954476872,0,-1,0,-1,-2,-1,0,-2
1514892954476872,-3,0,-2,-2,-1,0,-1,-1
1514892954478377,-2,-1,-1,0,-2,0,0,-2
1514892954478377,0,0,0,-1,0,-2,-1,-1
1514892954499389,-1,0,0,0,-1,0,-2,-2
1514892954499389,0,-3,-1,-1,0,0,-1,-2
1514892954499889,0,-2,0,-1,-1,-1,-1,-1
1514892954499889,0,0,-1,-1,-1,-2,-1,-1
1514892954521904,-2,0,-1,-2,-1,-2,-3,-1
1514892954521904,-1,-3,-1,1,0,-1,-2,0
1514892954522404,-1,-3,0,0,-2,0,-1,0
1514892954522404,0,0,-1,-1,0,-1,0,-2
1514892954536415,0,0,0,-1,-1,-1,-2,-2
1514892954536415,-2,-2,-2,-3,-1,-1,-3,-2
1514892954537415,1,-2,-1,-1,-2,-2,-3,0
1514892954537415,-1,-1,-1,-1,-1,-1,0,-1
1514892954550436,-1,-1,-1,-2,-1,-3,-1,-1
1514892954550436,-1,0,0,-1,-1,-1,-1,-1
1514892954558439,-1,0,-1,0,-1,0,0,-1
1514892954558439,1,-2,-1,-1,-2,0,-2,-1
1514892954573440,-1,0,-1,-2,1,-1,-2,-1
1514892954573440,0,-2,-1,-2,-2,-3,0,-1
1514892954574441,-1,-1,-1,-1,0,-4,0,-4
1514892954574441,-3,1,-2,0,-2,-2,0,-1
1514892954596457,-1,1,-1,-1,-2,0,-1,0
1514892954596457,-1,-1,-1,-1,-2,0,-1,0
1514892954596958,-1,-1,-1,0,0,-1,-2,-1
1514892954596958,0,-2,-2,-2,-1,-1,-1,0
1514892954619473,-1,-1,-1,0,-1,0,-1,-1
1514892954619473,0,-2,-2,-3,-1,0,-2,0
1514892954619973,-1,-1,-1,0,-1,0,0,-1
1514892954619973,-1,0,-1,-2,-1,-3,-2,-1
1514892954641989,-2,-1,-2,-1,-1,-2,-1,-1
1514892954641989,0,0,-2,0,0,-1,0,-1
1514892954643490,1,-2,0,-2,-2,-1,-2,-2
1514892954643490,-2,-2,-1,-2,-1,0,-1,-1
1514892954655998,0,-1,-1,0,-1,0,2,-1
1514892954655998,-2,-2,-2,-2,-3,-1,0,-1
1514892954657011,-2,-1,-3,-1,0,1,0,1
1514892954657011,-2,0,0,1,0,0,-2,0
1514892954679529,-2,1,-2,-1,-2,-1,-1,-1
1514892954679529,-1,0,0,0,0,-1,0,-1
1514892954680025,-3,-2,-1,-3,0,-1,1,-1
1514892954680025,-2,0,0,1,0,-1,0,-2
1514892954693525,-2,1,0,1,1,-1,-1,-1
1514892954693525,-2,0,-1,-2,-2,-1,-2,-2
1514892954694527,0,-3,-2,0,0,-1,-2,-1
1514892954694527,0,-1,-1,-1,0,-1,0,-3
1514892954716053,0,-3,-1,0,0,0,-3,-2
1514892954716053,-2,0,1,-1,0,-3,-1,-1
1514892954717054,0,0,-2,-3,-2,-2,1,1
1514892954717054,-2,1,0,-2,-1,-2,-2,0
1514892954740558,-1,1,-1,-2,0,-3,-1,-1
1514892954740558,-2,-4,0,0,-1,-1,0,-1
1514892954741559,0,-2,0,-1,0,-3,-2,-2
1514892954741559,2,0,-3,-3,-2,0,-1,0
1514892954753569,0,1,-2,-1,-2,0,0,-1
1514892954753569,1,-1,0,0,-1,-1,-3,0
1514892954755072,-3,-2,0,0,0,0,-2,-2
1514892954755072,-1,-1,0,1,-1,0,-2,0
1514892954776107,-2,0,-1,-4,-1,0,0,-2
1514892954776107,-1,-2,-2,-1,-2,-2,-1,-1
1514892954777084,-2,0,-1,1,-2,-1,-2,-2
1514892954777084,-1,-1,-1,-1,-1,-1,1,-2
1514892954799109,1,-1,-2,-1,-1,-1,-2,-2
1514892954799109,0,-2,0,-3,-2,-1,1,-1
1514892954800110,1,-2,0,-2,0,-1,-2,-1
1514892954800110,-1,-1,-2,-1,0,1,0,-1
1514892954813610,-1,-1,0,-1,-1,-2,0,-1
1514892954813610,-1,-2,-2,0,-1,0,0,-1
1514892954814111,-2,-2,1,1,-2,-2,0,-1
1514892954814111,-2,-1,0,-1,0,-2,-1,-2
1514892954844132,-2,0,-2,-3,1,-2,-3,-1
1514892954844132,0,-2,-1,-1,-1,-1,-1,-1
1514892954846135,-3,-3,-1,-1,-2,-1,-1,-1
1514892954846135,-1,0,-1,1,-2,-1,-1,-1
1514892954859143,-1,-1,-2,1,-1,-2,-1,0
1514892954859143,0,-2,-2,0,-1,-2,-1,-1
1514892954860164,0,-2,-1,-2,1,-1,0,-1
1514892954860164,0,-1,-1,0,-1,0,-1,-2
1514892954873652,0,0,0,-1,0,0,-3,0
1514892954873652,-1,0,-1,-1,-1,-1,-2,-3
1514892954874153,-1,-2,-2,-1,-1,-1,-1,-2
1514892954874153,0,0,-1,-3,-2,-2,-1,-1
1514892954896172,0,0,-2,0,-2,-1,1,0
1514892954896172,-1,-2,-2,1,0,-2,0,0
1514892954896670,-1,-2,0,1,0,0,-1,0
1514892954896670,-1,0,-1,0,-1,-1,-1,-2
1514892954919184,-2,-1,0,-1,-1,2,-1,-2
1514892954919184,-2,-1,-2,-4,-2,-1,-1,0
1514892954920185,0,-2,0,-1,0,-1,0,-1
1514892954920185,0,1,-2,-2,-3,-3,-1,-2
1514892954933709,-1,0,-1,-1,-2,-3,-1,-2
1514892954933709,-1,0,-1,0,0,-2,-1,-2
1514892954934195,-1,-2,-1,-1,0,-1,0,-2
1514892954934195,-1,1,-1,-2,-1,-2,0,1
1514892954956220,1,1,0,-1,-1,-1,-1,-2
1514892954956220,-1,-2,-1,-2,0,-1,-1,-1
1514892954956720,-1,-1,-1,-2,-1,0,-1,-1
1514892954956720,-1,-1,-2,0,0,-1,-2,-1
1514892954979229,-1,0,-2,-2,0,-1,-1,-2
1514892954979229,0,-2,-1,0,-2,0,-2,-1
1514892954980231,0,-2,-1,-2,-3,0,0,0
1514892954980231,-1,-1,-1,-1,0,-2,-2,0
1514892954993737,0,0,-2,-1,0,-1,-1,-2
1514892954993737,-1,-1,-1,-2,-1,0,-1,-1
1514892954994239,-2,-3,-2,0,-1,-2,-1,-1
1514892954994239,-2,-1,-1,-2,-1,0,-1,0
1514892955016263,-2,0,-2,-1,1,-2,-1,0
1514892955016263,-1,-2,-2,-1,0,-1,0,-1
1514892955016764,0,-2,-1,-1,-2,-2,-2,-3
1514892955016764,-2,1,0,-2,-1,-2,-1,-1
1514892955038270,-1,0,-1,-1,-1,-2,-2,1
1514892955038270,1,-2,-2,0,-1,-1,-2,0
1514892955046285,-1,-3,-2,-1,-1,-1,0,-1
1514892955046285,-1,0,0,-2,0,1,0,-1
1514892955053780,0,-1,-2,-1,0,0,-1,-1
1514892955053780,0,-3,-2,-1,0,-2,-1,-1
1514892955054781,-3,-1,-2,-2,-3,-2,-1,-1
1514892955054781,0,2,-1,-1,-1,-1,-1,-3
1514892955076296,-1,1,1,-2,-2,2,1,0
1514892955076296,-1,-3,1,-1,1,1,-1,-2
1514892955077797,-1,-2,-1,0,0,-1,-1,0
1514892955077797,0,-2,-1,0,-2,0,0,-1
1514892955099324,0,-1,0,-1,-2,-2,-2,0
1514892955099324,-1,-1,-1,-1,-2,-2,-1,-2
1514892955100312,-2,0,-1,-1,0,-1,-2,-2
1514892955100312,0,-1,-1,-1,-2,-2,-1,-1
1514892955122328,-1,0,-1,0,-2,-1,-3,-2
1514892955122328,-2,-3,-1,-1,0,-2,-1,-1
1514892955122828,-2,-2,-1,1,-1,0,-2,0
1514892955122828,-1,0,0,-1,-1,-2,0,-1
1514892955135850,-1,-1,-1,-3,-1,-1,-1,0
1514892955135850,-1,-1,0,-1,-3,-2,-1,0
1514892955136858,1,-3,-3,-3,-1,-1,0,0
1514892955136858,-2,-1,2,1,-1,-1,-1,-1
1514892955159367,-1,-1,-4,-1,-2,0,0,-1
1514892955159367,-2,-2,3,-1,-2,-2,-2,-2
1514892955159867,-2,-1,-1,-1,-2,-2,1,0
1514892955159867,-1,-1,-2,-2,-1,-2,-1,1
1514892955173365,-1,0,-3,-1,-1,0,0,0
1514892955173365,0,-1,-1,-2,0,2,-1,0
1514892955174366,-1,-2,-2,-3,-1,-1,-2,-2
1514892955174366,-3,1,-2,-1,-2,-1,-2,-1
1514892955196391,-2,1,-1,-1,0,-1,-1,-1
1514892955196391,-1,-1,-2,0,-1,-2,-2,0
1514892955196886,0,-3,1,1,-1,1,-1,-1
1514892955196886,-1,0,-2,-1,-1,1,-1,1
1514892955219396,-1,0,-1,1,0,-1,0,1
1514892955219396,-1,-2,-2,-1,-2,-3,-1,-1
1514892955220398,-1,-3,-1,0,0,-2,-1,-1
1514892955220398,-1,0,-1,-3,-1,-2,-1,-2
1514892955233419,-1,1,0,-1,-1,-1,-1,-1
1514892955233419,0,-3,-2,-1,-1,-2,-1,-2
1514892955234419,-2,-4,0,-1,-3,0,0,0
1514892955234419,0,-1,-1,-3,-1,-1,-2,-1
1514892955255925,1,1,-1,-1,0,-1,0,-3
1514892955255925,-1,-2,1,-1,-1,-1,2,-2
1514892955256923,-1,-2,0,-2,0,-1,-1,-2
1514892955256923,-1,1,-1,0,0,0,-1,-1
1514892955279439,-2,-1,-1,-2,0,-1,-1,1
1514892955279439,-1,-2,-4,-2,-1,0,-1,1
1514892955279940,-2,1,-2,-2,-1,-1,-1,0
1514892955279940,-1,0,-1,0,1,-1,-1,-1
1514892955293962,-1,0,2,-1,-1,0,0,-2
1514892955293962,0,-3,1,-2,-1,-1,0,-1
1514892955294951,-2,0,-2,-1,0,1,-2,-1
1514892955294951,-1,1,-2,0,-2,-1,-1,-1
1514892955315966,-1,0,-1,0,0,-2,-2,0
1514892955315966,-2,-2,-2,-1,-2,0,-2,0
1514892955316966,0,-3,-2,-1,0,-1,-1,0
1514892955316966,-1,0,-2,-1,-2,-2,-2,-1
1514892955338995,0,-2,-1,0,-2,0,-3,-1
1514892955338995,-3,-4,-2,0,0,1,-1,0
1514892955339982,-2,-2,-1,0,-2,-1,0,0
1514892955339982,0,0,-1,-1,-1,-1,-1,-1
1514892955353502,-1,1,-1,0,-2,-1,-2,-1
1514892955353502,0,-1,-3,-3,-1,-1,-2,-1
1514892955361026,0,-2,-2,-1,-2,-2,-1,-1
1514892955361026,-1,0,-1,-1,-1,0,1,0
1514892955384523,1,1,-1,0,-2,-1,-1,0
1514892955384523,-1,0,-1,0,-1,-2,1,-3
1514892955386024,0,-5,-1,0,-2,0,-1,-2
1514892955386024,0,0,-3,-1,-1,0,0,-2
1514892955399524,-1,-1,-3,-2,0,-2,-2,-3
1514892955399524,-1,-2,1,0,1,1,-1,-1
1514892955400524,1,-3,0,-2,-3,-2,1,-2
1514892955400524,-2,1,-1,-1,-1,-1,-2,-1
1514892955413045,-1,1,-2,-3,-2,0,-3,2
1514892955413045,-1,-2,0,-1,1,-1,-1,-1
1514892955421039,-1,0,0,-1,1,1,-2,-2
1514892955421039,-1,0,1,-2,-1,0,1,-1
1514892955436059,0,0,0,-1,-3,-2,-1,1
1514892955436059,0,-1,-1,0,-2,-1,0,-1
1514892955437060,-1,-2,-1,0,0,1,-1,2
1514892955437060,0,0,-2,-1,-2,-2,0,-2
1514892955459075,-3,0,-1,-1,-1,1,0,-2
1514892955459075,-1,-3,0,-1,-3,0,-2,-3
1514892955460079,-2,-2,-1,0,-1,-1,-2,-3
1514892955460079,0,0,-3,-2,1,-1,-1,-1
1514892955481594,-1,-1,-1,-1,-2,-2,1,-3
1514892955481594,-2,-2,-1,-1,-2,-1,-1,-1
1514892955482593,-2,-2,-1,-2,-1,-3,-1,-1
1514892955482593,-1,2,0,0,-3,-1,0,-1
1514892955496614,-1,0,-2,0,-1,-2,-2,0
1514892955496614,-1,-3,-2,-1,-1,-2,-1,1
1514892955497094,-1,-3,-1,-1,-1,-2,0,-1
1514892955497094,0,-1,0,-2,0,-1,-2,0
1514892955519108,0,1,-1,-2,0,-1,1,-2
1514892955519108,-1,-2,-1,0,-1,0,-2,-1
1514892955520110,0,-4,-1,-1,0,-1,-1,-1
1514892955520110,0,-1,-1,-3,-2,0,-1,-1
1514892955532628,-1,1,0,-2,-2,-3,0,1
1514892955532628,-2,-3,-2,-1,-2,-1,-2,-1
1514892955541124,-1,-1,-1,1,-1,-2,1,-2
1514892955541124,0,0,-2,0,-1,-2,-2,-2
1514892955556648,0,1,-1,-1,-1,-1,-1,-1
1514892955556648,1,-2,-1,0,-1,-1,0,-1
1514892955557648,-2,-2,-1,-2,-3,1,-2,0
1514892955557648,-2,-3,-1,-1,0,1,-2,-1
1514892955580652,0,-1,0,-1,-1,2,-1,-4
1514892955580652,0,0,-1,-1,-1,-2,-2,0
1514892955581652,0,-3,-2,0,-1,-3,1,-3
1514892955581652,0,0,-1,-1,-3,1,-1,-1
1514892955592667,-2,0,-3,-1,-2,-1,-2,0
1514892955592667,-2,-2,-2,-2,0,-1,0,-1
1514892955601176,-1,-2,1,-1,-2,-1,0,-1
1514892955601176,-2,-1,-1,-1,-2,-2,0,1
1514892955616190,0,-2,-1,-1,0,0,-1,-1
1514892955616190,-1,-1,-1,-2,0,1,0,0
1514892955616677,-2,-1,-3,-1,1,0,-2,0
1514892955616677,-1,0,-2,0,-2,0,-2,0
1514892955646701,-1,1,0,-2,-2,-2,-1,-1
1514892955646701,-3,-3,0,-1,-1,1,-1,-2
1514892955647204,0,-3,0,-2,0,0,-2,0
1514892955647204,1,1,-2,0,0,-1,0,-1
1514892955652706,0,0,-1,-1,-1,-2,0,1
1514892955652706,-1,-1,-1,-1,-1,-3,-2,0
1514892955661265,-1,-2,1,-1,-1,-2,0,1
1514892955661265,1,-1,0,-2,0,-1,-1,0
1514892955676219,0,2,-1,-1,-2,-1,-1,-3
1514892955676219,-1,-3,-2,-2,-1,-2,-1,-2
1514892955676720,-1,-3,-2,0,0,-2,-2,-1
1514892955676720,0,1,-1,-1,-2,-2,0,-1
1514892955699236,1,0,-1,-1,-1,0,0,-1
1514892955699236,0,-3,2,0,-1,-1,-1,-1
1514892955700237,-2,-3,-2,0,-2,0,-1,-2
1514892955700237,-1,2,0,-1,-2,1,-1,-1
1514892955722261,-1,0,-4,0,-1,-2,-1,1
1514892955722261,0,-2,1,-1,0,-2,-1,-3
1514892955722756,0,-2,0,0,1,0,0,-1
1514892955722756,-2,0,-1,-1,0,-1,-2,-1
1514892955736295,0,-1,-2,-1,0,-2,-2,-1
1514892955736295,0,-2,-1,0,1,-2,-1,-2
1514892955736805,0,-4,-3,-1,-2,-1,0,1
1514892955736805,-2,-2,1,-1,0,0,-1,-2
1514892955759313,-3,1,0,0,1,-1,-1,-1
1514892955759313,-1,-1,-1,-2,-1,0,-2,-1
1514892955760823,0,-1,-1,-1,-3,-1,0,-1
1514892955760823,-2,0,-2,-3,0,-2,-1,-2
1514892955781828,-2,-1,0,-1,0,2,-2,-2
1514892955781828,-1,-1,-1,0,-1,-1,-1,-1
1514892955782332,0,-3,0,-1,-2,0,0,-2
1514892955782332,0,1,-1,-1,-2,-3,-2,-2
1514892955796502,1,2,0,-1,-3,-2,-1,-2
1514892955796502,-2,-2,-1,-1,-1,-2,0,0
1514892955796981,-1,-1,1,0,-2,-1,0,0
1514892955796981,0,0,0,-1,-3,-2,-1,-1
1514892955819527,-1,0,-1,-1,-2,-2,-2,-2
1514892955819527,0,-2,-2,-1,-2,1,-1,0
1514892955820498,-1,-3,-2,0,2,-2,0,0
1514892955820498,-2,0,0,-1,0,-2,-1,-1
1514892955842013,-1,0,-2,-1,0,-3,-1,-1
1514892955842013,0,-2,0,1,-2,-1,-2,-2
1514892955843514,-1,-1,0,-3,0,-2,-2,-2
1514892955843514,0,0,-3,0,-1,0,0,0
1514892955856023,-2,-1,-2,-1,-2,0,-2,-1
1514892955856023,-2,-2,0,-1,-2,-1,0,-2
1514892955857024,-4,-3,-1,-1,-1,-2,-1,-2
1514892955857024,-2,-2,-1,-1,0,-1,-2,1
1514892955879040,-1,1,-3,-1,-1,0,-2,-1
1514892955879040,-2,0,-2,-1,-2,1,-3,0
1514892955880042,-1,-1,-1,0,-3,0,0,-2
1514892955880042,-2,1,-1,-1,-2,0,-1,-2
1514892955901567,-1,-1,0,-3,-3,-1,0,-1
1514892955901567,0,-3,-1,0,-1,-1,-2,-1
1514892955902566,0,-1,-2,-2,-2,0,0,-1
1514892955902566,-1,0,-1,-2,-1,0,0,-1
1514892955924081,0,-1,-1,-1,0,-3,-1,-2
1514892955924081,-2,-4,-1,-2,0,-3,1,-1
1514892955925073,0,-3,-1,-2,0,0,-1,-2
1514892955925073,1,-1,0,-1,1,-2,-1,0
1514892955939095,-2,0,-4,-2,-1,-1,-1,0
1514892955939095,-1,-1,1,2,-2,0,-1,-1
1514892955940084,-2,-3,-1,0,0,0,-2,-2
1514892955940084,-1,-1,-3,-1,-2,-3,0,-2
1514892955962102,-1,1,0,-2,1,-2,-1,1
1514892955962102,-1,-2,-2,-1,-1,-1,-1,0
1514892955962603,-2,-2,-1,-2,-1,-2,0,0
1514892955962603,-3,1,0,0,-1,1,-2,0
1514892955976108,0,-1,-1,-2,-3,-1,-1,0
1514892955976108,-2,-2,-1,-2,-2,-3,0,-1
1514892955976609,-1,-1,0,-2,-1,-1,0,-1
1514892955976609,1,-1,-1,-1,-2,0,-3,0
1514892955999630,-2,-1,-3,-2,-1,0,-2,-3
1514892955999630,-2,-1,-1,0,0,-1,-3,-1
1514892956000626,-1,-1,-1,0,1,-1,-1,-1
1514892956000626,0,1,-2,0,-1,-2,1,-1
1514892956022144,-2,0,-1,0,0,1,-1,-2
1514892956022144,-2,-2,-2,-1,-1,-1,-1,-3
1514892956022644,-2,0,-2,-1,-1,-1,-1,0
1514892956022644,-1,0,0,-2,-1,-1,-1,-1
1514892956036153,0,-2,-1,-1,-3,-2,-1,-1
1514892956036153,-1,-2,0,-1,0,-2,-1,0
1514892956036651,-2,-2,0,0,-2,0,0,-1
1514892956036651,-2,0,-2,-2,-1,0,-2,-2
1514892956059168,1,0,-1,-1,-2,-2,0,1
1514892956059168,2,-3,-1,-2,0,0,0,-1
1514892956060169,1,-3,-1,1,-1,-2,-2,-1
1514892956060169,-1,0,-2,-1,-1,-2,-1,-1
1514892956082183,-2,-1,1,0,-1,-1,-2,0
1514892956082183,-1,-2,-3,-2,1,-1,-2,-1
1514892956082685,-2,-2,3,-1,-1,-1,-1,-1
1514892956082685,-1,-1,-2,0,-2,-3,0,-1
1514892956096195,-3,2,0,-1,-1,-2,2,-1
1514892956096195,-1,-1,-1,0,-2,-1,0,-1
1514892956098200,-1,-2,-2,-1,-3,1,-1,-2
1514892956098200,0,-2,-2,-2,-1,-1,-3,2
1514892956119209,2,0,-3,-2,-1,1,-2,-3
1514892956119209,-1,0,-2,-2,-2,-1,0,0
1514892956120210,1,0,-2,0,0,-2,-1,0
1514892956120210,0,1,1,-2,-2,0,-2,-1
1514892956141725,1,-1,-1,0,0,-2,0,-1
1514892956141725,-1,-2,1,-2,0,-2,-2,-1
1514892956143227,-1,-2,-2,-1,-1,1,-2,-3
1514892956143227,0,-2,0,-2,0,1,0,-1
1514892956164744,1,-1,0,-2,-1,-3,-3,0
1514892956164744,-2,-3,-4,-1,0,-1,0,0
1514892956165242,0,0,1,0,-1,-2,-1,-1
1514892956165242,0,2,2,0,-3,0,-1,-2
1514892956179253,-2,-2,-1,-1,0,1,-3,-1
1514892956179253,-2,-2,-2,-2,-1,-1,-1,1
1514892956180253,0,-2,-2,-1,0,0,-1,0
1514892956180253,-2,1,-3,-2,-1,-1,0,-3
1514892956202274,1,-1,1,-1,-3,0,-1,-1
1514892956202274,-1,-3,0,0,-2,-1,-1,-2
1514892956208773,-1,-3,-1,-2,0,0,0,-1
1514892956208773,-1,1,-1,-2,0,-2,-1,-3
1514892956231794,-1,0,-1,-2,-1,-1,1,-1
1514892956231794,-1,-2,0,-1,-1,0,-2,-3
1514892956232791,0,-1,0,-1,-1,-2,-1,-1
1514892956232791,-2,-2,-1,0,1,0,-2,0
1514892956239294,-1,-1,0,-1,0,-2,-2,-3
1514892956239294,0,-1,1,-1,-2,0,-2,0
1514892956240294,-4,-1,-2,-1,0,0,-1,0
1514892956240294,0,0,-2,-1,-2,-2,-1,-1
1514892956261810,-1,-1,-4,-1,-2,0,-2,-1
1514892956261810,-1,-1,-2,-1,0,0,0,-1
1514892956262317,-2,-2,-2,0,-2,0,-1,-1
1514892956262317,-1,0,-1,-2,-1,-3,0,-1
1514892956276320,-2,-1,1,-1,-2,-1,0,-1
1514892956276320,1,0,-1,0,0,-2,0,-1
1514892956276820,-2,-1,-1,1,-2,-2,-2,0
1514892956276820,-1,-2,-3,-2,-1,0,-1,-2
1514892956299837,-1,-1,-1,-1,-1,0,-1,0
1514892956299837,-2,-2,-2,0,-1,-1,-1,0
1514892956300338,-1,-2,-1,0,-1,-1,-2,-1
1514892956300338,0,-1,0,0,0,0,0,0
1514892956321853,1,-1,-1,-2,-1,-2,-3,-1
1514892956321853,0,0,-1,-2,0,1,-1,-1
1514892956322353,-1,0,1,-2,-1,-1,1,0
1514892956322353,0,1,0,-1,-3,-1,-1,-1
1514892956335363,-1,-2,-2,-1,-2,0,-1,0
1514892956335363,-1,-3,-1,0,-1,-2,-1,-2
1514892956343370,1,-3,-1,-1,1,-3,0,-3
1514892956343370,-2,0,1,0,-2,-1,1,1
1514892956359879,-2,0,-2,-1,-3,-2,0,-1
1514892956359879,-1,-1,-1,-1,-2,-2,0,-1
1514892956361380,-2,-2,-3,-1,-1,-1,-1,-1
1514892956361380,-1,-2,-2,-1,-2,0,-1,-1
1514892956382395,-3,0,0,-1,-1,-3,-1,-2
1514892956382395,-1,-1,-1,0,-2,-2,-2,-2
1514892956382395,-1,0,-1,-2,-1,-3,0,-1
1514892956382395,-2,0,0,-2,1,-1,-2,-1
1514892956395404,-2,-2,0,-3,0,0,-1,-2
1514892956395404,-1,-1,-1,-1,-1,0,-1,-2
1514892956403411,1,-1,0,0,-2,1,-1,-3
1514892956403411,0,0,-1,-2,-1,0,0,0
1514892956419423,0,-1,-4,-2,0,-1,-1,-1
1514892956419423,-2,-2,0,-1,-2,-1,0,0
1514892956421923,-1,-2,-1,-2,0,-1,-1,-1
1514892956421923,0,0,-2,1,1,-2,-1,0
1514892956441937,-1,-1,-1,-1,-2,-1,-1,0
1514892956441937,0,-1,-1,-2,-1,0,-1,0
1514892956443439,-2,-2,-1,-1,-1,1,-2,0
1514892956443439,-2,-1,-10,-4,-2,0,-2,-2
1514892956455446,-1,0,-4,-2,-2,1,-1,0
1514892956455446,0,-1,21,5,0,-2,-2,-2
1514892956464454,-2,-1,1,-1,-1,-2,0,-1
1514892956464454,0,1,-30,4,0,-1,-1,-1
1514892956479968,-2,-5,15,-10,-5,-1,-1,-1
1514892956479968,-1,1,-9,-3,-1,-2,1,-1
1514892956481466,-2,-9,14,5,0,-4,-3,-1
1514892956481466,0,0,-7,-12,1,0,1,-1
1514892956508984,-4,-1,-10,30,2,0,-2,-2
1514892956508984,0,-2,7,-1,0,0,0,-1
1514892956511986,2,9,-1,-20,-5,-3,-2,-1
1514892956511986,-1,-2,16,5,0,0,-1,-1
1514892956515989,-2,-3,-41,-14,1,-1,-2,0
1514892956515989,1,-6,-3,5,-1,-2,-2,-1
1514892956524495,-3,-3,-3,8,7,2,1,0
1514892956524495,1,1,18,2,-4,-2,-4,-2
1514892956539039,3,3,7,-3,1,-2,-1,-2
1514892956539039,-4,-4,-9,0,-1,-2,-2,-3
1514892956541029,2,0,-6,8,4,-1,0,1
1514892956541029,0,1,-2,-3,-1,-1,-1,-1
1514892956561567,-1,-4,5,-11,-4,-1,1,-1
1514892956561567,0,3,-28,-5,-3,-1,-3,0
1514892956564047,0,3,6,1,-4,-1,-2,-2
1514892956564047,-1,1,-4,8,-7,-3,0,0
1514892956575568,0,-7,0,-6,6,1,-3,-2
1514892956575568,-3,5,4,-3,-2,-1,0,-1
1514892956584558,-1,4,58,15,-4,-3,-4,-3
1514892956584558,-2,-4,-67,9,0,-2,-1,0
1514892956599579,-3,-3,55,-19,2,0,0,-1
1514892956599579,-5,-7,-28,-5,4,1,0,-2
1514892956601080,0,3,-11,-27,-3,1,1,0
1514892956601080,-3,-3,5,-5,-9,-5,-3,-3
1514892956621586,-4,-8,0,1,-1,-2,0,-2
1514892956621586,-3,-7,34,25,2,-2,0,-2
1514892956623087,5,8,11,-8,-3,-1,0,0
1514892956623087,0,2,9,2,6,0,1,0
1514892956644110,-1,-2,-44,-1,-4,-4,-2,-1
1514892956644110,4,3,34,3,-3,-2,-1,0
1514892956646105,-4,-6,-6,-5,-4,-2,-1,-2
1514892956646105,-1,0,27,4,3,1,-2,-1
1514892956659113,3,2,-31,-2,-3,0,-1,0
1514892956659113,-2,-4,-62,-20,-4,-2,-1,0
1514892956661615,-2,-2,47,17,-2,-3,-2,-3
1514892956661615,2,-1,-4,-12,2,1,0,0
1514892956681644,1,4,18,9,-3,-3,-1,2
1514892956681644,-2,-9,-18,-5,-2,1,0,0
1514892956683130,-1,5,-21,-15,2,2,2,0
1514892956683130,-2,-2,-8,6,0,0,-1,-1
1514892956704144,0,17,-4,8,1,1,-1,-2
1514892956704144,-4,-24,0,-1,2,-3,-4,-2
1514892956705646,-1,0,-34,-8,-1,-1,-2,-3
1514892956705646,3,3,32,0,-4,-2,-1,0
1514892956719155,1,6,-3,9,5,5,4,2
1514892956719155,-1,4,16,-14,-3,-4,-2,-1
1514892956721657,2,0,0,0,-1,-2,-1,0
1514892956721657,-2,-5,-13,-11,-3,-2,0,-2
1514892956741670,-1,-5,9,11,-4,-2,-1,-3
1514892956741670,3,10,30,20,9,4,0,1
1514892956743672,-5,-13,-45,-30,-5,-1,-1,-3
1514892956743672,-3,-1,24,-4,0,-2,-3,-1
1514892956764687,0,-2,-17,-3,-4,-2,1,0
1514892956764687,-3,-9,-5,-4,-6,-2,0,-2
1514892956772191,-3,-1,-26,11,-1,-3,-1,0
1514892956772191,-1,3,10,3,-2,-2,-1,-1
1514892956779196,-2,-1,-27,-7,-2,0,-2,-1
1514892956779196,-1,2,26,0,-5,-3,-1,-2
1514892956785701,-2,-2,-12,8,3,0,1,0
1514892956785701,-2,-2,-14,2,-3,-2,-2,-3
1514892956802222,0,-2,29,5,-1,-4,-2,-3
1514892956802222,-2,-2,-41,-1,0,2,1,1
1514892956803724,1,-5,-26,3,0,0,-1,-1
1514892956803724,-2,-5,35,5,-2,-1,0,-2
1514892956831735,0,-1,19,-2,2,-3,-2,-1
1514892956831735,1,-2,-4,-9,-3,-2,-1,0
1514892956833245,1,6,9,18,3,-2,-2,-3
1514892956833245,-1,0,-18,2,-2,-2,-3,-2
1514892956838748,-1,-5,-9,-30,2,1,1,1
1514892956838748,-3,-3,9,-6,-5,-2,-2,-3
1514892956845258,-1,-1,29,5,1,3,1,1
1514892956845258,-2,9,38,14,-1,-1,0,0
1514892956862265,-4,-6,-59,-11,-1,-1,-1,0
1514892956862265,-1,-1,31,-1,-3,-1,-1,-1
1514892956863757,2,1,3,-2,3,-1,-1,0
1514892956863757,-3,-12,-28,-3,-3,-1,-3,-3
1514892956884283,-2,0,51,9,0,1,-2,-3
1514892956884283,-3,-7,-48,0,2,0,-2,1
1514892956885781,-5,-7,-10,2,-4,-1,-2,1
1514892956885781,5,9,-26,-37,3,1,2,2
1514892956898281,-3,-3,-20,11,-10,-4,-4,-2
1514892956898281,-6,-3,9,-1,3,-1,1,-2
1514892956905298,-1,0,-5,-8,-3,-2,0,-2
1514892956905298,-3,-3,1,8,-1,-2,-1,-1
1514892956922807,0,-4,-2,-8,0,-2,-2,-1
1514892956922807,2,6,-3,4,-4,-1,-1,-4
1514892956924299,-6,-12,-22,1,-4,-1,-2,-3
1514892956924299,-1,2,-1,0,-1,-1,-1,-1
1514892956944323,4,-4,-28,-20,-1,-1,-1,-3
1514892956944323,-2,1,18,28,0,-3,-1,-2
1514892956945814,-3,2,17,-17,-1,0,-2,-1
1514892956945814,0,3,-58,-32,-7,0,-1,2
1514892956958335,-3,-9,-33,23,0,-3,-3,-1
1514892956958335,4,2,30,-24,-2,2,2,3
1514892956965393,0,6,38,15,-2,-2,0,-2
1514892956965393,-4,1,11,5,0,-2,-2,-3
1514892956981895,0,0,1,-11,0,1,1,1
1514892956981895,-3,-3,-5,17,3,-1,-3,-3
1514892956983406,2,3,-26,-8,-3,0,-1,1
1514892956983406,0,1,22,13,-1,-2,-3,-1
1514892957003920,-3,-1,42,10,0,-3,-2,-2
1514892957003920,4,1,-5,-12,-2,-1,0,0
1514892957005921,1,3,18,-6,-2,0,0,0
1514892957005921,2,4,-5,-8,2,-1,-1,0
1514892957018436,1,1,18,8,1,0,-1,-3
1514892957018436,1,0,25,10,1,1,0,2
1514892957032941,-3,-5,12,0,-2,-2,0,0
1514892957032941,-2,-4,-51,-4,3,-1,-1,-3
1514892957041940,-2,4,34,25,-6,-3,-3,-3
1514892957041940,2,4,-23,-27,-1,0,-1,1
1514892957043450,0,-3,-30,1,0,0,0,0
1514892957043450,2,3,31,13,-2,1,0,-1
1514892957064454,-5,-8,-91,-42,-6,-1,0,0
1514892957064454,2,0,31,13,2,-2,-2,-1
1514892957066454,-1,0,2,12,-2,-4,-2,-6
1514892957066454,-7,-4,13,10,1,0,0,-1
1514892957078475,1,2,59,8,4,2,2,0
1514892957078475,0,4,-21,-24,-4,-1,-1,-1
1514892957085477,-1,3,11,-7,-3,-1,-2,-1
1514892957085477,-1,-7,-10,-11,-2,-2,-1,-1
1514892957101479,-2,-2,33,10,3,-1,0,-2
1514892957101479,-3,-8,13,-8,-6,0,-2,0
1514892957103490,-2,-2,1,1,1,-1,-1,0
1514892957103490,-2,0,-8,-3,-5,-4,-5,-3
1514892957125005,-4,-4,8,7,-1,0,-1,-1
1514892957125005,-5,-5,12,15,0,-1,0,-3
1514892957127507,4,8,-41,-12,-3,-1,-2,0
1514892957127507,-2,-6,-3,-11,-2,-1,1,0
1514892957138005,4,3,36,-11,2,-1,2,3
1514892957138005,-6,-9,-9,28,-1,-3,-1,-3
1514892957147011,0,-6,-28,-4,1,1,-1,2
1514892957147011,2,12,64,9,1,1,-2,-3
1514892957161532,-3,-8,-36,11,-3,-2,-2,-3
1514892957161532,2,-1,-54,-48,-2,2,0,-1
1514892957168036,-5,-7,32,4,-3,-3,-1,-1
1514892957168036,-3,-4,-39,-9,-3,-3,0,1
1514892957184547,1,11,-3,0,0,-1,0,4
1514892957184547,0,-3,-4,12,2,-2,-1,-3
1514892957186048,-1,-5,-6,26,0,-2,-2,-3
1514892957186048,1,9,17,-22,-2,0,0,6
1514892957198048,-1,-10,-28,21,-4,-1,-2,-11
1514892957198048,1,5,-8,-32,-5,-2,-1,-1
1514892957207070,4,8,87,5,2,3,1,0
1514892957207070,2,-12,-84,-18,-4,-2,-1,-3
1514892957221573,2,2,77,36,1,0,0,3
1514892957221573,-4,-6,-25,-32,-4,0,-3,0
1514892957223565,-4,0,2,-9,-1,-1,0,-7
1514892957223565,0,-6,-30,-12,-1,1,1,-3
1514892957244091,-1,-2,-15,2,-3,-1,0,1
1514892957244091,4,-3,9,11,1,1,0,-1
1514892957246585,-2,8,-3,-4,3,-1,-1,1
1514892957246585,18,1,12,-15,-1,-3,-2,0
1514892957258105,-17,-5,2,10,-2,-3,-6,-13
1514892957258105,3,3,5,-11,-1,-1,2,28
1514892957267111,4,1,-20,-14,-2,-1,-5,-46
1514892957267111,3,0,26,28,2,-1,-2,-3
1514892957282617,-1,-10,6,13,4,-2,-2,-3
1514892957282617,-2,-2,-33,-10,-7,-3,-2,-12
1514892957284118,-5,-1,-39,13,-2,-1,-2,10
1514892957284118,-4,10,-18,-4,4,1,0,2
1514892957311637,9,-3,-8,-35,0,5,0,8
1514892957311637,-10,-9,6,59,-1,-5,-4,-18
1514892957313629,-19,6,-23,5,0,-1,-2,-1
1514892957313629,-4,0,5,8,4,1,1,4
1514892957317641,6,8,1,-6,-7,-4,0,7
1514892957317641,7,0,-6,-7,3,3,0,5
1514892957344661,2,-12,-66,1,-6,-6,-2,3
1514892957344661,-11,-8,-4,-4,-2,0,0,-6
1514892957346652,9,-7,-36,-8,1,0,2,1
1514892957346652,-13,0,45,-2,0,-2,-2,-5
1514892957355174,0,5,23,-8,0,-2,-2,-1
1514892957355174,5,8,45,7,0,-2,2,37
1514892957364664,3,0,-45,-21,-2,0,-2,-34
1514892957364664,-5,-16,-16,-15,-1,1,0,-8
1514892957365675,-2,11,64,4,-4,-3,-3,8
1514892957365675,4,1,21,12,0,3,2,-1
1514892957377684,-4,0,-1,3,4,-4,-2,5
1514892957377684,3,3,20,34,1,-1,1,1
1514892957387190,-12,-32,-54,-49,-1,-3,-1,1
1514892957387190,-7,-10,-56,-7,-7,-3,-3,-13
1514892957401701,-3,3,18,-21,-8,-1,1,10
1514892957401701,-6,-8,-41,26,0,-5,-4,-8
1514892957403202,0,-14,-21,28,3,4,1,11
1514892957403202,-9,-7,20,11,0,1,-2,-11
1514892957424216,-6,-8,55,13,2,1,0,3
1514892957424216,4,-4,-47,-59,-8,-3,0,13
1514892957425711,9,28,-25,-21,3,3,2,-6
1514892957425711,-28,-2,80,45,-5,-5,-8,-13
1514892957437726,3,17,41,3,-3,0,1,1
1514892957437726,-4,-6,24,4,5,1,1,-1
1514892957446724,6,8,12,-10,0,3,1,7
1514892957446724,8,-4,13,-13,-8,-6,-3,-6
1514892957461733,-15,-1,-36,-29,-2,-2,0,-1
1514892957461733,-1,2,24,19,0,-4,1,21
1514892957463241,9,-3,2,-14,-10,-6,-6,-45
1514892957463241,-4,6,-13,10,4,3,0,-3
1514892957484261,16,-7,22,-9,-6,-4,0,-5
1514892957484261,10,11,-19,-41,-2,-1,-4,6
1514892957485760,-9,10,65,39,4,1,0,11
1514892957485760,10,15,-15,-17,-1,-1,-2,-1
1514892957498259,-6,-10,-69,-26,4,3,2,-5
1514892957498259,-9,-15,-14,3,-6,-3,-3,-11
1514892957514289,8,-11,-38,-10,-3,0,0,11
1514892957514289,-1,0,26,4,-8,-4,-3,-2
1514892957521776,-3,-14,-54,33,8,4,0,14
1514892957521776,6,-5,23,-59,-4,0,2,-1
1514892957523288,-8,12,21,-16,-4,-3,1,4
1514892957523288,3,4,-84,-54,0,4,4,-1
1514892957544291,-9,-11,11,-5,-2,-1,-5,-4
1514892957544291,2,16,72,65,8,0,1,-4
1514892957545805,-2,-35,-68,-6,-2,-3,-1,0
1514892957545805,9,36,68,-23,-2,0,2,2
1514892957574814,0,-9,-22,-18,-5,-6,-2,-4
1514892957574814,11,30,79,33,3,2,2,27
1514892957578316,-3,-5,-27,13,-4,-3,0,4
1514892957578316,6,-10,-40,70,10,0,-1,1
1514892957581819,-16,10,44,-52,-6,1,2,-8
1514892957581819,-6,-17,-74,43,2,-2,-4,-5
1514892957583320,6,16,32,-14,6,4,3,8
1514892957583320,-3,-16,35,58,1,2,0,-2
1514892957604344,4,-2,-33,-80,-5,-2,-2,8
1514892957604344,-9,-14,-54,26,-1,1,0,-15
1514892957605845,5,1,125,36,-4,-1,0,2
1514892957605845,0,13,-56,-30,3,3,3,-2
1514892957626362,3,4,-3,20,-3,-2,-5,1
1514892957626362,-3,-3,-80,-49,6,3,3,-5
1514892957628363,-3,-11,13,84,0,-5,-4,-4
1514892957628363,-4,-20,87,-35,2,-1,1,3
1514892957640875,2,2,-6,56,3,-1,-2,1
1514892957640875,6,57,57,-36,-5,-3,-3,-8
1514892957647870,-1,-17,28,-39,-11,-6,-4,0
1514892957647870,-2,-12,-116,-33,11,5,1,0
1514892957664412,-6,21,80,11,-15,-8,-7,-5
1514892957664412,-10,-61,-77,17,4,-3,-1,-10
1514892957665895,2,29,18,-30,-8,-2,-3,1
1514892957665895,-8,-22,-9,26,-7,-6,-4,-4
1514892957686392,5,14,34,24,13,1,1,0
1514892957686392,11,30,50,6,-4,0,2,0
1514892957702413,-10,-2,19,85,-6,-7,-6,-6
1514892957702413,-1,-24,85,-8,-1,-2,-4,-2
1514892957702905,0,-18,-62,-4,1,0,0,2
1514892957702905,-3,-9,-45,-40,-10,-3,0,-3
1514892957704915,-5,-17,40,15,5,5,0,0
1514892957704915,0,44,60,1,4,-2,-6,-4
1514892957724419,-3,7,21,-32,-11,-6,0,-2
1514892957724419,-4,-9,30,-66,-14,-5,-5,-5
1514892957725920,-4,-36,-88,-2,25,6,1,1
1514892957725920,5,18,-20,-15,-23,-4,0,1
1514892957748436,6,8,51,24,8,3,-1,2
1514892957748436,-3,16,55,-44,-16,2,2,-1
1514892957750438,-1,-12,53,-1,-18,-6,-4,-4
1514892957750438,5,23,-128,-67,29,11,7,5
1514892957760945,0,15,70,37,-7,-4,-2,0
1514892957760945,-4,-72,-3,16,29,10,3,2
1514892957767949,0,2,-76,-95,-11,-1,-1,0
1514892957767949,-2,13,53,-23,-19,-8,-4,-5
1514892957783960,1,-5,78,78,-4,-7,-3,-4
1514892957783960,-10,-24,-107,-29,2,-6,-4,-5
1514892957790465,2,28,-19,-80,2,-2,-3,-1
1514892957790465,-16,-38,-92,52,-24,-10,-7,-8
1514892957806486,12,39,-63,-76,17,12,8,9
1514892957806486,-10,23,103,86,-21,-16,-11,-12
1514892957808488,4,13,19,16,-20,-3,2,6
1514892957808488,-1,-36,-56,9,30,1,-2,-2
1514892957821488,7,8,-23,20,-17,1,1,4
1514892957821488,-24,-11,52,88,-42,-19,-13,-16
1514892957827992,12,35,15,-16,60,14,5,3
1514892957827992,-4,13,19,8,-32,-7,-2,-3
1514892957844003,-9,-28,-99,-20,39,11,4,0
1514892957844003,1,1,85,0,-23,-12,-8,11
1514892957850508,-11,21,-101,-40,-18,-12,-7,-34
1514892957850508,-8,-29,-22,38,-6,-7,-5,-3
1514892957866532,-6,-67,-128,6,-15,0,1,-1
1514892957866532,15,-34,-62,-57,71,26,13,5
1514892957868531,3,41,69,-54,-39,-8,-2,6
1514892957868531,10,49,-5,3,8,-4,-1,-4
1514892957881042,-1,2,-121,51,-6,5,3,2
1514892957881042,-11,-41,-45,-89,-75,-22,-12,-7
1514892957888043,10,19,-57,118,68,19,11,15
1514892957888043,6,15,96,-4,-5,2,3,2
1514892957904055,4,-8,-20,-66,17,9,5,7
1514892957904055,-2,-18,-66,-15,-7,-3,2,-3
1514892957905547,-11,-32,-4,70,33,5,-3,-2
1514892957905547,11,64,-41,-79,-61,-14,-7,-2
1514892957926562,-5,-37,34,43,9,-6,-4,-5
1514892957926562,16,35,55,-17,28,18,11,12
1514892957928570,-18,-37,28,-82,-29,-9,-8,-10
1514892957928570,13,38,-3,78,11,13,10,14
1514892957941586,4,0,62,-46,-30,-8,-4,0
1514892957941586,6,45,46,-2,49,5,0,-5
1514892957947587,-9,-56,32,8,-25,-8,-4,14
1514892957947587,14,19,113,-66,-53,-14,-3,-13
1514892957964099,-12,-26,-53,53,104,26,8,4
1514892957964099,6,26,-16,16,-1,2,2,1
1514892957965590,9,22,52,11,12,5,3,1
1514892957965590,-17,-33,37,-10,-45,-11,-6,5
1514892957986617,-4,-2,3,40,15,-8,-6,-8
1514892957986617,1,-14,-104,-31,-2,0,1,8
1514892957988116,-5,-27,-22,48,-22,-2,-1,-15
1514892957988116,6,31,-106,-4,42,5,-2,4
1514892958001124,-10,-56,119,64,6,-7,-4,-8
1514892958001124,3,34,-8,34,-7,4,4,1
1514892958007628,24,59,16,11,37,17,11,15
1514892958007628,-10,8,24,-69,-8,1,-1,-3
1514892958024140,-10,-29,58,-65,-49,-13,-6,-9
1514892958024140,-20,-91,48,93,-5,-13,-10,-11
1514892958025631,2,5,-66,-47,-24,-6,-1,6
1514892958025631,-16,-95,-60,-2,2,2,-1,-1
1514892958046668,9,50,-7,-12,32,1,-1,3
1514892958046668,-4,33,112,37,5,2,0,5
1514892958048151,5,37,-39,-103,-56,-3,-1,-2
1514892958048151,-30,-117,-68,49,67,11,2,5
1514892958061167,11,90,39,59,-32,-9,-4,-5
1514892958061167,-3,-7,-59,-76,-27,-1,2,-6
1514892958067672,8,20,42,44,34,1,-4,5
1514892958067672,9,-6,-57,39,19,8,6,5
1514892958084187,18,73,-30,-89,-27,-1,1,4
1514892958084187,-5,11,83,97,-7,-10,-7,-9
1514892958085684,-5,-28,31,29,-1,-8,-4,10
1514892958085684,-18,-46,-12,-50,-45,-18,-13,-34
1514892958114200,-12,-58,65,-56,-18,-2,-4,-2
1514892958114200,10,47,-9,76,74,14,1,-5
1514892958115696,-11,-86,-58,48,9,-1,-1,-4
1514892958115696,-10,-28,1,72,-7,-3,-4,-4
1514892958120209,5,0,27,-56,13,-4,-2,6
1514892958120209,6,22,-55,-94,-13,4,2,3
1514892958130207,-10,5,-62,101,28,7,2,-2
1514892958130207,15,84,106,60,18,-2,3,9
1514892958144227,2,31,0,-15,-25,-6,-2,2
1514892958144227,-8,-5,-61,-91,-47,-4,-1,-3
1514892958151731,-3,5,-5,20,25,3,1,-13
1514892958151731,-4,-51,-26,10,-2,-2,-3,14
1514892958175250,0,-26,-128,-42,-13,1,3,2
1514892958175250,3,-12,100,34,1,3,3,0
1514892958176748,10,95,14,-88,-28,-9,-6,7
1514892958176748,3,43,98,-67,-4,3,-1,-4
1514892958180242,1,22,55,37,-12,-5,-1,-6
1514892958180242,-10,-54,-41,26,26,3,1,-1
1514892958190260,4,19,40,-30,-18,-5,0,-4
1514892958190260,1,32,46,8,14,1,-1,0
1514892958212263,7,56,30,-5,6,4,0,-5
1514892958212263,-17,-65,-70,-80,-33,-20,-12,8
1514892958215779,-14,4,37,32,-19,-10,-7,-18
1514892958215779,9,19,-15,-19,43,13,3,1
1514892958226775,-22,-105,-109,-3,-53,-17,-9,-6
1514892958226775,9,19,51,84,40,11,3,1
1514892958228285,-2,-55,-6,-74,-37,-6,1,3
1514892958228285,-14,-39,19,63,8,-6,-5,14
1514892958240293,-7,9,-102,-53,-9,3,1,-40
1514892958240293,0,22,23,37,10,-3,-3,1
1514892958249300,-2,19,-89,-13,-4,-4,-5,-4
1514892958249300,7,-30,-83,-57,-3,6,3,-1
1514892958264801,4,28,109,83,-3,-11,-10,5
1514892958264801,-16,-46,-51,-76,-15,1,0,-8
1514892958266812,4,-16,-60,61,27,6,1,0
1514892958266812,-13,-51,-1,-13,-13,-8,-6,-9
1514892958286327,4,-5,24,68,48,13,7,11
1514892958286327,0,-45,-123,-28,-41,-15,-8,-11
1514892958288329,-2,-24,-7,-20,0,3,3,9
1514892958288329,-13,-6,-30,1,20,1,-2,-7
1514892958300836,-10,5,22,-33,-50,-13,-6,-6
1514892958300836,19,57,7,33,16,6,6,5
1514892958309342,-9,4,84,-22,28,8,2,0
1514892958309342,7,35,-63,25,-6,-5,-3,-5
1514892958324352,-15,-43,-70,-54,-21,-10,-8,-7
1514892958324352,9,46,37,8,43,12,6,9
1514892958333860,-1,-12,6,2,-22,-9,-5,-3
1514892958333860,36,91,60,-30,-4,3,2,7
1514892958346861,-12,-17,-40,40,18,-1,-1,1
1514892958346861,1,-21,17,-4,-15,-3,1,11
1514892958348360,11,-18,1,-35,-17,2,0,-4
1514892958348360,7,50,23,-16,-6,4,3,2
1514892958360368,-4,1,5,31,2,-2,-3,-1
1514892958360368,1,3,-85,11,15,5,2,2
1514892958369374,0,22,-2,-59,-28,-8,-1,-1
1514892958369374,-8,-7,-28,38,-4,-6,-4,-3
1514892958391900,-7,-18,-24,18,-5,-2,-1,2
1514892958391900,9,-16,-25,9,26,9,5,-3
1514892958393402,-5,-5,66,13,-10,-10,-7,-4
1514892958393402,-20,-44,-36,-71,-11,-8,-6,-11
1514892958406410,7,-3,-25,55,23,10,3,7
1514892958406410,0,5,19,-71,-36,-10,-6,-12
1514892958408412,12,9,-92,-17,11,7,5,14
1514892958408412,-10,-63,-9,32,5,-4,-4,-4
1514892958421412,0,17,-3,-26,-16,4,6,5
1514892958421412,-1,30,69,70,5,-8,-6,-6
1514892958429418,-1,17,-94,-87,-40,-11,-7,-6
1514892958429418,-6,-5,-3,78,13,-8,-8,-11
1514892958443442,2,3,103,16,2,1,2,5
1514892958443442,-8,-14,-17,-3,-17,-5,-3,-4
1514892958452434,-6,16,5,4,39,5,0,-4
1514892958452434,-3,7,35,-16,-5,1,2,0
1514892958466944,-6,-41,-41,-49,0,-4,-5,-4
1514892958466944,2,40,-13,30,10,2,0,1
1514892958468445,0,9,-28,50,5,1,0,0
1514892958468445,4,22,39,-4,-5,6,5,3
1514892958481456,12,37,29,-4,10,3,1,5
1514892958481456,-7,5,-20,-62,-18,0,0,-2
1514892958489472,-10,-14,90,15,7,-6,-3,-5
1514892958489472,0,1,-42,-18,-25,-2,-1,-2
1514892958503979,6,30,20,36,25,4,1,1
1514892958503979,-3,-4,76,35,9,-3,-2,-3
1514892958505470,-4,-28,-39,-33,-6,-1,-1,-3
1514892958505470,11,45,70,-40,-17,-5,-1,1
1514892958527487,3,-35,16,-22,-18,-2,-2,2
1514892958527487,2,56,-26,-48,-9,-4,-3,0
1514892958530989,1,8,-7,41,25,7,2,0
1514892958530989,-3,-73,-47,28,-9,-7,-3,-2
1514892958549003,1,28,-71,-78,-4,1,3,1
1514892958549003,2,-22,34,9,13,1,1,1
1514892958550504,7,10,-68,-60,1,5,5,7
1514892958550504,3,34,-31,-35,-20,-8,-4,-3
1514892958564514,5,27,72,53,10,1,0,1
1514892958564514,-13,-33,-50,23,17,6,0,-4
1514892958565513,-6,-26,9,10,-18,-5,-1,-2
1514892958565513,8,7,31,-88,7,7,1,4
1514892958594033,-4,-14,4,56,9,-5,-4,-6
1514892958594033,6,9,-76,-80,-14,1,2,4
1514892958597036,1,17,20,71,19,-2,-1,-2
1514892958597036,2,55,19,-51,4,7,5,2
1514892958609044,-12,-7,-34,-26,-33,-9,-4,-5
1514892958609044,4,19,43,82,22,4,2,2
1514892958610545,-2,-2,-13,27,-12,-5,-3,-5
1514892958610545,5,5,-54,-23,9,4,4,5
1514892958625056,5,5,56,8,3,3,3,0
1514892958625056,-8,-62,-25,4,-5,1,2,-1
1514892958628558,-2,24,-28,-15,-7,-6,-6,-5
1514892958628558,-7,-29,-66,71,20,5,2,-1
1514892958646570,11,16,-35,-83,-16,-3,0,2
1514892958646570,-13,-11,58,40,-6,-5,-3,-7
1514892958650073,7,6,-9,-53,-12,1,2,5
1514892958650073,7,6,42,-27,-4,-2,0,5
1514892958669099,-9,14,23,-18,-19,-8,-7,-14
1514892958669099,-1,-22,-46,-17,4,2,0,0
1514892958670588,1,-19,-53,-8,-7,-1,0,1
1514892958670588,-8,9,-6,-35,-6,-1,-2,-2
1514892958683597,-8,-52,-23,33,2,-5,-4,-4
1514892958683597,-2,34,23,27,2,-2,-1,-2
1514892958690119,-5,-45,122,40,-9,-7,-7,-5
1514892958690119,1,41,26,-4,6,-1,-2,-2
1514892958707116,-9,-70,-88,5,7,4,1,0
1514892958707116,3,-13,-39,-84,-13,-3,-2,0
1514892958708617,-10,5,103,14,-2,-5,-4,-8
1514892958708617,-3,2,66,56,-11,-5,-2,-3
1514892958729630,-2,-37,-54,-10,16,5,1,0
1514892958729630,7,47,66,-50,-13,0,1,4
1514892958731131,1,34,-55,-32,25,0,-3,-5
1514892958731131,-3,-67,-90,-1,4,3,2,2
1514892958743651,9,88,70,-24,-4,1,0,4
1514892958743651,-2,-19,-40,-56,-33,-5,-2,-2
1514892958751657,-1,-41,39,8,13,6,5,4
1514892958751657,-2,8,19,66,1,-2,-1,-6
1514892958766667,-4,-7,-63,10,14,1,1,2
1514892958766667,7,12,70,-14,-15,-6,-4,0
1514892958768169,5,35,-15,43,0,-1,1,1
1514892958768169,0,16,-12,10,9,4,1,2
1514892958789181,-5,-36,77,-16,-22,-7,-4,-2
1514892958789181,1,26,-63,33,10,2,-1,-2
1514892958790673,-7,-34,-73,-25,-18,-3,0,0
1514892958790673,-5,23,35,29,17,-5,-5,-6
1514892958803193,12,23,33,-36,5,6,4,4
1514892958803193,-9,-26,-24,10,-1,-1,-3,-3
1514892958811187,0,-1,23,-13,-23,-6,-4,0
1514892958811187,-9,-38,-39,-1,4,3,1,-2
1514892958826710,-9,23,-28,-71,-23,-7,-4,-3
1514892958826710,-8,-34,-7,72,22,0,-1,-4
1514892958828208,2,-5,-32,-34,-1,2,3,2
1514892958828208,3,1,49,37,-4,-6,-4,-1
1514892958849213,-7,-10,-10,-21,-6,-2,-1,-5
1514892958849213,-4,-21,-4,2,9,2,2,-1
1514892958850733,-6,-12,-5,20,7,-5,-5,-4
1514892958850733,4,42,-43,20,1,2,2,1
1514892958863725,0,-8,10,23,16,4,-1,0
1514892958863725,1,25,38,-22,-34,-7,-4,0
1514892958870238,-5,22,99,107,16,1,-1,-4
1514892958870238,-2,-33,-8,-59,-2,0,-1,0
1514892958886750,0,-24,-66,22,-5,-8,-4,-4
1514892958886750,-3,-1,27,-31,6,-3,-2,-3
1514892958888251,1,7,-61,-41,-12,-1,-1,0
1514892958888251,-8,-52,7,-30,-17,-8,-5,-4
1514892958909268,7,60,-9,46,20,5,1,3
1514892958909268,13,20,3,-25,-11,2,4,2
1514892958910771,-1,20,-6,42,16,3,0,-1
1514892958910771,-2,-30,-12,15,33,10,5,2
1514892958923266,-3,-41,0,22,5,-3,0,-2
1514892958923266,-1,-11,3,9,-4,-4,-4,-4
1514892958932274,1,30,30,7,7,4,2,3
1514892958932274,-3,11,-16,-2,-11,-6,-3,-3
1514892958946785,0,0,53,-16,-1,2,-1,2
1514892958946785,-8,-36,8,24,12,1,-1,-2
1514892958948283,-2,-43,-29,-25,-6,0,1,-1
1514892958948283,5,28,29,20,-2,-1,-2,-2
1514892958968808,-9,-49,20,2,-14,-4,-2,-1
1514892958968808,1,14,-56,-20,-11,-4,-2,-1
1514892958975313,-2,0,5,24,6,-3,-4,-2
1514892958975313,-7,-33,55,-23,-26,-9,-5,-5
1514892958983318,3,9,-39,20,16,3,1,-2
1514892958983318,5,12,-28,26,-11,-8,-2,0
1514892958990324,0,-46,-9,0,2,4,1,2
1514892958990324,0,8,-1,-48,1,1,-1,-1
1514892959006836,-10,-9,-13,5,-11,-3,-4,-4
1514892959006836,5,17,70,-40,-4,-1,-3,-1
1514892959008836,-13,7,73,36,-4,-7,-5,-6
1514892959008836,-6,-19,15,-44,-14,-5,-1,-2
1514892959028851,5,6,71,-34,-13,-3,2,2
1514892959028851,-3,0,-31,13,26,8,3,3
1514892959030843,6,-7,-1,-37,-22,-1,0,2
1514892959030843,3,-10,28,16,-4,-2,-3,-1
1514892959043361,-7,-11,-69,37,40,8,1,-2
1514892959043361,1,9,-34,9,-5,0,1,2
1514892959052868,2,30,-72,6,-4,0,-3,1
1514892959052868,0,-9,49,0,-3,1,-2,-1
1514892959066377,8,6,-9,-46,-5,0,1,-1
1514892959066377,-1,42,81,16,-10,-2,-2,-2
1514892959068368,-7,-47,-22,-4,-6,-7,-2,-4
1514892959068368,6,-21,-95,-41,-7,1,3,1
1514892959089394,-8,-2,87,76,-14,-4,-2,-3
1514892959089394,3,14,-9,4,9,0,0,1
1514892959090894,-13,-17,-71,-17,-3,-1,0,-5
1514892959090894,-2,-6,-44,-9,12,2,-2,1
1514892959102893,1,5,51,12,-12,-1,-2,-4
1514892959102893,-11,-43,43,-3,-11,-6,-3,-4
1514892959111900,7,24,10,-11,11,4,2,2
1514892959111900,-2,0,-10,45,4,-1,-1,-2
1514892959126425,-4,6,-37,10,7,-2,-2,-3
1514892959126425,7,10,-16,-27,-9,0,1,3
1514892959128412,5,17,-19,26,4,0,-1,-2
1514892959128412,1,16,38,20,12,1,0,-1
1514892959149425,-2,-1,23,-13,3,-1,-1,0
1514892959149425,1,11,19,11,-8,-1,0,0
1514892959152939,-4,-4,-11,-46,9,1,1,0
1514892959152939,-12,-12,-25,0,-5,0,-3,-5
1514892959162435,0,-31,-27,-6,-6,-2,-2,-1
1514892959162435,3,-13,-22,-2,23,6,2,3
1514892959171956,8,49,74,-39,-37,-6,-4,0
1514892959171956,1,-12,83,37,14,1,3,2
1514892959186464,-8,-32,12,-14,5,2,-1,-1
1514892959186464,-13,-13,-67,-14,-6,-3,-3,-7
1514892959187954,1,-12,6,18,8,0,-2,-1
1514892959187954,0,41,-2,-9,-14,-8,-5,-7
1514892959208978,3,9,-123,-68,-27,-4,-1,3
1514892959208978,-4,-23,0,22,4,0,0,-2
1514892959210469,1,1,28,-7,20,6,5,2
1514892959210469,7,28,-32,1,-22,-5,-3,0
1514892959231484,-8,-17,68,4,13,-3,-5,-6
1514892959231484,-5,3,1,25,-4,1,1,1
1514892959232994,5,4,-45,-21,-13,-6,-3,0
1514892959232994,-8,-19,-79,9,2,-1,0,-3
1514892959246495,-2,7,56,-10,-1,-3,-3,-4
1514892959246495,-2,28,-39,-34,-3,-3,-4,-1
1514892959248496,-4,-52,-26,30,2,-1,-1,0
1514892959248496,-5,-24,-22,6,4,4,1,0
1514892959269020,5,23,-27,26,2,-3,-2,-2
1514892959269020,4,33,42,15,14,3,2,-1
1514892959270511,-3,3,4,-101,-39,-6,-2,-2
1514892959270511,-2,-5,-37,96,31,5,2,1
1514892959283030,-9,-33,-38,4,7,-6,-5,-5
1514892959283030,11,-10,-11,-13,-7,1,1,5
1514892959291526,-13,-35,-21,-16,-9,-5,-4,-8
1514892959291526,5,24,15,-18,-16,-2,0,3
1514892959306549,3,28,15,4,3,-3,-2,-1
1514892959306549,-4,-25,-52,-1,6,0,-1,-1
1514892959308040,0,14,13,-23,-3,-4,-2,1
1514892959308040,-5,-15,25,38,3,0,1,1
1514892959329052,3,-10,-16,-36,-9,-1,1,0
1514892959329052,0,-45,-1,-17,-9,-3,-2,-1
1514892959331054,3,23,-29,49,10,2,-2,-2
1514892959331054,-5,46,10,-61,-16,-5,-3,-4
1514892959342562,6,9,19,32,-29,-6,-2,-1
1514892959342562,-3,0,-20,27,24,4,-1,0
1514892959351568,-11,-25,-16,27,2,1,2,-1
1514892959351568,-3,-51,-14,-57,-6,-3,-2,-3
1514892959366580,-5,5,18,-7,-22,-5,-3,-2
1514892959366580,0,15,1,-14,4,0,-2,1
1514892959368092,-2,10,-21,-46,3,0,-1,0
1514892959368092,3,31,-34,23,-10,-6,-5,-4
1514892959389595,2,2,-23,20,22,6,6,4
1514892959389595,4,52,27,-76,-15,2,3,2
1514892959391607,4,-3,92,51,23,5,-2,-1
1514892959391607,0,-14,-32,-85,-11,0,0,2
1514892959402606,-5,3,41,50,16,-2,-3,-6
1514892959402606,2,26,93,103,8,0,0,2
1514892959411612,-4,-43,-48,-22,-14,-5,-2,-2
1514892959411612,-3,-5,-20,5,-16,-6,-3,-5
1514892959426622,6,-10,-12,-30,-1,9,6,8
1514892959426622,-12,-6,76,36,4,-5,-4,-7
1514892959428135,-3,6,-11,-16,-1,1,1,0
1514892959428135,8,7,104,8,-6,-3,-1,1
1514892959449139,-9,-58,-56,57,17,5,1,-1
1514892959449139,-3,-41,-109,-27,-18,-9,-6,-7
1514892959450639,9,59,62,51,12,2,0,2
1514892959450639,-4,-40,-36,32,29,7,0,0
1514892959462647,6,84,66,-35,-10,-3,-1,0
1514892959462647,-6,-26,-37,-67,-23,-7,-4,-6
1514892959471653,-1,17,-37,65,12,-3,-4,-3
1514892959471653,-7,-27,-41,-2,11,-1,-1,-3
1514892959501675,2,19,53,-22,-10,-4,-3,-1
1514892959501675,1,-4,-63,-32,0,4,4,4
1514892959504186,2,52,83,16,-30,-10,-7,-4
1514892959504186,4,-5,-26,-5,-4,-1,-1,1
1514892959509190,-5,-22,-86,-25,8,1,1,0
1514892959509190,1,-1,-36,-27,1,-1,-2,-1
1514892959510691,-5,-1,26,28,10,1,-2,-2
1514892959510691,7,15,-21,-18,-16,-7,-2,-1
1514892959531715,-7,-36,28,29,-4,2,2,1
1514892959531715,-1,18,8,-44,-8,-5,-4,-4
1514892959533207,-7,-13,64,-22,-14,-8,-7,-4
1514892959533207,2,30,-17,30,24,9,6,1
1514892959546708,-11,-34,-112,-18,-5,-4,-3,-6
1514892959546708,-6,-40,-35,22,-9,-3,-2,0
1514892959548208,14,60,35,-59,0,2,2,4
1514892959548208,-1,-22,-21,8,-15,-2,2,0
1514892959569232,-5,-11,-64,-20,16,-2,-4,-5
1514892959569232,-1,-21,-11,22,6,0,1,5
1514892959570733,-9,-25,-121,-36,-14,-6,-5,-10
1514892959570733,12,-2,110,-67,-6,3,4,10
1514892959592239,-2,-6,-33,28,0,-4,-3,-4
1514892959592239,2,6,45,25,-2,1,0,-2
1514892959595744,-5,-43,-55,-19,1,1,2,1
1514892959595744,-10,29,102,31,-1,-5,-4,-7
1514892959605748,1,-38,25,43,-13,-1,-1,1
1514892959605748,4,32,10,41,50,9,2,2
1514892959612753,0,-2,78,18,4,2,0,1
1514892959612753,0,19,7,38,-5,-2,-3,-3
1514892959629265,1,33,39,-51,-4,-4,-2,0
1514892959629265,1,11,-75,-29,-15,0,0,1
1514892959631766,-22,-99,29,43,14,-5,-7,-8
1514892959631766,-6,-1,24,3,6,1,-3,-2
1514892959651780,15,33,0,-101,-18,0,1,4
1514892959651780,-8,-11,29,26,-9,-6,-5,-7
1514892959653281,19,32,-127,-45,-4,5,6,9
1514892959653281,-17,10,-56,-50,-4,-2,-2,-1
1514892959666291,4,26,113,60,-6,-4,1,1
1514892959666291,-3,-17,30,22,7,-4,-3,-1
1514892959672805,5,28,17,23,18,6,3,4
1514892959672805,0,-52,-31,24,0,3,0,-4
1514892959688819,8,12,-84,3,4,7,3,3
1514892959688819,6,45,67,42,18,-1,-2,-2
1514892959690820,1,-12,-67,-9,14,4,5,4
1514892959690820,8,43,-32,-64,-20,-9,-4,-1
1514892959719328,-17,0,96,45,18,4,-1,-4
1514892959719328,4,14,36,54,-10,-3,-5,-2
1514892959722831,-8,-26,-44,-89,-31,-8,-5,-6
1514892959722831,-3,1,62,55,16,-2,-4,-3
1514892959726833,-2,7,-34,-49,-4,0,2,-1
1514892959726833,-21,-73,-7,-36,-26,-8,-4,-9
1514892959732837,21,42,-14,27,6,3,3,8
1514892959732837,-3,-11,-4,23,8,4,0,1
1514892959749352,8,-12,-41,-34,-3,2,3,4
1514892959749352,-5,5,-31,-43,-6,0,2,-1
1514892959750860,15,75,108,41,-8,2,1,3
1514892959750860,4,-1,73,39,16,2,2,0
1514892959771365,-2,-44,-61,16,1,-4,-3,-1
1514892959771365,9,28,4,-28,7,6,3,6
1514892959777870,-18,-9,41,-21,-39,-9,-7,-11
1514892959777870,3,11,-44,-51,1,-5,-1,-1
1514892959785876,-3,0,69,9,-1,1,-1,-3
1514892959785876,4,12,37,17,-2,1,-1,1
1514892959792880,-9,12,70,8,-1,-6,-6,-6
1514892959792880,0,22,-85,-12,0,4,0,2
1514892959808891,-14,-62,12,34,-6,-5,-3,-8
1514892959808891,-6,-3,-17,-35,-41,-12,-6,-5
1514892959810893,-3,-37,-93,52,64,14,5,3
1514892959810893,3,1,99,-27,-15,-1,-3,-2
1514892959830908,12,36,3,-7,7,6,3,9
1514892959830908,-13,-43,-33,56,3,-2,-3,-7
1514892959839413,-12,-17,-45,0,-15,-10,-6,-7
1514892959839413,-8,-57,-76,-7,-1,-2,0,-2
1514892959853923,-3,-44,9,5,3,-1,1,3
1514892959853923,-1,3,-10,-29,-3,1,0,0
1514892959855927,0,4,-84,-65,0,1,-1,0
1514892959855927,-6,-28,30,6,-1,-2,-2,-5
1514892959868950,2,4,-31,-5,2,1,0,2
1514892959868950,2,13,-59,-60,-38,-8,-3,-2
1514892959870436,-3,-32,-8,36,39,4,-3,-5
1514892959870436,3,5,8,20,-3,1,3,4
1514892959891462,-8,-38,-70,-38,-10,-5,-6,-10
1514892959891462,-4,36,-5,-4,-16,-7,-4,1
1514892959892957,16,40,0,-20,-2,0,0,4
1514892959892957,-4,-17,-14,1,-5,-3,-3,-4
1514892959905970,1,31,117,40,9,-2,-3,-4
1514892959905970,10,27,-29,-25,7,1,1,2
1514892959920470,-16,-36,57,30,-6,-4,-3,-6
1514892959920470,0,28,56,11,0,0,-2,-3
1514892959928977,6,19,21,-20,-14,-6,-3,-1
1514892959928977,-8,-47,11,-12,4,0,-2,-4
1514892959930994,10,30,-20,-30,-19,-4,0,4
1514892959930994,7,13,-22,6,9,3,2,2
1514892959951493,1,26,23,5,11,5,5,1
1514892959951493,5,-10,105,32,2,0,1,3
1514892959952994,12,23,-74,-57,-3,5,5,8
1514892959952994,-7,-46,-21,27,-9,-6,-3,-4
1514892959966022,-11,10,-98,-35,-9,-7,-5,-7
1514892959966022,13,57,22,41,22,5,5,3
1514892959973007,4,47,71,5,-7,-3,0,0
1514892959973007,-5,-17,23,-21,-6,-1,-1,0
1514892959988018,6,2,16,11,5,-3,-3,-2
1514892959988018,-1,35,66,56,9,4,1,-5
1514892959997526,-8,-30,62,18,-19,-6,-4,-1
1514892959997526,-4,-19,-55,-15,18,8,1,1
1514892960012047,-9,-18,35,18,-17,-9,-6,-4
1514892960012047,-2,18,-56,-19,4,2,1,1
1514892960014053,3,-7,-6,22,4,-2,-3,-4
1514892960014053,-9,-25,-76,-36,-21,-9,-7,-7
1514892960026046,-3,3,-35,42,15,6,2,0
1514892960026046,1,-17,16,6,3,-1,-2,1
1514892960034051,-4,-36,33,-11,-8,0,1,-3
1514892960034051,7,20,-13,-23,-7,-4,1,1
1514892960049061,0,-6,-82,-14,1,5,3,4
1514892960049061,3,12,41,48,28,6,2,3
1514892960050562,-3,-33,-32,-20,-13,-7,-4,-1
1514892960050562,1,2,-23,20,12,5,3,2
1514892960071578,7,17,88,-42,-13,-3,-1,0
1514892960071578,-4,-35,60,29,16,1,1,-2
1514892960073078,9,33,87,-90,-21,1,2,4
1514892960073078,-8,4,58,95,24,-2,-5,-4
1514892960085087,-2,-21,54,-11,-9,0,-1,-2
1514892960085087,-5,-6,-97,-39,-9,0,-1,2
1514892960094094,-4,33,43,79,4,-3,-4,-5
1514892960094094,10,15,25,-66,-15,-5,1,2
1514892960116609,-5,-2,39,24,1,1,3,1
1514892960116609,8,-2,-9,-29,13,2,1,-3
1514892960119111,-4,-26,-66,-18,8,2,0,0
1514892960119111,4,12,9,-32,-18,1,2,2
1514892960131619,-5,22,4,125,37,-1,-3,-4
1514892960131619,-1,-25,-87,-34,-9,-5,-4,-3
1514892960133121,-7,37,59,18,3,0,-1,-1
1514892960133121,-6,-75,-98,-50,11,4,1,-1
1514892960145129,1,34,-17,-29,-10,-4,0,0
1514892960145129,-7,1,18,-15,-12,-6,-4,-3
1514892960154135,9,8,-22,24,6,-1,-1,0
1514892960154135,-1,29,52,34,-7,-2,-2,-2
1514892960169146,2,-7,-31,2,-4,-1,-1,-2
1514892960169146,-4,13,-66,-18,-1,0,-1,0
1514892960170647,-9,-45,-32,-19,-2,-3,-4,-5
1514892960170647,2,19,-16,1,-10,-4,-5,-3
1514892960191162,-7,-50,-24,-18,-15,-1,-1,-2
1514892960191162,5,11,10,17,21,7,1,2
1514892960197667,3,9,-8,5,4,-1,1,1
1514892960197667,-9,1,41,11,-8,-8,-5,-7
1514892960205172,-4,7,-53,-33,5,0,0,-1
1514892960205172,0,-8,40,29,-14,-6,-3,-2
1514892960214179,1,6,54,38,7,3,2,1
1514892960214179,-6,-40,-45,-67,-6,-2,-3,-6
1514892960229196,8,-6,-7,21,10,5,3,5
1514892960229196,-7,-13,85,-14,-17,-12,-7,-7
1514892960230691,-6,-20,-96,-30,-1,2,2,-2
1514892960230691,10,29,24,-18,-18,-3,2,5
1514892960251705,-13,-58,20,16,5,2,-3,-4
1514892960251705,-1,-12,-75,-48,-7,2,2,1
1514892960253206,-1,20,-72,25,9,0,-2,-2
1514892960253206,-12,-42,26,30,-2,-3,-3,-2
1514892960274230,10,18,-24,-40,-7,-1,3,0
1514892960274230,-5,5,49,36,1,-1,-1,-3
1514892960275731,3,26,58,-26,-10,1,1,1
1514892960275731,10,36,110,20,12,3,2,7
1514892960289231,0,-11,-62,-26,-7,-2,-2,-1
1514892960289231,0,11,15,20,3,4,3,4
1514892960290745,-10,-7,-69,0,1,-4,-4,-5
1514892960290745,-2,6,12,22,5,0,-1,-3
1514892960311755,0,21,-11,9,0,-5,-5,0
1514892960311755,-1,4,57,9,-9,-4,4,-2
1514892960313249,-2,-21,-37,-14,-4,2,2,-2
1514892960313249,-4,6,-28,-7,-1,-1,0,-1
1514892960325266,2,15,-32,-32,-5,-2,-12,-2
1514892960325266,4,-12,-120,-28,-2,-3,-1,1
1514892960334273,-3,4,88,7,-2,3,-2,-1
1514892960334273,-1,-6,-59,19,1,1,9,-5
1514892960349289,-9,-24,-11,-22,-5,-1,6,-1
1514892960349289,-3,-4,11,0,-1,-1,-6,-6
1514892960350774,2,-19,21,-3,-5,-5,-5,2
1514892960350774,0,14,-2,-7,-4,-3,-5,0
1514892960371789,-5,8,9,-6,-3,-2,-6,-1
1514892960371789,2,2,-30,-5,-1,-3,0,-2
1514892960373791,-4,-15,-3,27,-5,-5,-3,-2
1514892960373791,-3,2,9,18,-7,-7,-7,-3
1514892960393805,3,10,-28,-2,0,0,2,0
1514892960393805,1,0,43,20,1,2,-3,0
1514892960395807,1,-7,-4,-6,7,1,2,-1
1514892960395807,-4,-9,-14,-18,-3,2,-1,0
1514892960409316,-4,-5,75,42,-11,-8,-2,-4
1514892960409316,1,6,-20,-26,-1,1,1,0
1514892960410830,-1,-13,-6,26,-4,-3,-4,-3
1514892960410830,-3,5,61,1,10,1,1,-1
1514892960431851,3,10,17,25,18,6,1,1
1514892960431851,0,-2,-34,3,2,-3,-1,1
1514892960433343,3,9,33,-2,-3,-2,-3,-1
1514892960433343,-2,-14,-82,-20,-1,-1,-3,-2
1514892960453858,-1,-15,-29,8,-3,0,-1,1
1514892960453858,-1,14,58,-8,-6,-1,-3,0
1514892960455859,-5,-12,-27,-26,-4,-3,-3,-2
1514892960455859,0,-15,6,14,3,4,3,3
1514892960468357,0,24,-7,-24,-6,-3,-3,-1
1514892960468357,-4,-6,-30,-6,-2,-3,-1,-6
1514892960475362,0,0,48,21,-4,-5,-3,-2
1514892960475362,1,22,-1,7,2,1,0,1
1514892960491374,-7,-18,-11,-30,-9,-4,-2,-4
1514892960491374,-2,-7,21,16,6,-2,-3,-2
1514892960493376,-4,-9,-55,26,1,0,-1,0
1514892960493376,3,7,-35,-32,-7,-2,0,0
1514892960521405,-1,4,4,16,5,-2,0,-2
1514892960521405,-5,-14,-63,2,-5,-2,-3,0
1514892960523406,2,7,-42,-24,-4,1,0,0
1514892960523406,-5,-16,-21,26,-2,-4,-5,-3
1514892960536406,-1,14,4,-1,1,1,0,1
1514892960536406,0,-23,-5,1,-1,-1,-1,-1
1514892960538407,1,4,29,-3,-2,0,-1,-2
1514892960538407,2,1,30,0,3,-1,0,1
1514892960551429,-4,-19,-47,-33,-7,-2,-1,-4
1514892960551429,1,6,29,10,-1,0,0,1
1514892960553417,6,7,61,-36,1,2,2,2
1514892960553417,-6,-7,3,24,2,-3,-2,-3
1514892960573942,0,3,39,-4,-1,-1,0,0
1514892960573942,-2,3,12,-4,-1,0,-1,-1
1514892960575433,-2,-13,-26,-6,-1,-1,1,-1
1514892960575433,3,-1,-8,-5,-1,1,1,0
1514892960588455,-1,9,15,1,0,-1,-1,-1
1514892960588455,-1,3,12,1,1,-1,-2,-2
1514892960594957,2,-4,10,10,-3,1,0,-1
1514892960594957,0,4,15,-7,-2,-3,-1,-2
1514892960611468,-1,0,1,19,6,0,-1,1
1514892960611468,1,3,-8,-23,-3,1,1,3
1514892960612960,-3,-11,-2,6,-3,-3,-2,0
1514892960612960,1,1,26,-9,-8,0,0,1
1514892960633985,0,5,-17,19,14,5,1,0
1514892960633985,-2,-2,-30,6,0,0,-1,-1
1514892960635476,-4,-2,20,13,3,-3,-1,-1
1514892960635476,-1,-5,-23,-11,-2,-3,0,1
1514892960648485,0,3,48,1,-6,-5,-1,-1
1514892960648485,0,4,-22,11,2,-1,-4,-2
1514892960654990,1,0,-31,-32,0,-1,0,0
1514892960654990,-3,-4,17,16,0,1,-1,-2
1514892960671502,1,2,-8,-6,-1,-1,-1,0
1514892960671502,-2,2,10,-4,-3,-3,1,0
1514892960673002,-1,-3,-7,-1,-1,0,-1,-2
1514892960673002,-2,-10,-17,-1,2,0,-1,0
1514892960694018,0,0,10,-11,-6,-6,-1,0
1514892960694018,-3,-5,-7,-1,-4,-1,-2,-2
1514892960695519,0,-2,-16,-1,0,-2,-2,-2
1514892960695519,2,6,-5,-5,0,2,-2,-1
1514892960708537,-3,-4,16,8,-1,-3,0,-1
1514892960708537,-3,-2,-11,21,4,1,-2,-1
1514892960715543,-2,-7,-50,-16,-4,0,1,2
1514892960715543,-2,-2,14,21,3,0,-1,-2
1514892960731554,0,5,11,-19,-8,-4,-1,1
1514892960731554,-2,0,0,6,1,-2,-1,-1
1514892960733053,-3,-6,-15,-5,1,0,0,0
1514892960733053,-2,-7,-46,-4,-2,-2,0,-2
1514892960754560,1,0,39,5,-1,2,-1,1
1514892960754560,2,6,-1,-14,-5,-3,-1,0
1514892960756062,-5,-3,0,1,-3,-1,-1,-3
1514892960756062,0,1,8,-28,-6,-2,-1,-2
1514892960768582,0,1,6,-3,0,0,-2,-2
1514892960768582,0,-1,0,-11,-2,0,0,1
1514892960775092,-3,-2,15,3,1,-1,-1,-1
1514892960775092,3,0,9,8,4,-1,-1,1
1514892960791587,6,-1,-19,-8,-5,0,0,-1
1514892960791587,-4,-3,14,-1,-2,-2,0,-3
1514892960793099,-7,3,4,-3,-2,-1,-2,-2
1514892960793099,-3,-5,-10,4,-1,-2,-2,-3
1514892960814114,-1,0,-23,-8,0,-1,-3,-2
1514892960814114,5,4,-12,-3,-4,1,2,0
1514892960815604,0,1,37,-3,5,-3,1,-1
1514892960815604,-1,3,38,15,-9,-2,-2,-2
1514892960827611,1,0,-40,-10,8,5,0,1
1514892960827611,-1,2,-1,-2,-2,-3,-2,-1
1514892960836129,-1,-8,-7,-7,-7,-1,-2,-2
1514892960836129,1,3,-3,0,0,-1,-3,0
1514892960851129,-3,-1,3,7,-1,-3,-1,-2
1514892960851129,-5,-3,8,-11,-3,-1,-1,0
1514892960852139,4,2,-6,10,1,-1,-1,1
1514892960852139,0,0,-18,-22,-1,-2,-1,-3
1514892960873153,-3,-1,16,6,-2,-1,0,-1
1514892960873153,0,0,-4,-5,2,-1,-2,0
1514892960874155,0,-3,9,5,-3,-2,-2,0
1514892960874155,-5,-5,3,2,3,-1,-1,0
1514892960887664,-3,3,-14,-2,-4,-2,0,-2
1514892960887664,2,1,-2,-5,-2,-1,-1,-2
1514892960895669,-2,-5,-5,2,0,0,-3,-2
1514892960895669,-1,-7,-9,2,1,1,1,0
1514892960910680,1,5,0,-2,-3,-2,0,-2
1514892960910680,3,1,-13,-7,0,0,-1,3
1514892960918676,-1,2,48,-6,-6,-4,-1,-1
1514892960918676,-2,-4,-12,28,18,2,-1,-2
1514892960935199,-1,-2,-4,-11,-8,-1,0,0
1514892960935199,-1,1,25,0,1,-2,0,-2
1514892960935703,-2,-5,-48,-7,-2,-1,-1,-2
1514892960935703,-3,0,21,-12,-5,2,1,-1
1514892960949198,-3,-2,-12,3,2,0,-2,-2
1514892960949198,-2,3,-9,1,-2,2,-2,1
1514892960956219,-1,-4,-19,-3,-2,-2,0,-2
1514892960956219,0,3,35,6,-2,-2,-1,-1
1514892960970712,-3,-2,-11,-1,0,-1,-2,-1
1514892960970712,-1,1,3,-3,-2,0,-1,-1
1514892960971713,2,1,5,4,0,2,0,-1
1514892960971713,1,-5,-27,-4,-3,-2,0,-1
1514892960993241,-2,2,10,-1,-1,0,-1,0
1514892960993241,-1,-1,6,5,-3,-2,-2,-2
1514892960994229,-3,-3,-4,3,4,0,-1,0
1514892960994229,-1,-4,-2,-6,-5,-1,0,1
1514892961007753,0,2,1,-1,0,1,1,-2
1514892961007753,-3,0,-11,9,0,-4,-3,-2
1514892961016748,-1,-4,-4,-13,-3,0,-3,-1
1514892961016748,-1,-1,-2,3,1,-1,-2,0
1514892961031256,-1,-4,-27,1,4,-1,-1,-1
1514892961031256,1,4,16,0,-2,0,-3,-1
1514892961031757,0,-5,-16,-5,-1,1,0,0
1514892961031757,-1,-1,-2,-1,-7,-4,-4,-3
1514892961053772,-1,-3,2,7,-1,-1,-2,0
1514892961053772,-3,-3,0,-6,4,-2,-1,-1
1514892961054272,-1,-1,4,4,-3,-2,0,-1
1514892961054272,-2,-5,0,-6,-2,-1,0,0
1514892961068286,-1,1,2,6,-2,-2,-1,1
1514892961068286,1,2,5,-2,-2,-3,0,-1
1514892961076289,-1,-1,8,5,0,2,-2,-2
1514892961076289,-3,-6,-11,-6,0,-2,-1,-1
1514892961090798,0,3,1,-5,-4,-2,-2,-2
1514892961090798,0,-1,1,4,3,-2,-2,-1
1514892961091798,-1,-3,2,-3,-1,-4,-1,-3
1514892961091798,1,-1,-10,1,-1,0,0,-1
1514892961114816,0,1,-5,-4,-6,-3,-2,0
1514892961114816,-2,-3,10,-10,1,1,0,-1
1514892961115816,-3,-7,2,16,1,0,-1,-2
1514892961115816,-2,-4,1,4,-2,-1,0,-1
1514892961128824,-7,-2,15,0,1,-1,-2,-4
1514892961128824,1,1,-15,-6,-5,0,-1,-1
1514892961136333,2,0,-11,-10,-3,-1,-1,0
1514892961136333,0,2,25,-2,1,-3,-3,-3
1514892961151343,1,3,-15,-4,-3,1,-1,0
1514892961151343,-1,-2,9,5,-1,-3,-3,0
1514892961151843,-1,0,-3,-4,0,0,-1,0
1514892961151843,-1,-3,24,0,-1,-1,-2,-2
1514892961173356,-1,-1,-7,-3,1,-2,-1,-1
1514892961173356,-4,0,0,-2,-1,-1,-1,-2
1514892961175376,1,1,25,7,-3,-3,-2,0
1514892961175376,-2,-5,-2,0,-1,0,-1,-2
1514892961187871,1,2,2,0,0,0,-2,0
1514892961187871,3,6,-7,2,-2,0,-1,1
1514892961195873,-4,-4,-4,-9,-3,0,-2,-2
1514892961195873,-1,1,-17,4,6,1,0,-2
1514892961211883,-2,-5,1,10,-2,-2,-1,-4
1514892961211883,1,-4,-11,-7,0,0,1,-2
1514892961213387,-1,-2,3,-2,0,-1,0,0
1514892961213387,0,1,-3,2,-1,-1,-2,-1
1514892961233902,2,2,-22,-8,-2,0,-1,1
1514892961233902,-3,3,38,-5,-11,-5,-5,-2
1514892961234401,-2,-5,-44,-1,9,0,-1,-1
1514892961234401,1,-5,-13,2,-2,-1,-1,0
1514892961248417,-7,4,15,1,-4,-2,-1,-2
1514892961248417,-1,-4,-24,-1,-2,1,1,0
1514892961255914,3,-1,19,-2,-3,-2,-2,1
1514892961255914,2,2,-23,-6,-1,-1,-1,-1
1514892961271428,5,2,17,-1,1,0,-1,2
1514892961271428,-2,4,11,2,0,0,-1,-1
1514892961272429,-3,0,7,1,-1,1,0,-2
1514892961272429,-1,-7,-16,-3,0,-1,-1,-1
1514892961293443,-4,-4,2,-2,-4,-3,-3,-3
1514892961293443,-3,-1,-12,-5,0,0,-1,-2
1514892961293944,3,2,5,4,4,1,0,1
1514892961293944,-4,-7,14,5,-3,-1,1,0
1514892961307451,-2,0,21,3,1,-1,0,1
1514892961307451,1,1,-1,2,-1,-1,0,2
1514892961316457,-5,1,-3,-2,-3,-1,-1,-2
1514892961316457,4,3,0,-13,-6,-2,0,-1
1514892961331968,-4,-9,-4,4,0,0,-2,-1
1514892961331968,-3,-2,-3,3,0,-2,-1,-1
1514892961332977,-1,-4,-5,-3,-4,-3,-1,1
1514892961332977,-2,0,18,1,-1,0,-2,-1
1514892961353483,1,5,-17,-9,0,-1,0,-1
1514892961353483,0,4,-11,-3,-1,-1,-2,-1
1514892961354485,-4,-5,-11,0,-1,-1,0,-1
1514892961354485,-3,-4,2,-1,0,-1,-2,-1
1514892961376500,-2,2,3,0,0,-1,-3,0
1514892961376500,0,-1,-7,1,-6,-2,0,-2
1514892961377500,-1,0,9,2,7,0,0,-2
1514892961377500,1,-1,-12,-5,0,1,1,0
1514892961391014,-3,-3,-7,4,2,-2,-1,-2
1514892961391014,0,2,11,4,-2,-1,-2,-1
1514892961391514,-2,-7,-9,6,-6,-2,-1,-2
1514892961391514,-4,0,1,-13,-6,-3,-2,-1
1514892961413527,2,0,-14,-1,-1,1,1,-1
1514892961413527,0,2,12,-6,-1,-1,-1,-2
1514892961414027,-1,-4,2,6,-1,0,0,0
1514892961414027,-3,-6,-7,0,-1,-2,-2,0
1514892961436559,0,2,4,-3,-3,0,-1,0
1514892961436559,0,-1,-10,-3,0,-1,0,-1
1514892961437059,2,0,2,-5,-1,-1,-2,-1
1514892961437059,-1,0,3,4,1,0,-1,-2
1514892961451053,-4,1,-2,-4,-1,-1,-1,-2
1514892961451053,-2,-4,-6,1,-1,-1,-1,-1
1514892961451554,0,-2,2,-5,-3,-2,-1,-2
1514892961451554,-3,-3,-11,-2,0,0,0,-2
1514892961473577,2,2,1,0,-2,-2,-1,0
1514892961473577,0,2,7,4,0,-2,-1,-1
1514892961475079,-2,-6,3,-5,2,0,-1,0
1514892961475079,-1,-3,-7,1,-1,-2,1,-1
1514892961496096,-3,1,-3,-4,-2,-1,-2,-1
1514892961496096,-2,-1,-9,-3,-2,1,-1,-1
1514892961497089,0,0,1,-4,-4,-1,-3,-1
1514892961497089,-1,-3,1,3,-3,0,-2,0
1514892961510604,1,1,-3,-1,-2,0,0,-2
1514892961510604,-2,0,-2,0,0,-2,-2,-1
1514892961511595,-2,-3,-2,-5,-2,-2,1,-1
1514892961511595,-2,0,1,-2,1,-1,-1,1
1514892961541628,-1,1,3,-2,-2,-3,-2,0
1514892961541628,-1,0,-3,-3,0,1,-3,0
1514892961542116,-3,-2,-1,1,-2,-1,0,-3
1514892961542116,-2,-1,1,0,-2,-2,-1,-1
1514892961556636,0,0,2,-2,0,-2,-2,-1
1514892961556636,0,0,-2,0,1,-1,-1,-3
1514892961557627,-1,-2,-2,-1,0,-1,-2,-2
1514892961557627,0,-1,0,0,-1,-1,0,-1
1514892961570646,-2,-1,0,-2,-1,-1,-2,0
1514892961570646,-1,-1,-4,1,0,-3,1,-1
1514892961571638,-2,0,1,1,-2,0,-1,-2
1514892961571638,-1,-2,-3,0,0,-1,-2,-1
1514892961601658,0,1,-1,-1,0,-2,0,-1
1514892961601658,-2,-2,-2,-4,1,-1,-2,0
1514892961602159,-1,-3,1,-3,-1,0,-2,-1
1514892961602159,0,-2,1,-1,-2,0,-2,-3
1514892961616669,0,0,-1,-1,-1,-1,1,0
1514892961616669,-2,-1,-1,-2,-1,1,-1,-1
1514892961618170,-1,-2,-2,1,-2,-1,0,-1
1514892961618170,-2,-2,-2,-2,0,-1,-1,0
1514892961630679,-1,2,0,-2,0,-1,-1,-3
1514892961630679,0,-3,-3,-1,0,-3,-1,-1
1514892961631681,0,-2,-1,-2,-1,-1,-1,-1
1514892961631681,0,-3,3,-1,1,-1,-1,-2
1514892961653205,0,-1,2,-1,-1,-2,-2,-1
1514892961653205,-1,0,4,-2,-1,-3,-3,-1
1514892961654206,-1,-3,1,-1,-1,-1,-2,-3
1514892961654206,-1,-1,1,-1,-2,-1,-1,-1
1514892961676721,-2,0,-2,0,0,1,0,-1
1514892961676721,-1,0,-3,0,-1,1,0,-1
1514892961677221,1,-1,0,-1,-1,-1,-1,0
1514892961677221,-1,0,-2,-1,0,1,1,1
1514892961690721,0,-1,-2,-1,0,-2,-2,-1
1514892961690721,-2,0,-5,-1,-2,-1,-1,-1
1514892961691723,-1,-2,-4,-1,-1,-3,0,0
1514892961691723,-1,-1,-6,-1,-2,0,-1,-2
1514892961713237,-2,0,-3,-2,-2,1,-1,1
1514892961713237,-3,0,-3,0,-2,0,-1,-1
1514892961715241,0,-2,-3,-2,-3,0,-2,-1
1514892961715241,-1,-1,4,1,0,-1,0,1
1514892961736754,0,-1,0,-1,-1,-1,-1,-1
1514892961736754,-1,-2,-1,-2,-2,-2,-2,0
1514892961737256,-3,-2,-3,-1,0,-2,0,-2
1514892961737256,0,-2,-3,-2,-1,-1,0,-3
1514892961750776,1,0,-3,-1,-1,0,-1,-2
1514892961750776,1,0,-3,-1,0,-1,-1,-2
1514892961751778,-1,0,-2,0,0,0,-1,0
1514892961751778,-1,1,-2,-1,-1,-2,0,-2
1514892961781796,0,0,-1,-2,0,0,-1,-1
1514892961781796,0,-3,-2,-4,-3,-1,0,-3
1514892961782286,0,-3,-1,-1,-1,1,0,-1
1514892961782286,-2,-1,-3,-2,1,0,-1,-2
1514892961796306,0,2,-2,-1,0,0,0,1
1514892961796306,-1,-1,0,-2,-1,-1,0,0
1514892961797307,-1,-1,1,-2,0,-1,-2,0
1514892961797307,-1,-1,-1,-1,-2,-1,-2,0
1514892961810806,-1,2,-1,-1,-2,-1,0,-3
1514892961810806,-1,-2,-1,-2,0,-1,-1,-1
1514892961811816,-1,-1,0,0,-1,-2,-1,1
1514892961811816,0,0,-1,-1,1,-2,-1,-1
1514892961833322,0,-1,-3,1,-1,0,-2,-1
1514892961833322,0,0,-1,-1,-1,-1,-1,-3
1514892961834324,-4,0,-1,-1,-2,-3,-2,-2
1514892961834324,-2,-1,1,-2,-1,-1,-1,-4
1514892961856348,-3,0,1,-1,1,-2,-1,-2
1514892961856348,-3,-1,-2,-1,0,-2,0,-2
1514892961857349,-1,-3,-2,-1,-2,-2,0,0
1514892961857349,-1,-2,-4,0,-3,0,0,-1
1514892961871350,0,1,0,-3,-1,-2,-2,-3
1514892961871350,-2,-1,-2,0,-3,-1,0,-2
1514892961871850,0,-1,-1,-1,-2,-1,-1,-1
1514892961871850,-1,0,-2,0,-1,-1,0,-1
1514892961893374,-1,0,-2,-2,-1,-2,0,0
1514892961893374,0,0,0,-2,-2,-2,-2,0
1514892961894375,-1,-2,-1,1,-1,-2,0,-3
1514892961894375,1,0,1,-2,1,-2,-2,1
1514892961917892,-1,-1,-1,-1,-2,1,-1,0
1514892961917892,0,-1,-2,-1,0,0,0,1
1514892961919385,0,-2,-2,0,0,0,-1,0
1514892961919385,0,-1,-3,-1,0,-1,-1,0
1514892961930892,0,-1,-2,-2,-1,-1,-1,-1
1514892961930892,-1,0,-1,-1,-1,0,-2,-2
1514892961931893,-1,-1,-2,-1,0,0,0,-1
1514892961931893,-2,-1,-1,1,1,0,-2,-1
1514892961953421,-3,-2,-1,-2,-1,-2,-1,-2
1514892961953421,0,-3,0,-1,-2,-1,-1,-2
1514892961954407,0,-2,0,-1,1,-1,-2,-2
1514892961954407,-2,-1,1,-1,-2,-1,0,-2
1514892961976433,-3,-1,-2,-1,0,0,0,0
1514892961976433,-1,-3,-2,0,-2,-2,-1,0
1514892961977434,0,-2,-1,-4,-3,1,1,-1
1514892961977434,-2,1,-1,-1,-1,-2,-1,0
1514892961989934,-1,2,1,-1,0,-1,0,-1
1514892961989934,-2,0,0,-1,0,-2,0,0
1514892961998440,-1,-3,1,0,-2,-1,-1,1
1514892961998440,0,0,-1,-2,-2,-2,-2,-2
1514892962014457,0,0,-1,0,-1,-1,-1,-1
1514892962014457,0,-1,-2,1,0,0,-3,-1
1514892962016462,-2,-1,-2,-2,-2,-2,-1,0
1514892962016462,-1,-1,1,-2,0,-3,-1,-2
1514892962036466,0,-1,-2,-1,-1,-2,-1,-1
1514892962036466,-2,-1,0,0,-2,0,-1,-1
1514892962037467,-2,-2,-1,-1,1,2,-2,0
1514892962037467,0,-1,0,-1,-1,1,-1,0
1514892962059483,1,2,-3,-2,1,-1,-1,0
1514892962059483,1,-1,-3,-1,0,0,-1,0
1514892962059983,-3,0,0,-2,0,-2,1,-1
1514892962059983,-1,-1,-1,-1,-1,-1,0,-1
1514892962073993,0,-1,0,2,-1,-2,0,0
1514892962073993,-3,-1,-2,-1,1,-1,1,-2
1514892962074994,-1,-2,-3,-1,0,-2,0,-2
1514892962074994,-3,-2,-3,-1,-1,0,0,0
1514892962096521,-1,-1,0,0,-2,0,-2,-1
1514892962096521,-1,-2,0,-2,-1,-2,0,-1
1514892962097021,-2,-4,-2,-1,0,-1,-1,-2
1514892962097021,0,-1,1,-1,-1,-1,-1,1
1514892962110519,-2,1,-1,-1,-2,1,-1,-1
1514892962110519,1,-1,-2,-3,-2,-1,-2,-1
1514892962119541,1,-2,0,0,-1,-1,-2,-2
1514892962119541,1,0,-1,-1,-1,0,-1,-2
1514892962133534,0,2,1,-1,0,-1,-1,0
1514892962133534,-1,-3,-1,-1,-1,0,0,-1
1514892962134035,-1,-2,0,-1,-2,-2,-1,-1
1514892962134035,0,0,1,-1,-1,0,0,-2
1514892962156560,1,-1,6,-2,-2,-1,-2,-1
1514892962156560,0,-3,2,-2,0,-1,0,-1
1514892962158061,-1,-1,0,-2,-1,0,-1,-3
1514892962158061,-2,0,-5,-1,-2,-1,0,-2
1514892962170121,-1,1,-4,-2,1,-1,-2,-1
1514892962170121,-2,-2,-3,0,-1,0,-1,0
1514892962178130,0,-3,-3,-1,-1,0,-3,-2
1514892962178130,-2,1,0,0,-1,-1,0,1
1514892962201645,-1,0,-1,-2,-2,0,-2,-1
1514892962201645,-1,-2,-1,-2,-1,-1,-3,-1
1514892962202134,-1,-1,-2,0,-2,1,-1,1
1514892962202134,1,-2,0,0,-1,0,-1,0
1514892962217146,-2,0,-3,-1,-1,-1,1,-2
1514892962217146,-2,-1,-2,1,-2,-1,-1,0
1514892962219147,0,-1,-1,-1,-1,-1,0,-1
1514892962219147,-1,0,-1,-3,1,-2,-3,-1
1514892962230177,-2,1,-2,-2,-1,-2,-1,0
1514892962230177,-3,-2,-1,-2,-1,-1,-1,-1
1514892962238196,-2,-3,-2,0,-2,-1,-1,-1
1514892962238196,-3,-1,-1,0,-2,-1,-1,-1
1514892962253205,1,-2,-1,-2,-3,-1,-3,-3
1514892962253205,-1,-1,-2,-2,-1,-3,0,-2
1514892962254205,-2,-2,-1,-1,-1,-2,-3,0
1514892962254205,-1,1,-2,-1,0,0,-1,0
1514892962276713,-1,-1,-2,-3,0,-2,0,-2
1514892962276713,-1,-3,-1,1,-1,1,-1,0
1514892962277212,-2,-4,0,-1,-1,-1,-1,-2
1514892962277212,-1,-1,-1,0,-1,-2,-1,-1
1514892962290222,-2,0,-1,0,1,-2,-1,-1
1514892962290222,0,-1,0,-2,0,-2,-1,-1
1514892962298727,-2,-1,-1,-1,-1,0,1,0
1514892962298727,-1,-1,-1,0,-2,-2,-1,-1
1514892962313738,1,0,-2,-1,-2,-2,-2,0
1514892962313738,-1,-2,-1,-3,-1,-1,-1,-1
1514892962315742,0,-1,0,-1,-1,-1,-1,-1
1514892962315742,-1,-1,-1,1,-1,-1,1,-2
1514892962337255,0,1,-1,-1,-3,0,1,-2
1514892962337255,0,-3,-2,-1,0,-1,1,-1
1514892962337754,0,-1,0,-1,0,-2,1,0
1514892962337754,0,1,1,-1,-1,-1,-2,-2
1514892962359269,-1,-1,-2,0,-1,-1,-2,-3
1514892962359269,-1,-3,-1,-1,-1,0,-1,-2
1514892962359770,-3,-2,-1,0,-1,-1,-1,-1
1514892962359770,-2,-1,-1,-2,-2,0,-2,0
1514892962381786,-1,0,-1,-2,0,0,-1,1
1514892962381786,-1,-2,-2,-2,-1,-3,-3,-1
1514892962382793,-2,-4,-1,-1,-1,-1,-1,0
1514892962382793,-1,1,-1,-1,-1,-2,0,-1
1514892962396812,-2,0,-1,0,-2,-1,-1,1
1514892962396812,-1,-1,-2,-2,-1,0,-2,-1
1514892962398300,1,-2,-2,-1,-1,-1,-1,0
1514892962398300,0,0,-2,-1,-1,-2,-1,-1
1514892962418824,-1,-1,-1,-2,-1,-2,0,0
1514892962418824,-1,-1,0,-2,1,-1,0,-2
1514892962419825,-1,-2,0,0,0,-2,-1,-2
1514892962419825,-2,0,-1,-2,-1,0,-2,-1
1514892962433325,-1,1,0,-1,0,-1,-2,-2
1514892962433325,-2,-2,-2,1,-3,0,-1,-2
1514892962440828,-1,-1,-1,0,-2,0,0,-1
1514892962440828,0,-2,-1,0,-2,0,-1,-1
1514892962464361,0,0,0,-1,0,0,0,-1
1514892962464361,-1,-2,-1,-1,-1,-1,-2,-1
1514892962464847,-3,-3,-2,-2,0,-2,-2,-2
1514892962464847,0,2,0,1,-1,-2,-1,0
1514892962478854,-1,-2,1,-2,-1,-1,0,1
1514892962478854,0,-1,0,-2,-2,-2,-1,-1
1514892962479855,-1,-2,-3,0,0,0,-1,-2
1514892962479855,-2,1,-1,-1,-2,-1,-1,-2
1514892962493374,-1,0,-3,-1,0,0,0,0
1514892962493374,1,-1,-1,-1,0,-2,0,0
1514892962494376,0,-2,-1,0,-2,-2,-1,-1
1514892962494376,-3,-1,-1,-3,0,-1,0,-3
1514892962516882,0,1,-2,-1,-2,-1,-2,-2
1514892962516882,-3,-2,-2,-1,-2,0,-1,-2
1514892962517401,-2,-2,-2,2,-1,-1,0,-3
1514892962517401,2,-1,-2,0,0,-1,0,0
1514892962538909,1,-1,-1,-1,-3,-2,-2,-1
1514892962538909,-1,-2,-2,-2,-1,-1,-1,-2
1514892962539910,-2,-4,-1,-1,-1,-2,-2,-1
1514892962539910,0,0,1,0,1,-2,0,0
1514892962553417,-2,0,-2,-1,-3,-2,-2,-1
1514892962553417,0,-2,-1,-1,-2,-1,-1,-3
1514892962553907,-3,-2,-2,-1,-1,-3,1,-1
1514892962553907,-2,1,-1,-1,-1,-1,-1,0
1514892962576433,1,2,-1,1,0,-1,-2,-2
1514892962576433,-3,-2,2,0,0,-1,-1,-1
1514892962576925,-1,-3,0,0,-2,-2,-3,0
1514892962576925,0,2,-2,-3,-1,-1,-2,0
1514892962599957,-3,-1,-4,5,-1,1,-1,-1
1514892962599957,-1,-2,0,-7,-2,0,-2,-1
1514892962601942,0,0,-2,0,-2,-2,0,-2
1514892962601942,-1,1,-2,-1,-2,-2,-1,-1
1514892962613450,-1,2,-2,-3,-1,0,-1,-1
1514892962613450,0,-4,-3,1,-1,0,-1,-3
1514892962614451,0,-2,-1,-1,0,1,0,0
1514892962614451,-1,1,-2,-1,0,-1,-2,1
1514892962636475,0,2,-1,-3,-1,-1,-2,-1
1514892962636475,-1,-3,0,0,-1,-1,-1,-1
1514892962637468,0,-1,1,-3,-1,-1,-1,0
1514892962637468,-1,0,-3,0,-2,-2,-1,-3
1514892962659494,-1,-1,0,-3,-2,0,0,1
1514892962659494,-1,-3,0,0,-1,-2,-1,1
1514892962660495,-2,-4,-2,-1,-1,-1,0,-1
1514892962660495,-3,0,0,-2,-2,0,-1,-1
1514892962674504,0,0,-1,-1,-1,-3,1,2
1514892962674504,0,-2,-3,-2,-2,-3,0,-2
1514892962675503,-2,-3,0,-1,-1,-2,-1,-1
1514892962675503,-4,1,0,-2,-1,-2,-1,0
1514892962697009,-2,0,-1,-3,-1,-1,-1,-1
1514892962697009,-1,-1,-1,-1,-2,-1,0,0
1514892962698010,0,-4,-2,0,-1,0,-2,-1
1514892962698010,1,2,-2,0,0,0,0,-1
1514892962719526,0,1,0,-2,-1,0,1,-1
1514892962719526,-1,-1,-1,-1,-1,0,-2,0
1514892962721027,-1,-1,-1,-2,0,-1,-2,0
1514892962721027,0,-2,0,-2,0,-1,-3,-2
1514892962733544,-1,1,-2,-1,0,-2,-2,-2
1514892962733544,-2,-2,-2,1,-2,0,-2,-1
1514892962734039,-2,-1,0,-2,-4,-1,-1,-1
1514892962734039,-1,0,-1,0,-2,-2,-2,-1
1514892962756560,-1,-2,0,-1,-1,0,-1,-1
1514892962756560,-1,-2,-2,-2,1,-1,0,-1
1514892962757552,0,-2,0,-1,0,0,-2,0
1514892962757552,-1,0,-1,0,-1,-1,0,-2
1514892962779567,-1,1,0,0,0,0,-1,-1
1514892962779567,0,-3,-1,-1,-1,-5,-1,0
1514892962780568,0,-2,-3,0,0,1,-1,0
1514892962780568,0,0,-2,-1,-1,-1,-2,0
1514892962793077,1,1,-2,-1,0,-1,-2,-2
1514892962793077,-3,-2,-1,0,-1,0,-1,0
1514892962794078,-1,-2,-1,0,0,-1,-2,0
1514892962794078,-1,0,0,-1,1,-1,0,-1
1514892962816594,-2,0,0,-2,-1,-1,-2,-1
1514892962816594,-1,-2,0,-1,-2,-3,-2,0
1514892962817093,-2,-2,0,1,0,-2,0,-1
1514892962817093,-2,1,0,0,-1,-1,-1,1
1514892962839118,-1,0,-5,-3,-1,-1,-2,0
1514892962839118,-2,-3,0,-1,-1,0,0,-1
1514892962839609,-2,-3,-2,-1,-2,-1,-1,-3
1514892962839609,-1,0,0,-1,-2,-1,-1,-2
1514892962853120,0,1,-1,-1,-2,-3,-2,-1
1514892962853120,0,-3,-1,0,-1,-1,-2,-1
1514892962854120,-1,-3,-2,0,0,-1,0,0
1514892962854120,0,1,-2,0,1,-1,1,-1
1514892962876645,-1,1,-1,-1,-1,1,-1,-1
1514892962876645,-1,-2,-3,-2,-1,1,-1,-2
1514892962877646,-1,-3,0,0,-1,-2,-2,-4
1514892962877646,1,1,-1,-2,-1,0,-1,0
1514892962899152,-1,-1,-1,-2,-2,-2,0,-2
1514892962899152,0,-4,-1,0,-1,1,0,-1
1514892962899652,-1,-2,-1,-2,0,0,1,0
1514892962899652,-1,0,-2,-2,-1,-1,-1,-2
1514892962913673,-2,1,0,-1,0,-3,-1,0
1514892962913673,-3,-2,-1,-1,-3,-2,0,-1
1514892962921670,1,-4,-1,0,-1,-1,-1,0
1514892962921670,1,0,-1,-1,-2,-1,-1,0
1514892962936690,-1,1,0,-1,-2,-1,-4,-1
1514892962936690,0,-2,-2,1,-1,-1,1,-1
1514892962938189,-3,-1,-1,-1,-2,1,-1,0
1514892962938189,-2,0,-2,0,0,1,-2,-2
1514892962959194,0,1,0,-2,-1,0,-1,-1
1514892962959194,-1,-1,0,-2,0,-2,0,-2
1514892962961696,-2,-3,-1,-2,1,-3,1,-1
1514892962961696,-1,-1,-2,-1,-3,0,1,-1
1514892962972703,-1,-2,-1,-2,-1,-2,-2,1
1514892962972703,0,-2,-2,-2,0,1,1,0
1514892962982711,-1,-1,-1,-2,-1,-3,-2,-2
1514892962982711,-1,0,-2,-2,-1,-3,-3,-1
1514892962996723,0,1,-3,-1,0,-1,-1,-2
1514892962996723,-1,-1,-2,-1,-3,1,0,0
1514892962998223,-3,-2,-3,-1,0,0,0,-1
1514892962998223,-1,0,-1,-1,-2,-2,0,1
1514892963019248,1,1,-1,0,-2,-1,-1,-1
1514892963019248,0,-4,-1,-1,0,0,-2,-2
1514892963020747,0,-2,-1,0,-2,-1,-1,-3
1514892963020747,-1,0,-2,2,0,0,-2,-1
1514892963032746,-2,0,-1,0,-2,-3,0,0
1514892963032746,1,-2,-1,0,-1,-3,-1,1
1514892963041758,-1,-3,0,-1,-1,0,-2,0
1514892963041758,-2,-1,1,-1,-2,0,-2,-1
1514892963056272,-3,0,-3,-2,-2,1,-1,-2
1514892963056272,-1,-2,-1,-1,0,1,-2,0
1514892963058274,1,-2,-1,-1,-1,0,0,-1
1514892963058274,-1,-1,-1,-1,-1,-1,-2,-1
1514892963078778,0,0,-1,-1,-1,0,-1,-1
1514892963078778,-1,0,-2,1,-1,-2,0,0
1514892963080780,-1,-2,0,1,-1,-1,-2,-2
1514892963080780,-2,0,-3,-1,1,-1,-1,0
1514892963092788,0,0,-2,-1,0,-1,-1,-1
1514892963092788,-1,-3,-1,-2,0,-2,-2,-1
1514892963101794,-1,-2,-2,-1,-2,-2,1,-1
1514892963101794,-1,0,0,-2,-3,-1,0,-2
1514892963123810,-2,0,0,-1,-1,-1,0,-2
1514892963123810,-2,-4,-2,-1,-5,-2,-1,-1
1514892963125811,-1,-2,-2,-2,-2,-1,0,1
1514892963125811,-2,0,0,-1,-1,-2,-1,-2
1514892963138821,-1,-1,-2,-2,-2,0,-1,-1
1514892963138821,0,-2,1,0,0,-2,-2,-2
1514892963141323,0,-3,-1,1,0,0,-1,-1
1514892963141323,0,-1,-2,-1,1,-1,-1,-1
1514892963152831,0,0,-1,1,-1,-1,-1,-1
1514892963152831,-1,-1,-1,1,0,-1,-2,0
1514892963169344,-1,-1,-2,0,-1,0,-2,-1
1514892963169344,-1,0,-1,-2,-1,-2,0,-2
1514892963176357,-1,0,1,-2,-2,-2,0,-1
1514892963176357,-2,-2,1,-2,0,-2,-1,-1
1514892963178358,-2,-1,1,-1,-1,-1,0,-3
1514892963178358,0,0,-1,-2,-1,-1,-2,-1
1514892963199366,1,1,0,-1,-2,0,-1,0
1514892963199366,-1,-3,0,-1,-2,0,0,0
1514892963200874,-2,-2,-1,-2,-4,0,-2,0
1514892963200874,-1,-2,-1,-1,-1,-1,0,-2
1514892963213383,-1,0,-4,-2,0,-1,-3,-1
1514892963213383,0,-3,-2,1,-2,-1,-1,-1
1514892963221880,-1,-1,0,-1,0,-2,-1,-1
1514892963221880,0,1,-2,-1,-3,-1,-1,0
1514892963236399,-1,-2,0,-2,-1,-2,-1,-1
1514892963236399,-2,-2,-1,0,-2,-1,0,-2
1514892963238406,-1,-1,0,0,1,-3,1,-2
1514892963238406,0,1,1,0,-2,0,0,-1
1514892963258907,-1,1,0,-2,-1,0,-1,-1
1514892963258907,-1,-3,-1,-4,-1,-2,-2,1
1514892963260424,-4,-4,1,-2,-1,-1,0,2
1514892963260424,-1,1,-1,-1,-1,-1,0,-1
1514892963281923,-1,0,-1,-1,0,-2,-1,-2
1514892963281923,0,-2,-2,-1,-1,-1,0,-1
1514892963283933,-1,0,-2,0,0,-1,-1,-3
1514892963283933,1,1,-1,-1,-1,-1,-2,-1
1514892963304938,-1,0,-3,-1,-1,-2,-1,-2
1514892963304938,-2,0,0,0,0,0,0,-2
1514892963307941,0,-2,-2,-1,1,0,-2,-1
1514892963307941,1,1,-1,0,-1,0,-2,-2
1514892963318962,0,-1,-2,-1,-1,-3,0,0
1514892963318962,-2,-2,-2,-2,-2,-1,-1,0
1514892963320450,0,-2,0,1,-2,-1,0,0
1514892963320450,-1,0,-1,-3,-1,0,0,-3
1514892963341479,0,-1,-1,0,-1,0,-1,0
1514892963341479,-2,-2,-2,-1,-1,0,-1,-3
1514892963342977,0,-1,0,-2,-1,-1,0,0
1514892963342977,-1,-1,-1,-2,-1,-2,-1,-3
1514892963356475,0,-2,1,0,-1,-2,-1,-3
1514892963356475,-2,-3,-1,-2,1,-1,-2,-2
1514892963357976,0,-2,-1,-1,-2,-1,-2,-1
1514892963357976,-2,-1,0,-1,-1,0,-1,2
1514892963379491,-1,0,0,-1,-2,-1,-1,-1
1514892963379491,-3,0,-1,-1,-2,0,-1,-2
1514892963380992,-1,-2,-1,0,-1,1,-2,-1
1514892963380992,-2,1,0,0,-2,0,-1,0
1514892963403009,-4,-1,-1,-1,-2,-2,-2,0
1514892963403009,-1,-2,-1,1,1,-1,-2,-1
1514892963405021,-1,-2,-2,0,0,-2,0,0
1514892963405021,-1,-1,1,-3,0,-3,-2,2
1514892963416527,0,-1,0,-2,-1,-1,-1,-2
1514892963416527,-1,-3,0,-1,-1,-2,0,-2
1514892963422536,-1,-1,-1,0,-1,-2,0,-2
1514892963422536,1,-1,-2,0,0,0,-2,1
1514892963446538,-2,-1,-3,-2,-1,-1,-2,-1
1514892963446538,0,-2,0,0,-1,-1,-1,0
1514892963448543,-1,-1,0,-1,-1,0,0,-2
1514892963448543,-1,1,-2,-1,-1,-1,1,0
1514892963461552,-2,-2,-1,-2,-2,0,-2,0
1514892963461552,0,0,1,-3,0,0,-2,-1
1514892963463050,-1,-1,0,0,-1,-1,-1,-1
1514892963463050,0,-1,-1,-1,-1,0,-1,-3
1514892963475558,0,-1,-1,-1,-2,0,-2,-2
1514892963475558,-2,-3,-3,0,-1,0,-3,-2
1514892963490069,-2,1,0,0,-1,-1,-1,0
1514892963490069,-1,-1,-1,-1,-1,0,-1,-1
1514892963499090,-2,-1,-1,-2,-2,-3,-1,-1
1514892963499090,0,-4,-2,-3,-1,-2,0,0
1514892963500589,-1,-3,1,-1,-3,0,0,-1
1514892963500589,-2,0,0,0,1,0,-1,-2
1514892963522092,-2,-2,-1,-2,0,-2,0,-1
1514892963522092,1,-2,0,-1,0,0,0,-1
1514892963523603,-2,-3,-2,-2,0,-1,-1,0
1514892963523603,-2,-1,-1,0,-1,-2,-2,-1
1514892963535610,0,-1,-2,-2,-1,0,-2,-1
1514892963535610,-2,-2,-1,0,-1,-1,-2,-1
1514892963542615,-1,-2,-3,-1,2,-3,-2,-2
1514892963542615,0,0,0,0,-2,-1,0,1
1514892963559127,1,-1,-1,-2,-1,-1,-2,-2
1514892963559127,0,-1,-1,-2,0,-1,0,1
1514892963560628,-1,0,0,-1,-1,0,-1,-3
1514892963560628,-2,-1,0,-1,0,-1,-2,-3
1514892963582135,-1,-2,-1,0,0,0,-2,-1
1514892963582135,-2,-1,-1,-2,-2,-2,0,-1
1514892963583635,-1,0,-2,-1,-1,-2,0,1
1514892963583635,-1,0,1,-2,-1,-2,-2,-2
1514892963595644,-1,-2,0,-1,0,-1,-1,-2
1514892963595644,-1,-2,-1,1,-3,-1,-1,0
1514892963602648,-2,-3,-3,-1,-1,-1,-1,-1
1514892963602648,-2,0,-2,0,-2,-1,1,-1
1514892963619160,0,0,-2,-2,-1,0,-2,-1
1514892963619160,-1,0,0,0,-1,-3,-2,-2
1514892963620661,-2,-1,-2,-1,-1,0,-3,-2
1514892963620661,-1,0,-1,-1,-1,-2,-2,0
1514892963641680,-2,-3,-2,0,0,-2,0,-2
1514892963641680,-2,-1,-1,0,-1,-2,-1,-1
1514892963643180,1,0,-2,0,-2,0,-1,-2
1514892963643180,1,0,-2,-3,0,-1,-1,-1
1514892963655686,0,-2,-1,0,-3,1,-1,-2
1514892963655686,-2,-2,-1,-2,0,0,0,-1
1514892963662694,-1,-2,0,0,-1,-1,-2,-1
1514892963662694,0,0,-1,-2,-1,-1,-1,-1
1514892963679203,-1,-2,0,0,-2,0,-1,0
1514892963679203,-3,-4,-2,-1,0,0,-2,-2
1514892963680704,-3,-1,-3,-1,-2,0,-1,-1
1514892963680704,-2,-1,-3,-2,-2,-2,1,0
1514892963701728,-1,-1,-4,0,-1,-1,-2,-1
1514892963701728,-2,-3,0,-2,-3,-1,1,-2
1514892963703229,2,1,0,-1,1,0,0,-1
1514892963703229,-1,-1,0,-1,-1,-1,0,-1
1514892963724235,-1,0,-1,-1,-2,0,-1,-1
1514892963724235,-2,-2,0,1,-1,0,0,0
1514892963727744,-2,-1,0,0,1,-4,0,-3
1514892963727744,0,1,-1,-1,-1,-1,-1,-1
1514892963739246,-1,-3,1,-1,1,-3,0,-1
1514892963739246,0,-1,-1,-1,-2,-2,-3,0
1514892963740748,0,-1,0,-2,-1,0,0,-2
1514892963740748,-1,0,-2,0,-2,-2,-3,-2
1514892963761762,-1,-2,-1,-2,0,1,-1,-3
1514892963761762,0,-3,-1,0,-2,1,-1,1
1514892963763263,-1,0,-1,-1,-1,-2,-1,0
1514892963763263,-1,2,-2,-1,-3,-2,-2,-2
1514892963776282,0,0,-1,1,-2,-3,-1,0
1514892963776282,-1,-1,-1,-2,-2,0,0,-1
1514892963784278,-1,0,-2,-1,-1,-1,0,-2
1514892963784278,-1,-3,-2,-1,-1,1,0,-1
1514892963799290,-2,-2,-1,-2,-1,-2,0,0
1514892963799290,-2,-2,-2,-2,-2,0,-2,-2
1514892963800789,-1,0,-2,0,-3,-3,-1,-2
1514892963800789,0,1,-1,-1,0,1,-2,-3
1514892963821305,1,-2,-1,0,-2,0,-1,-1
1514892963821305,0,-1,-2,0,-1,0,-1,0
1514892963823305,0,1,1,0,-2,1,-2,-1
1514892963823305,-3,-1,-1,-2,1,1,-2,0
1514892963835313,-3,-1,0,0,0,-2,-3,-1
1514892963835313,-3,-5,-2,2,-2,-2,-1,-3
1514892963844332,0,-1,-1,0,-2,-1,-1,1
1514892963844332,-1,-1,-2,-1,-2,-5,0,-1
1514892963858829,-1,-2,-1,-2,0,0,-3,0
1514892963858829,-1,-3,-1,-2,-2,-2,-1,-1
1514892963860831,-1,-1,-2,-2,-1,-1,-1,-1
1514892963860831,0,0,-1,-2,-1,-1,-2,-1
1514892963882364,-1,-2,-1,0,-1,-2,-1,-1
1514892963882364,1,-2,1,0,1,-1,-1,-1
1514892963883862,-1,-1,0,0,-1,-2,0,-1
1514892963883862,0,0,0,-1,-3,-1,-1,0
1514892963895367,-1,-2,-2,-1,-2,0,0,-1
1514892963895367,0,-1,0,-3,1,-1,-1,-1
1514892963904361,-1,0,-3,-2,0,-1,-2,0
1514892963904361,1,-1,-1,0,-1,0,-1,0
1514892963918882,-1,-1,-1,-2,-1,-1,-1,-1
1514892963918882,-2,-1,-2,1,1,-2,0,-2
1514892963920883,-1,-1,-2,-1,-1,-1,-3,0
1514892963920883,0,0,-2,-2,-2,-1,-1,-1
1514892963941388,-1,-3,-1,-2,-1,0,0,0
1514892963941388,-1,-3,0,-1,-2,-1,-1,-1
1514892963943391,-1,-1,0,0,-1,-2,-2,-2
1514892963943391,1,0,-1,-2,0,-2,1,0
1514892963955398,-1,-2,-1,-3,-1,-2,-2,-1
1514892963955398,1,-1,1,-1,-2,1,-1,0
1514892963971921,0,2,-1,0,-1,-3,-1,-1
1514892963971921,-1,0,-1,0,-3,-2,-1,-1
1514892963979915,0,-1,0,-1,-1,2,0,-3
1514892963979915,-1,-2,-4,-1,0,-1,-4,0
1514892963981937,0,0,1,-1,-1,1,-1,-1
1514892963981937,-3,-2,0,-1,-1,-1,-1,-1
1514892964002944,-1,-2,-3,1,-3,0,0,-2
1514892964002944,-1,0,-2,-1,-2,2,-2,-1
1514892964005434,-1,0,-3,-2,0,-1,0,0
1514892964005434,-1,1,-2,1,0,-4,0,-1
1514892964014951,-1,0,1,0,0,-2,0,-1
1514892964014951,-1,-3,-2,-1,-1,-2,0,-2
1514892964023946,-3,0,-1,-1,-1,-2,1,-1
1514892964023946,-3,-1,1,-1,-2,0,-2,-1
1514892964038969,0,-2,-2,-1,-1,-3,-1,-1
1514892964038969,-1,-3,-1,0,-1,-2,-1,-1
1514892964040458,-1,0,0,-3,-1,1,-1,1
1514892964040458,-2,0,-1,-1,-2,0,-1,0
1514892964061476,-1,-2,-1,-1,-1,-1,-1,-1
1514892964061476,0,-1,-3,2,-1,-3,-1,0
1514892964062974,-2,-1,0,-1,-1,-1,-1,-1
1514892964062974,1,1,-1,-2,-1,-1,0,1
1514892964074982,-1,-2,-1,0,-1,-1,-1,-2
1514892964074982,-2,-3,-2,0,-1,0,-1,-2
1514892964091494,0,0,-1,0,-2,-1,-1,-2
1514892964091494,0,-1,-2,-1,1,-1,-2,-1
1514892964099501,-2,-4,0,-1,-2,-1,-1,0
1514892964099501,-2,-3,0,-2,-1,0,1,-1
1514892964100501,-2,0,-2,1,-1,-2,-1,-1
1514892964100501,-1,-1,0,-1,-1,-3,1,-1
1514892964121528,-1,-4,-1,-1,-1,-1,-1,0
1514892964121528,-1,-1,-1,-1,-3,0,0,-1
1514892964129030,-1,-2,-1,-2,-1,-1,-1,-2
1514892964129030,1,0,-3,-1,0,1,-1,-1
1514892964135034,0,-2,-3,-3,1,-2,-1,-2
1514892964135034,-1,-4,-1,-2,-1,-1,0,-2
1514892964144031,1,1,-1,-1,-1,0,0,-1
1514892964144031,-2,1,-1,-1,-2,0,-2,-2
1514892964159042,-1,-2,-2,-1,-1,-1,-2,-1
1514892964159042,-1,-2,0,-2,0,-3,-1,-1
1514892964161556,-1,0,-2,-2,0,-1,-3,0
1514892964161556,-2,-1,-1,-2,1,1,-2,-1
1514892964182568,-1,-4,-1,-2,-1,0,-2,0
1514892964182568,-3,-3,-1,-2,-1,-1,-1,0
1514892964184560,-1,0,-1,-3,0,-1,0,0
1514892964184560,0,3,0,0,0,-2,1,1
1514892964204083,-1,-2,-2,-3,-2,-1,-1,-2
1514892964204083,-1,-3,0,0,0,-1,-1,0
1514892964205574,-1,0,0,0,0,-2,1,-2
1514892964205574,-1,1,-2,-2,0,-1,-1,-3
1514892964219085,0,-1,-1,0,-1,0,0,0
1514892964219085,-2,-1,-3,1,-1,-1,-1,-1
1514892964220586,0,0,-2,-1,-3,-2,-1,-2
1514892964220586,-1,0,-2,-2,-2,-2,-1,-2
1514892964241114,-1,-4,-1,-1,0,-2,-1,-1
1514892964241114,-1,-1,0,0,-2,-1,0,-2
1514892964247604,-2,-1,-2,-1,-2,-1,-2,0
1514892964247604,0,-2,0,0,-2,0,-1,0
1514892964264140,-1,-1,0,-2,-2,-1,-2,-2
1514892964264140,-1,-3,0,-1,0,-1,1,-1
1514892964265618,-1,0,-2,0,0,0,-1,-3
1514892964265618,2,-1,-2,-3,-1,1,-2,0
1514892964278638,-3,-2,-1,-1,-1,-2,-1,0
1514892964278638,-1,-4,-2,-1,0,-2,-1,-1
1514892964286642,-1,0,-1,-1,0,-1,-1,0
1514892964286642,-2,1,-2,-2,-2,-2,-1,0
1514892964301652,-1,-1,-1,1,-1,0,-1,-2
1514892964301652,-2,-2,-1,-1,0,-4,-2,0
1514892964303153,1,1,-1,0,-1,-3,-2,-1
1514892964303153,0,0,-1,0,0,-1,-1,-1
1514892964324659,0,-1,1,-1,-1,0,-2,1
1514892964324659,-1,-2,-1,-1,-1,0,-1,-1
1514892964326160,-1,1,0,-1,0,-1,1,0
1514892964326160,-1,0,-2,-2,-1,0,-4,-1
1514892964339169,-2,-2,-1,-2,-1,-1,-2,-3
1514892964339169,0,-3,-2,-2,-2,-1,-1,-1
1514892964340674,0,1,-1,-2,-1,-1,-1,-2
1514892964340674,-1,-1,-2,1,0,0,0,1
1514892964361184,-2,-3,-2,-1,0,0,0,-3
1514892964361184,-2,-3,0,-2,-3,1,-3,0
1514892964363186,-1,1,-1,-2,-2,-1,-2,-1
1514892964363186,0,1,-1,-3,-1,-5,0,-1
1514892964384201,-1,-1,-2,-1,1,0,-1,-1
1514892964384201,0,-3,-1,0,-1,0,0,0
1514892964385702,0,-1,-2,-1,-1,-1,-3,0
1514892964385702,-2,0,0,1,-2,1,-1,-1
1514892964399215,0,-1,1,0,-2,-2,0,-2
1514892964399215,-1,-3,-1,0,0,-2,1,0
1514892964406229,-1,0,0,-1,-3,-1,0,-1
1514892964406229,0,1,-1,-1,-2,-2,-1,-1
1514892964421740,-1,-3,-1,0,-2,-2,-1,-1
1514892964421740,-2,-2,-2,0,0,-1,-1,-3
1514892964423239,-2,-1,-2,-3,0,-1,-1,-1
1514892964423239,1,0,-1,0,-1,-3,-4,-3
1514892964451248,0,-3,-1,0,0,0,1,0
1514892964451248,0,-3,0,-2,0,2,-1,-1
1514892964453249,-1,2,-1,-1,0,0,-2,-2
1514892964453249,-2,1,-2,-1,1,-1,-2,-1
1514892964458262,-1,-2,-1,-3,0,-3,-1,0
1514892964458262,-3,0,-3,0,-1,-1,1,0
1514892964465270,0,0,-1,0,-1,-3,-2,-3
1514892964465270,-3,0,-3,-1,-3,0,0,0
1514892964481284,0,-3,-1,-1,-2,0,0,0
1514892964481284,-1,-3,-1,-1,0,-1,-1,-2
1514892964483282,-2,1,-1,0,-2,-1,-1,-1
1514892964483282,-1,0,0,0,-2,-1,0,-2
1514892964503785,0,-2,-1,0,0,0,-1,-2
1514892964503785,-1,-3,0,0,2,0,-2,0
1514892964505286,0,3,-2,0,-2,-1,-1,0
1514892964505286,0,2,-2,-1,-2,-1,-2,0
1514892964526301,-2,-1,-1,-1,-3,-1,-2,1
1514892964526301,0,-3,0,-1,-1,-2,-2,-1
1514892964527803,-2,0,-1,-2,-1,-1,-1,0
1514892964527803,-1,1,-1,-2,-1,-2,1,-2
1514892964541321,-1,0,-2,0,0,0,-1,-2
1514892964541321,-1,-2,0,-2,0,-2,0,-1
1514892964542813,-1,-2,-2,1,0,-3,-1,1
1514892964542813,0,0,-1,-2,0,0,-2,0
1514892964563831,-3,-4,0,-1,0,1,-2,-1
1514892964563831,-1,-3,-1,0,0,-1,-1,-1
1514892964565831,-2,-1,-2,-1,0,-1,0,0
1514892964565831,-2,0,-1,-2,-2,-1,-1,-1
1514892964578338,-1,-2,-3,0,-2,-3,1,-3
1514892964578338,-2,-2,-2,0,-2,-1,-2,-1
1514892964585343,-1,1,-1,-2,-1,1,-2,-2
1514892964585343,-2,0,-1,0,-1,-1,-2,-1
1514892964602367,-1,-2,-3,-1,-1,-1,1,-1
1514892964602367,0,-5,-2,-1,-2,-1,0,-3
1514892964605861,1,1,-1,-2,-2,-3,0,-2
1514892964605861,0,-1,-1,-2,-1,-2,-2,-1
1514892964623880,-1,-3,-1,-1,-1,-2,-2,1
1514892964623880,0,-2,-2,-1,-2,-2,-1,0
1514892964625381,-2,-1,-1,0,0,-1,-1,0
1514892964625381,-1,0,-1,0,-2,0,-1,0
1514892964638389,0,-3,-2,-2,0,-1,-2,-2
1514892964638389,-3,-1,0,-1,-1,0,0,-1
1514892964644894,-1,-1,0,-1,-1,-2,-2,-1
1514892964644894,-1,0,0,-2,-2,-1,0,0
1514892964661400,0,-2,0,2,-1,0,-1,0
1514892964661400,0,-2,0,-1,-2,-2,-1,0
1514892964663397,-2,-2,-1,0,-2,-1,-1,0
1514892964663397,-1,0,-2,0,0,0,0,-1
1514892964683912,0,-2,0,-2,0,-1,-1,-1
1514892964683912,-3,-4,-2,-1,1,-1,0,-1
1514892964685414,0,0,0,0,-2,0,-1,1
1514892964685414,0,0,-2,-1,-1,-1,-2,-1
1514892964697434,-2,-2,-2,-1,-2,0,-2,-1
1514892964697434,0,-1,-1,-1,-2,-2,-1,-2
1514892964708932,0,1,-2,-1,-1,0,-1,-1
1514892964708932,0,1,-1,-2,1,-1,-1,-1
1514892964721949,1,-1,0,-3,-1,0,0,-2
1514892964721949,-1,-2,0,-1,0,0,0,-1
1514892964727444,-1,0,-2,1,-1,-1,0,-1
1514892964727444,-2,1,0,0,-1,-1,-2,0
1514892964744956,-2,-2,-1,1,0,-1,0,0
1514892964744956,0,-2,-1,0,0,-1,0,-2
1514892964747461,0,0,-2,-3,-2,-1,-1,-1
1514892964747461,0,-1,-2,-1,0,-3,-1,-3
1514892964757464,-2,-2,-2,-1,-1,-1,-2,-2
1514892964757464,-1,-1,0,1,0,-2,-1,0
1514892964766976,-2,1,-1,0,-1,-1,-1,0
1514892964766976,0,0,-1,0,-2,-1,0,0
1514892964780982,-1,-2,-1,-2,0,-2,0,-2
1514892964780982,-3,-2,-1,-1,0,-1,-1,0
1514892964788988,-1,2,-1,-1,-1,-1,-2,-3
1514892964788988,0,-1,-2,-2,-1,-1,-1,-1
1514892964804010,-1,-2,-1,1,-2,-1,-1,0
1514892964804010,-1,-2,-2,-2,-2,-1,0,-1
1514892964812503,-3,0,1,-1,-1,-1,-1,-1
1514892964812503,-2,2,-2,-2,0,-1,-2,-1
1514892964817521,-1,-1,-1,0,-1,-2,-2,0
1514892964817521,-1,-2,-1,0,0,1,0,-1
1514892964834028,-1,-1,-2,-2,-1,-3,-1,-1
1514892964834028,0,0,-1,-2,-1,-1,-1,-1
1514892964841527,-2,-2,1,-2,0,0,-2,-1
1514892964841527,-1,-1,-2,-3,0,-2,-1,-1
1514892964843025,-1,0,-1,-2,-2,1,-2,-2
1514892964843025,-1,-1,-1,0,-2,-2,-1,-2
1514892964864097,-1,-4,-1,-1,-2,-1,-3,-1
1514892964864097,-1,-3,-1,-1,-2,-2,-1,-3
1514892964865542,1,0,-2,-3,-3,-2,-1,-1
1514892964865542,-3,-1,-1,-2,-1,0,-1,-1
1514892964877549,-2,-3,-1,0,-1,0,0,0
1514892964877549,0,-2,-2,1,-1,0,-1,-2
1514892964886555,0,0,-1,-1,-1,1,-2,-1
1514892964886555,-3,-1,-1,-1,-2,-1,-1,-1
1514892964901579,-2,-1,0,0,0,-2,0,-2
1514892964901579,-1,-2,0,0,0,-1,0,-1
1514892964903078,0,-1,-1,-2,1,-1,-1,-2
1514892964903078,-1,1,-1,0,-2,-1,-2,-1
1514892964924097,0,-2,-1,-1,-1,-2,-1,-2
1514892964924097,1,-2,1,-1,-2,-2,-2,0
1514892964925592,-1,0,-2,-1,-1,-2,-1,0
1514892964925592,1,-2,-2,-2,-2,-1,0,-3
1514892964937602,0,-1,-1,-1,0,-2,1,-1
1514892964937602,-1,-1,-2,-1,-1,1,-1,-2
1514892964946607,-1,0,-1,-1,-1,-1,-1,-1
1514892964946607,-2,2,0,-2,-1,-1,-2,-1
1514892964961609,-1,-2,-2,-1,-2,-1,-1,0
1514892964961609,-2,-2,0,1,-2,-2,0,1
1514892964963119,0,0,-1,-1,-3,-1,-1,-1
1514892964963119,-2,-2,-2,0,-1,-1,0,-1
1514892964984634,-2,-3,-1,-1,-2,-1,1,-1
1514892964984634,-1,-2,-3,0,-1,-1,0,0
1514892964990129,-2,-1,1,-2,-1,-1,-2,-1
1514892964990129,-1,-1,-1,-2,-1,-1,-2,-1
1514892964997637,-2,-2,-3,-1,0,-3,-4,0
1514892964997637,-1,-2,-1,0,-1,0,0,-1
1514892965007651,-1,-2,-2,-1,-2,1,-1,-3
1514892965007651,0,0,-2,-3,-2,-1,-1,0
1514892965021652,0,-2,-2,-1,-2,-2,-2,-4
1514892965021652,-1,0,-1,-1,0,-1,-1,-1
1514892965023152,-2,1,-1,-2,1,-2,0,-1
1514892965023152,-1,-2,1,0,0,-1,-1,-1
1514892965044167,-2,-3,-2,-3,-2,-1,1,-3
1514892965044167,-3,-1,0,-1,0,0,1,-1
1514892965046669,-2,1,-1,-1,-1,-1,-2,1
1514892965046669,-2,-2,-3,1,0,-1,-1,0
1514892965057677,0,-3,-1,0,0,0,0,1
1514892965057677,-1,-3,-1,-2,-3,0,-2,-2
1514892965066684,-2,-1,0,-1,-1,-1,-2,-1
1514892965066684,-1,0,0,-2,-1,0,-2,0
1514892965081193,-1,-2,0,-1,0,1,-1,-1
1514892965081193,-1,-1,0,-2,-1,-2,-1,-1
1514892965083194,-1,0,-3,-3,0,-1,0,-2
1514892965083194,-1,-1,-2,-1,-3,-3,-3,-1
1514892965104221,-1,-1,2,0,0,0,-1,-2
1514892965104221,-3,1,-1,-2,-2,0,-2,-1
1514892965110223,-1,1,-1,-1,0,0,-1,0
1514892965110223,0,-2,1,-2,-1,-1,-1,-2
1514892965117719,0,-4,-1,0,-1,0,0,-1
1514892965117719,-2,-2,-1,-1,0,-1,0,-1
1514892965126726,-1,0,-2,-1,-1,0,0,-2
1514892965126726,0,-2,-1,-3,0,-1,1,0
1514892965141235,-2,-2,-4,-1,-1,1,-2,0
1514892965141235,0,1,2,1,1,-1,-3,0
1514892965143246,-2,0,-1,-1,-2,-1,-2,-1
1514892965143246,0,-1,-2,-1,-2,-4,-1,-1
1514892965164254,-3,-2,-1,-1,-2,-1,0,-1
1514892965164254,-1,-2,-5,-1,0,-1,0,0
1514892965165764,-1,-1,-4,-1,-2,0,-1,-1
1514892965165764,-2,0,-1,-2,-2,-1,0,-2
1514892965186268,-2,-1,-1,-3,0,-2,-1,1
1514892965186268,0,0,0,-1,0,-3,0,-2
1514892965188279,-1,-1,-1,0,-1,-2,-1,-1
1514892965188279,1,-1,-1,0,0,0,0,-2
1514892965200788,-1,-2,2,0,-4,0,-1,0
1514892965200788,-3,-1,-3,-1,-1,0,-1,0
1514892965207783,0,1,2,-2,-1,0,-1,-2
1514892965207783,-2,-1,-1,-2,-1,2,-1,-1
1514892965224294,0,-3,0,0,0,-1,0,-2
1514892965224294,0,0,-1,-2,-3,0,-2,0
1514892965225295,-1,0,-2,0,-1,-1,-1,0
1514892965225295,-2,0,-2,-1,-3,-2,0,-2
1514892965246309,-1,-1,0,-1,-1,-1,-3,-1
1514892965246309,-1,-1,-4,-1,-1,-3,0,0
1514892965249329,0,-2,-2,-3,1,-1,0,-1
1514892965249329,0,-3,-2,-1,-2,-1,-1,-2
1514892965261324,-1,-2,-2,1,0,-2,0,-1
1514892965261324,1,1,-1,-3,0,2,-1,-1
1514892965262822,0,1,1,0,-3,-2,-2,0
1514892965262822,-1,-2,-2,-2,-2,1,-2,0
1514892965291342,-1,-1,-3,0,-1,-1,-2,-2
1514892965291342,0,0,0,-2,-1,-3,0,0
1514892965292842,-1,0,0,-2,-1,-2,-1,-1
1514892965292842,-2,-2,-2,-2,-2,-2,-1,-1
1514892965306854,0,-3,1,-2,-1,-1,0,0
1514892965306854,0,-1,0,1,-1,-1,-1,-2
1514892965308854,-2,0,-3,-1,0,-2,0,-4
1514892965308854,0,0,-2,-1,0,-2,-2,-1
1514892965320863,0,-1,-3,-2,1,-1,-2,-1
1514892965320863,-1,-1,-1,-1,-1,0,-1,-2
1514892965327868,-1,-2,1,-1,-1,0,-1,-2
1514892965327868,0,-2,-1,-1,0,-1,0,-1
1514892965343888,0,-3,0,-2,-2,0,-1,-1
1514892965343888,-1,0,-2,0,-1,-1,-2,-2
1514892965345380,0,-2,-4,-1,-2,-1,-3,-1
1514892965345380,-4,-2,0,-1,-1,2,-1,0
1514892965366397,0,-3,-3,-3,0,-2,0,-1
1514892965366397,-3,-1,0,1,-2,-2,0,0
1514892965367896,0,0,-2,0,-2,0,0,-1
1514892965367896,-1,-2,-1,-1,0,-1,-2,-1
1514892965388923,-2,-1,-1,-2,-1,-3,-2,-1
1514892965388923,-1,-1,-2,-3,0,0,-2,-2
1514892965390412,-1,1,-1,-2,-3,-1,-1,-1
1514892965390412,-1,-3,-1,-2,-1,0,0,-2
1514892965403933,-1,-3,-2,-1,-1,1,-1,0
1514892965403933,-2,-3,2,-1,-2,-3,-3,-2
1514892965407433,-1,0,-2,0,0,-2,0,0
1514892965407433,0,-1,2,-2,-1,-2,-3,-1
1514892965426438,-1,-4,-2,-1,-1,-2,-1,-1
1514892965426438,-1,-1,-1,0,-1,0,-1,-1
1514892965427939,-1,0,-1,-1,-1,-1,-1,-1
1514892965427939,1,0,-2,1,-1,-2,0,-2
1514892965440959,-3,-1,0,-1,-2,0,0,-1
1514892965440959,1,2,-3,-2,-2,-1,-1,0
1514892965447461,0,-1,-2,-2,-2,-1,-1,0
1514892965447461,-2,-2,-1,-1,0,0,0,0
1514892965463964,0,-3,-2,0,0,-1,1,-1
1514892965463964,-3,0,-2,0,-1,-2,-1,-1
1514892965465465,-1,-1,-1,-1,-2,0,-1,-1
1514892965465465,-1,-1,-2,-2,-2,-2,-1,-1
1514892965486480,-1,-1,-2,-1,0,-1,0,-1
1514892965486480,-2,-1,3,0,-2,-1,0,-2
1514892965487998,-1,1,-1,0,0,-1,-1,-1
1514892965487998,-2,-2,-1,0,0,-2,-2,0
1514892965501000,-3,-2,1,2,0,-1,-1,-1
1514892965501000,1,0,-2,-1,0,0,0,0
1514892965507504,0,-1,1,-2,-2,-2,0,-1
1514892965507504,-3,-4,-1,-1,0,-2,1,-2
1514892965524021,-2,-4,-3,-1,-1,0,-1,0
1514892965524021,-2,0,-2,-3,1,-1,-1,-1
1514892965525508,0,0,-2,0,-2,-1,-1,-1
1514892965525508,0,-1,-2,-1,-2,0,-1,0
1514892965547032,0,-1,1,-3,-3,-2,-1,-3
1514892965547032,-2,1,-2,2,0,-2,0,1
1514892965549025,0,-1,-1,-2,-2,-2,-2,0
1514892965549025,0,-1,-1,-2,-1,-2,-2,-2
1514892965561042,-3,-2,-1,0,0,-1,-3,-1
1514892965561042,-1,0,-6,-1,0,0,-2,-1
1514892965568547,-3,2,3,1,0,-1,-2,0
1514892965568547,0,-3,-1,-1,-3,-2,-2,-2
1514892965584058,-1,-3,-1,-1,-4,-3,0,-1
1514892965584058,0,-1,-1,-1,-2,-2,0,-1
1514892965585559,1,0,-3,-1,1,2,-1,-2
1514892965585559,-1,-4,-1,-2,0,1,-2,-2
1514892965606564,-2,-2,-1,-2,0,0,0,-2
1514892965606564,1,1,-2,-2,-1,0,-1,1
1514892965608066,-1,0,-2,0,-2,-1,-2,1
1514892965608066,-2,-1,-2,0,0,-2,-3,-1
1514892965620574,-1,-2,-4,0,-1,-3,-3,-1
1514892965620574,-2,1,1,-1,0,0,1,0
1514892965627580,0,-1,-1,-3,0,-2,0,-1
1514892965627580,-2,-2,-2,-1,0,-1,-1,-2
1514892965644100,-2,-3,-1,0,-2,-2,-1,-1
1514892965644100,-1,0,0,-1,-1,0,-2,-3
1514892965645602,-4,2,-3,-2,-2,0,-1,-1
1514892965645602,-4,-3,-1,-1,-3,0,0,-2
1514892965667107,-1,-1,0,-1,0,0,0,0
1514892965667107,-2,1,-1,-2,-1,-2,-1,1
1514892965668609,2,0,-1,-1,-1,-2,1,-1
1514892965668609,1,-2,-2,0,0,0,-1,-3
1514892965680630,1,-2,0,-2,-1,-1,1,-2
1514892965680630,-1,-1,-1,-1,-1,-1,-2,-2
1514892965689135,-1,1,0,-2,-2,-2,-1,-1
1514892965689135,-2,-1,-1,0,-1,-2,-1,1
1514892965704151,-2,-3,0,0,-2,0,-2,-2
1514892965704151,0,0,0,1,-1,0,-1,-1
1514892965706648,-2,-2,-1,-3,-1,0,-2,-1
1514892965706648,0,-2,-2,-1,-3,-1,0,0
1514892965727150,1,-1,-2,-2,1,0,-1,-3
1514892965727150,-1,-1,-1,-1,-1,-1,-1,-2
1514892965728651,-1,0,-1,-2,1,0,-1,-1
1514892965728651,-1,-1,0,-2,0,0,0,1
1514892965740159,-1,-2,0,1,0,-1,0,0
1514892965740159,-2,-1,-1,-1,-2,-2,-2,-2
1514892965749167,0,1,-1,-2,0,1,-2,-1
1514892965749167,0,-1,-3,2,-1,1,0,-1
1514892965764176,0,-2,1,-3,-1,-2,-1,0
1514892965764176,-1,0,0,-1,-1,-1,-1,0
1514892965766187,-2,1,0,-1,-2,-3,1,-3
1514892965766187,-2,-4,-3,-1,-1,0,-1,-2
1514892965786191,-2,-3,-3,-2,-1,-1,-3,0
1514892965786191,0,1,-1,-1,1,-1,-1,0
1514892965788193,-1,2,-2,0,0,-1,-1,-1
1514892965788193,-2,-2,2,0,-2,-2,0,-1
1514892965808708,0,-2,-1,-1,0,-1,-1,-2
1514892965808708,-2,0,-1,-3,-4,-1,-2,0
1514892965810709,-1,-1,-2,2,-1,-1,-1,0
1514892965810709,-1,-3,-1,-2,-1,-2,-1,-2
1514892965831238,-2,-2,3,-2,-2,0,-2,-2
1514892965831238,-2,1,-2,-1,-1,-1,-1,-2
1514892965833231,-1,3,-3,0,-1,0,1,-1
1514892965833231,-1,-3,0,-2,-2,-2,-2,0
1514892965846237,-2,-2,-3,-1,-2,-1,0,0
1514892965846237,-1,1,-2,-1,0,0,-1,0
1514892965848235,-1,-1,-3,-1,0,0,-2,-2
1514892965848235,1,-1,0,-2,0,-1,-2,-2
1514892965860256,0,-2,-2,-1,0,0,0,0
1514892965860256,0,-1,1,-1,-3,-2,-2,-1
1514892965869250,-1,-1,-1,-1,-1,-1,-2,0
1514892965869250,-1,-1,0,-2,0,-1,-1,-1
1514892965891266,-3,-2,-1,0,-2,-2,-2,-3
1514892965891266,-1,1,-2,1,-1,-1,-1,-2
1514892965892786,-1,-1,3,-2,-1,-1,-1,-1
1514892965892786,0,-3,-7,-3,-2,-1,0,-3
1514892965914282,-2,-1,2,0,-1,0,0,0
1514892965914282,1,2,-2,-1,-1,-1,-1,-1
1514892965915784,-2,0,-2,-2,-3,-1,-2,0
1514892965915784,-3,-1,-1,-2,-2,-1,-3,0
1514892965919786,-1,-3,-4,-1,0,-2,-2,-1
1514892965919786,-2,-2,-3,-1,-1,-2,0,-2
1514892965929296,2,0,2,0,-1,-2,0,0
1514892965929296,-2,-3,1,0,0,1,-1,-1
1514892965944304,-2,-3,-2,-1,-1,-1,-1,0
1514892965944304,-1,-1,1,0,-1,0,-2,-2
1514892965946805,-1,0,-4,-1,0,-2,0,0
1514892965946805,-2,-4,-1,0,-1,0,-1,-1
1514892965966834,-1,-2,-2,-1,-1,-2,0,-1
1514892965966834,-1,1,0,-2,-2,-2,-2,-1
1514892965968322,-1,0,-3,-3,-3,-1,0,1
1514892965968322,0,-2,-1,-1,-2,-1,-1,-1
1514892965980335,-2,-2,-2,-1,-1,2,0,-1
1514892965980335,-3,0,2,-1,-1,1,1,-1
1514892965989337,1,1,-1,0,0,-1,-2,0
1514892965989337,-1,-1,-1,-2,0,0,0,2
1514892966004349,-1,-4,-4,-1,-2,-1,-2,-1
1514892966004349,-2,-2,-6,-2,-1,-3,-1,-2
1514892966005847,-1,0,3,0,-1,-2,-1,-3
1514892966005847,-1,-2,-1,0,-1,-2,0,0
1514892966026863,-1,-2,-1,1,-1,-2,-1,-2
1514892966026863,-2,0,-1,-2,-1,-2,-1,1
1514892966027862,-1,1,-2,-1,-2,0,-1,-2
1514892966027862,-3,-2,-2,-2,-1,-1,-2,-2
1514892966040371,-2,-3,0,-1,0,-1,-2,1
1514892966040371,1,0,-1,1,-3,-2,-2,1
1514892966051382,-2,0,-4,-2,-1,-2,-1,-1
1514892966051382,1,-3,2,-1,-2,-1,0,0
1514892966063905,-1,-4,-3,-2,-2,0,-2,-2
1514892966063905,-1,2,0,-2,-1,0,0,-1
1514892966065389,-1,1,-3,-2,-3,-2,-2,-2
1514892966065389,1,-2,3,2,-1,-2,-1,-2
1514892966086411,-1,-3,1,0,-2,-2,0,2
1514892966086411,0,1,-2,-2,0,0,-1,1
1514892966088908,0,1,-2,-1,-1,0,-2,0
1514892966088908,-2,-2,-2,-1,0,1,0,-1
1514892966116939,-1,-3,-1,-1,-1,-1,0,-1
1514892966116939,-2,1,-2,0,-2,-1,0,-3
1514892966118428,-2,1,-2,-2,-1,-1,-1,0
1514892966118428,-1,-2,-1,-1,-2,-1,-1,-1
1514892966123931,-1,-1,1,-1,-2,0,0,-1
1514892966123931,0,0,1,-1,0,-2,0,-2
1514892966127433,-1,-1,-1,-1,-1,-1,-2,0
1514892966127433,-1,-2,0,-3,-2,-2,0,-1
1514892966147447,-1,-3,-1,-1,1,-2,0,-1
1514892966147447,1,-1,-1,-3,2,-2,-2,-2
1514892966153452,-2,1,-2,-1,-2,-1,0,-2
1514892966153452,-1,0,-1,-1,-1,0,-2,1
1514892966176468,-3,-3,-2,0,-2,0,-1,1
1514892966176468,-2,-2,-5,0,0,-1,-2,0
1514892966177972,-1,0,0,-4,-1,-2,-2,-1
1514892966177972,0,-2,3,3,-1,0,0,-2
1514892966183476,1,-1,-1,-3,1,-2,-1,-2
1514892966183476,-2,-1,0,-1,-1,-2,-2,-1
1514892966192480,3,0,-2,0,-1,-2,-1,0
1514892966192480,-2,-3,-4,-1,2,-3,0,-1
1514892966206489,1,0,-1,0,1,-2,-2,-1
1514892966206489,-1,0,-1,-3,-1,1,-1,-1
1514892966207991,-1,-1,-2,0,2,0,-2,-2
1514892966207991,-2,-4,-2,-2,-2,-2,0,-1
1514892966229004,-1,-2,-5,2,-1,1,-1,0
1514892966229004,-1,-2,5,-1,-4,-1,-2,-1
1514892966230505,-1,-1,-1,-1,-1,-2,-1,-1
1514892966230505,-2,-3,-2,-2,0,-1,-2,-1
1514892966243516,-2,-2,0,-1,-2,-3,-1,-1
1514892966243516,2,0,-4,0,-1,-2,-1,-1
1514892966251022,-1,1,-1,-2,-2,-1,-1,0
1514892966251022,0,-4,-5,-2,-2,1,-2,-3
1514892966267534,-2,0,5,1,-1,1,0,-2
1514892966267534,0,1,-1,-1,-1,-1,-3,-1
1514892966271036,-3,0,-2,-2,-1,-2,-1,0
1514892966271036,-1,-1,-3,-1,1,-3,-2,0
1514892966289049,-1,-2,-2,-3,0,-1,-2,-1
1514892966289049,-2,1,-5,-2,-1,-1,-1,0
1514892966290552,-3,-1,1,1,-1,-2,-1,-2
1514892966290552,-1,-2,1,0,-1,-1,-2,-2
1514892966311562,-1,-2,-1,-4,-2,-2,-2,-2
1514892966311562,0,2,-1,-1,0,0,-1,-4
1514892966313064,0,0,-4,-3,-2,-2,0,-2
1514892966313064,0,-1,0,-1,-1,-1,-1,1
1514892966326573,0,-2,-1,-1,-2,-1,1,0
1514892966326573,1,-1,-2,-2,0,-2,-1,-1
1514892966328074,1,2,-5,-2,-1,-1,-2,-1
1514892966328074,-3,0,4,2,0,0,-2,-1
1514892966349090,-3,-2,-4,-2,0,-1,-1,-1
1514892966349090,-3,1,-2,-2,-2,0,-1,0
1514892966351595,-2,-1,0,0,-2,0,-1,-1
1514892966351595,-1,-3,-3,0,-2,-1,0,-1
1514892966363599,0,-3,0,-2,-2,-1,-2,-3
1514892966363599,-1,-1,-1,1,-2,-2,-1,0
1514892966370106,0,-1,-2,-1,-1,-2,-2,-1
1514892966370106,0,-1,-3,-3,-1,-1,0,-2
1514892966386616,-1,-5,-1,1,-1,1,0,0
1514892966386616,-1,0,-2,-2,-2,0,0,-2
1514892966388117,1,0,1,-3,-1,-2,-1,0
1514892966388117,0,-1,-2,-1,-1,-1,0,-2
1514892966409132,-2,-1,-2,2,1,0,0,0
1514892966409132,-1,-2,2,-2,-1,-2,-1,-1
1514892966410635,-2,1,-1,-2,-1,0,-2,-1
1514892966410635,0,-3,-2,-1,-2,-1,1,-1
1514892966424145,-2,-2,-1,-1,-1,0,0,-1
1514892966424145,-2,0,-3,0,-3,0,-2,0
1514892966430147,0,0,-2,-2,-1,1,-1,0
1514892966430147,-1,-2,0,-2,0,0,-1,-2
1514892966454164,-1,-2,-1,0,-1,-1,-2,-3
1514892966454164,-2,0,1,0,-1,-1,-1,1
1514892966455664,-1,-1,-1,-1,0,-3,-2,0
1514892966455664,-1,-1,1,-1,1,-2,-1,-1
1514892966469175,1,-1,-3,-2,-1,-1,-1,-1
1514892966469175,0,1,-2,-1,0,0,1,1
1514892966470675,-2,-1,-1,-2,-1,0,0,-2
1514892966470675,-2,-1,-4,-3,-2,0,0,0
1514892966483185,-1,-2,3,2,0,-2,-2,-2
1514892966483185,-2,0,-2,-3,0,-2,-1,-1
1514892966490189,-1,-1,-1,0,-3,0,-1,-1
1514892966490189,-3,-2,-2,-1,-1,-1,-1,0
1514892966506214,-1,-1,-2,-1,0,-1,-1,1
1514892966506214,0,1,3,2,0,0,-1,-2
1514892966508216,-1,-1,-1,-1,-1,-1,-1,0
1514892966508216,1,-2,-1,1,-1,-3,-2,-1
1514892966529216,0,-2,0,0,-1,1,0,-1
1514892966529216,1,-2,-6,-4,-2,-3,-1,-1
1514892966530717,-1,0,-2,-3,-2,-2,-1,-2
1514892966530717,-4,-3,2,1,-2,-1,0,-1
1514892966544230,-2,-2,-1,-1,0,-1,-2,-1
1514892966544230,-1,-1,-4,0,-2,-2,-2,-2
1514892966550231,0,-2,0,-4,-2,1,-1,-3
1514892966550231,1,-4,-2,-1,0,-1,0,0
1514892966566743,0,-1,1,1,-1,-1,1,0
1514892966566743,-3,2,-2,-2,-3,-1,-2,-2
1514892966568246,-1,-1,-2,-3,-1,-1,-2,0
1514892966568246,-1,-2,1,0,-2,-1,-3,0
1514892966588758,0,-2,-2,0,1,-1,0,-3
1514892966588758,0,-1,0,1,0,-1,0,-2
1514892966590760,-1,1,-1,0,-1,-4,-1,-1
1514892966590760,0,-3,-4,-2,0,0,-1,-2
1514892966602770,-1,1,4,2,-2,1,-1,-1
1514892966602770,-1,-3,-1,-1,0,0,-1,-2
1514892966611274,-2,-2,-1,-2,0,-1,-2,-2
1514892966611274,-1,-3,-5,-2,-1,-1,-1,-1
1514892966626285,-2,0,2,-2,0,-1,-1,0
1514892966626285,0,1,-1,1,-1,-2,-1,0
1514892966627786,-2,0,-1,2,-1,-1,-1,0
1514892966627786,-2,-2,-1,-3,-2,-2,0,0
1514892966656307,0,-2,-5,-2,0,-2,-1,0
1514892966656307,0,0,0,-1,0,0,-2,0
1514892966657807,-1,-1,0,1,0,-3,-1,0
1514892966657807,-2,-2,-5,-1,-2,-1,-1,-1
1514892966671316,1,0,4,2,-2,-1,-1,0
1514892966671316,-3,0,-1,-2,-1,-1,-2,0
1514892966672818,-1,-1,-3,-2,-2,0,-1,-1
1514892966672818,-3,0,0,1,2,-1,1,-1
1514892966686327,-1,0,-4,-1,0,-1,-1,-1
1514892966686327,-1,-2,-2,-1,0,-2,0,-2
1514892966687828,1,-1,1,0,-1,-1,0,0
1514892966687828,1,-3,0,-1,-2,0,-3,-2
1514892966708858,-2,-2,-4,-3,0,-1,0,-1
1514892966708858,-1,2,1,-1,-1,-1,-1,-1
1514892966710352,0,2,-3,0,1,2,-1,-1
1514892966710352,-2,0,4,1,0,-3,-2,0
1514892966731872,-1,-1,-2,0,-2,0,0,-1
1514892966731872,-2,-2,-4,-4,-1,0,0,-1
1514892966733361,0,-2,3,2,0,-2,-1,0
1514892966733361,0,-2,-4,0,-1,-1,-1,-2
1514892966746370,-2,-2,-3,-1,-1,-2,-2,-1
1514892966746370,-1,1,2,-1,-1,-2,-1,-2
1514892966747871,-4,-2,-4,-3,-3,-2,-1,-1
1514892966747871,0,-3,-2,0,-1,-1,-1,-1
1514892966767885,-1,0,3,1,-1,-1,0,-1
1514892966767885,0,1,-3,-1,-1,1,-1,0
1514892966776391,-1,-2,-2,-2,-2,-1,0,-1
1514892966776391,0,0,-3,-1,-2,-4,-1,0
1514892966782413,0,-3,-4,-2,0,-1,0,0
1514892966782413,-2,0,6,3,-1,-4,0,0
1514892966792403,-2,-2,-1,-2,0,0,-2,-1
1514892966792403,-3,-3,0,0,-3,-2,0,0
1514892966806424,0,0,-4,-2,-3,-1,-1,-2
1514892966806424,-1,2,2,-2,-2,-1,-2,-1
1514892966807917,-1,-2,-2,-1,-1,-2,-1,-1
1514892966807917,-2,-3,-2,-3,-2,1,-1,0
1514892966828953,-3,-2,-1,0,-2,-2,0,0
1514892966828953,-1,0,-4,0,0,0,-1,-1
1514892966831430,-2,-2,0,-1,0,-3,-1,-1
1514892966831430,-1,-1,-2,-4,1,2,-2,0
1514892966842438,1,-1,-1,-2,0,-1,1,-2
1514892966842438,0,-2,1,1,-3,0,-2,-1
1514892966851444,0,-2,2,-1,-3,-2,-1,0
1514892966851444,0,-2,-2,0,0,-1,-1,-2
1514892966866454,-1,0,-1,-1,-1,0,-2,0
1514892966866454,-1,1,-4,-2,-3,-1,0,-3
1514892966867955,1,-1,-1,-1,-1,0,-1,-2
1514892966867955,-2,-2,0,-1,-1,0,-2,-2
1514892966888983,-1,-1,-9,-3,0,-2,-2,-1
1514892966888983,0,0,5,-1,1,-1,-1,0
1514892966890484,0,-1,-1,0,-1,-1,-1,-1
1514892966890484,-3,-3,-3,-2,-2,-1,0,-3
1514892966902480,-2,0,5,1,0,-1,-2,-1
1514892966902480,0,-3,3,-3,-2,0,0,0
1514892966913488,-1,-2,-3,-3,0,0,0,0
1514892966913488,-2,-2,4,2,-1,0,-1,0
1514892966926497,0,-1,-3,-1,-2,-2,-1,0
1514892966926497,-1,-3,-9,-2,-1,-4,-1,-2
1514892966927998,-2,-4,-7,-7,-2,0,-1,-1
1514892966927998,0,-2,9,3,2,0,-1,-2
1514892966949015,-4,-3,0,7,0,-2,-1,-2
1514892966949015,1,6,5,-6,-4,0,1,-1
1514892966950515,-1,-2,-3,-3,-3,0,0,0
1514892966950515,-1,-2,-12,4,2,0,0,-1
1514892966962546,1,0,8,-26,-7,-1,-1,-2
1514892966962546,-3,1,9,13,3,-1,-5,-3
1514892966971538,-2,-3,1,-3,-1,1,0,1
1514892966971538,-2,-2,-8,-8,-4,-3,0,1
1514892966986540,-2,0,1,9,0,-3,0,0
1514892966986540,2,-1,-12,-7,0,0,0,0
1514892966988041,-1,-1,3,3,-3,-1,-2,-2
1514892966988041,1,-2,0,-4,1,0,-1,0
1514892967009065,-1,1,0,-6,-3,0,-2,0
1514892967009065,-1,2,2,4,-1,-1,-1,0
1514892967010560,-2,-3,0,5,-1,-1,-2,-3
1514892967010560,-1,-4,-8,2,-1,0,1,-1
1514892967022569,-3,-1,-8,-7,0,2,-2,-5
1514892967022569,-2,0,2,-11,-1,0,-2,-1
1514892967031581,1,4,13,3,-1,-3,-2,0
1514892967031581,-4,-7,5,4,-1,-2,0,-1
1514892967054097,0,0,-5,-5,-3,0,-2,1
1514892967054097,-2,-1,-14,-5,0,2,0,-2
1514892967055589,-1,-3,4,21,2,-2,-1,-1
1514892967055589,5,-1,-2,-8,-4,-2,-2,1
1514892967069598,1,3,-10,-19,-4,0,0,0
1514892967069598,1,0,5,4,1,-2,3,2
1514892967071612,-1,-6,-19,-17,-1,0,-1,-1
1514892967071612,-5,0,6,16,-2,-3,-4,-3
1514892967092114,0,5,24,-3,-1,-1,1,4
1514892967092114,-4,-6,-10,-17,-6,-3,-2,-3
1514892967095620,-1,-2,-2,10,3,1,0,-2
1514892967095620,-2,-2,-12,-10,-4,-1,-2,-2
1514892967106624,-2,-2,-11,12,-1,-1,-2,-3
1514892967106624,-1,2,41,2,2,0,-2,-4
1514892967108125,-1,-5,1,4,0,0,-1,0
1514892967108125,0,-3,5,-7,-1,-1,0,0
1514892967129150,0,-1,-22,2,2,0,1,-1
1514892967129150,0,2,-1,9,-3,-3,0,2
1514892967130658,-2,-3,0,-11,1,0,-2,0
1514892967130658,-1,2,8,-1,4,0,-1,0
1514892967151406,-3,1,14,5,-4,-1,0,1
1514892967151406,0,0,2,2,-5,-2,-2,-1
1514892967152895,1,1,-2,14,2,0,-1,-4
1514892967152895,-1,-2,-14,-34,-3,-1,0,0
1514892967166406,-2,-2,21,21,2,0,-2,0
1514892967166406,-3,3,-21,-14,1,2,1,1
1514892967168906,3,-5,-8,-12,-6,0,0,-2
1514892967168906,2,2,30,8,2,2,2,-1
1514892967188920,2,-1,-3,-13,-9,-2,-2,-2
1514892967188920,-9,1,4,9,2,-2,-5,-3
1514892967190424,-3,-3,-16,-14,-2,-2,-2,2
1514892967190424,-1,0,15,13,-1,-2,-3,-1
1514892967211431,-3,-5,-11,5,-2,-2,-3,-3
1514892967211431,2,1,-2,-13,-4,0,1,0
1514892967212956,-1,-8,-4,8,-4,-3,0,-2
1514892967212956,0,-4,-2,-2,5,0,-2,-2
1514892967225937,-2,3,-10,-9,-3,-3,-2,-1
1514892967225937,5,9,9,7,-2,-4,-6,-3
1514892967232945,-4,0,7,-3,-3,-3,-3,-3
1514892967232945,-2,-10,-12,4,-5,-3,0,0
1514892967248953,1,2,6,12,0,1,-1,-3
1514892967248953,0,-3,-19,-1,0,0,0,0
1514892967250458,1,2,-13,-16,3,2,0,2
1514892967250458,-4,-5,33,28,4,-1,-4,-5
1514892967271479,2,4,-32,15,6,3,1,1
1514892967271479,3,3,-30,-38,-1,0,1,1
1514892967272970,-4,3,16,4,-6,-3,-3,-5
1514892967272970,-2,-2,-21,-9,0,-1,0,3
1514892967285479,-3,-2,9,-5,-5,-4,-2,-4
1514892967285479,1,-8,-38,-5,-3,1,0,1
1514892967292484,-2,-2,26,9,-2,-4,-2,-2
1514892967292484,-4,-1,0,3,-2,0,0,-1
1514892967308997,0,6,-1,-12,1,-3,-2,-1
1514892967308997,-1,1,21,21,-2,-1,-4,-3
1514892967310498,2,-5,-20,-15,2,1,2,3
1514892967310498,-4,-1,2,21,-6,-4,-2,-1
1514892967332512,0,1,25,-10,6,2,-1,2
1514892967332512,-1,-2,0,-2,-1,-1,-1,-1
1514892967333014,-2,-5,-19,1,-3,-2,-2,-3
1514892967333014,2,6,0,-4,-5,-2,-1,0
1514892967345031,-3,-6,-14,9,3,1,-1,-3
1514892967345031,0,1,13,-5,1,2,2,0
1514892967353037,0,-1,-4,-4,0,-2,-1,0
1514892967353037,-2,-6,20,-1,-1,-1,1,1
1514892967368046,-3,3,-20,-1,-2,-2,-1,0
1514892967368046,-2,3,10,11,1,0,-3,-2
1514892967369039,-2,-3,5,9,-2,0,-3,-2
1514892967369039,0,-5,-28,-24,0,1,1,-1
1514892967390554,0,2,30,-2,-2,0,0,0
1514892967390554,2,0,-4,4,-2,0,0,0
1514892967391564,1,-3,-10,10,7,4,0,1
1514892967391564,-1,-8,-15,-19,-3,1,0,-2
1514892967405073,3,4,13,6,0,-1,1,2
1514892967405073,0,-4,-8,-3,-7,-7,-5,0
1514892967413079,-1,1,-8,-8,3,0,0,-3
1514892967413079,1,1,4,4,-1,-1,-2,-1
1514892967428080,-2,-3,-5,-4,-2,-2,-2,-1
1514892967428080,1,1,6,-2,0,-3,1,1
1514892967429081,-5,-3,-11,-3,-3,-3,-2,-1
1514892967429081,2,-3,-15,2,0,-2,-1,0
1514892967450596,-2,-8,-18,-9,-3,-2,-3,-1
1514892967450596,-5,-2,10,2,1,-1,-4,-7
1514892967451597,-5,1,15,0,-5,-1,-1,-1
1514892967451597,5,-2,-1,-2,-1,1,-1,-1
1514892967465110,-3,-5,-22,1,6,2,1,1
1514892967465110,3,4,12,9,-3,0,-1,1
1514892967473121,9,1,-4,-18,-4,-1,0,-2
1514892967473121,-10,-13,-10,-8,-5,-3,-5,-5
1514892967488132,3,1,9,-2,-3,1,-1,-3
1514892967488132,2,3,-9,-4,-1,0,-1,0
1514892967489133,13,-4,12,6,0,-2,-1,-5
1514892967489133,-7,4,-9,1,-2,-5,-3,-1
1514892967512139,-16,-8,-2,5,1,5,4,-2
1514892967512139,3,9,-4,-9,0,1,-2,2
1514892967514140,-9,-7,3,0,-3,1,-3,-2
1514892967514140,4,-3,-4,-4,-1,-3,-6,-3
1514892967525154,-1,6,12,5,0,-3,-2,-3
1514892967525154,9,-1,-1,-2,-3,-2,-4,4
1514892967540673,-8,-1,3,4,1,-5,-14,-4
1514892967540673,-5,-22,-10,-9,-3,-4,25,27
1514892967548175,9,9,12,-2,-3,-4,-9,-12
1514892967548175,-11,1,-3,8,3,1,3,-9
1514892967549167,13,4,10,9,1,-10,-28,-8
1514892967549167,-48,4,-5,-7,-3,15,-7,7
1514892967570681,5,9,-26,-5,4,21,74,38
1514892967570681,-28,-28,-4,-8,-4,0,16,-12
1514892967571682,-2,-2,17,5,-1,0,1,15
1514892967571682,14,-8,-11,-2,-2,-11,-18,-52
1514892967585191,1,2,-1,-1,0,-7,-20,10
1514892967585191,1,10,-16,4,-5,-4,-2,6
1514892967609734,-6,-8,-11,-2,1,1,0,-19
1514892967609734,10,-10,-9,3,0,-3,-9,8
1514892967611209,4,7,39,12,-2,-7,-18,3
1514892967611209,6,11,-33,-12,6,3,-8,-6
1514892967612211,-32,-29,24,-2,-3,-6,-4,1
1514892967612211,3,15,8,7,2,5,2,-11
1514892967630735,-14,-2,-5,1,-4,-1,2,-4
1514892967630735,-14,-3,42,-14,-5,-6,-2,11
1514892967631733,3,-8,-23,-5,-8,-4,17,32
1514892967631733,-7,-6,0,7,13,16,18,9
1514892967653754,-1,-6,-6,-1,-5,-13,-21,-84
1514892967653754,0,7,12,3,-3,-7,-38,-17
1514892967654741,-8,9,-7,-6,-1,10,27,3
1514892967654741,18,6,37,3,-1,-3,4,8
1514892967668250,4,0,-63,-15,-4,-6,-4,5
1514892967668250,14,-16,-6,7,4,-3,-7,6
1514892967669251,4,-2,-11,-3,0,1,1,-11
1514892967669251,-12,6,-9,7,-4,-2,2,-5
1514892967690766,15,-8,33,-7,0,-6,-16,12
1514892967690766,-15,9,-20,6,1,5,0,-27
1514892967691266,31,12,-3,5,6,7,10,10
1514892967691266,10,-9,-18,-13,-7,-7,-5,-10
1514892967714282,-30,7,34,9,3,5,1,2
1514892967714282,9,-8,-14,6,10,1,-2,4
1514892967715287,1,22,19,2,5,0,8,-1
1514892967715287,-3,-15,-30,-9,3,-2,-28,-3
1514892967728304,4,6,21,-3,-7,2,41,12
1514892967728304,18,-1,-15,-15,-11,-3,13,33
1514892967728792,-11,1,-20,3,1,-2,-11,-53
1514892967728792,-14,-23,38,3,-6,-8,-7,-2
1514892967750808,-4,3,0,-5,-2,-3,-14,0
1514892967750808,-7,-2,-6,8,2,1,-4,0
1514892967751309,17,-3,13,-2,1,1,11,15
1514892967751309,-26,4,-3,-13,-8,-8,-18,-24
1514892967774325,27,11,9,10,8,5,9,-4
1514892967774325,2,-4,-5,-3,-3,0,-3,10
1514892967775326,-16,13,14,-1,-3,-8,-9,-4
1514892967775326,4,-10,2,4,2,8,4,36
1514892967788335,4,-8,-25,-9,-2,-2,-5,-3
1514892967788335,-8,6,1,-5,-6,-7,-8,-11
1514892967788834,9,-3,-2,-6,-2,4,9,4
1514892967788834,-4,7,14,9,1,-4,4,4
1514892967810850,-7,0,-21,-17,-2,-4,-12,4
1514892967810850,10,2,7,0,-2,1,5,-3
1514892967812351,-6,-12,-3,0,-1,-4,-15,7
1514892967812351,9,6,19,10,5,5,14,-2
1514892967832899,-12,-12,-17,-2,-1,1,-10,-2
1514892967832899,-11,3,12,4,1,0,4,-8
1514892967840872,-3,-11,1,-4,-4,-4,-9,4
1514892967840872,36,3,-35,-8,-1,1,9,2
1514892967848382,-45,-1,1,-1,-2,-4,-11,-16
1514892967848382,-7,2,12,4,1,8,16,11
1514892967848878,14,1,-14,-11,-8,-7,-13,2
1514892967848878,-12,2,-2,-2,2,11,27,-8
1514892967870893,8,-14,-2,1,-5,-6,-11,7
1514892967870893,-8,-1,-18,-6,-4,-3,-4,-8
1514892967871405,-11,5,3,4,0,4,4,2
1514892967871405,-4,4,4,-1,-4,-10,-7,-5
1514892967886403,5,-11,1,-2,-4,-1,-6,6
1514892967886403,-11,10,11,-3,0,0,-2,-46
1514892967892918,12,-11,-13,-3,0,2,3,5
1514892967892918,8,-2,5,0,1,-4,-7,1
1514892967909430,1,10,-2,2,-1,1,2,-4
1514892967909430,10,-2,26,0,-3,-7,-3,9
1514892967911431,-16,2,-32,-3,-1,-3,2,-4
1514892967911431,-5,3,0,-5,-3,-6,-10,-8
1514892967931439,29,7,5,1,3,2,5,30
1514892967931439,-7,0,-9,-3,-2,-3,-4,-23
1514892967932440,-32,-15,10,4,2,-1,-12,-40
1514892967932440,9,-4,0,-1,-1,-1,0,8
1514892967944948,-24,-1,-15,-3,-3,-3,12,0
1514892967944948,31,19,10,5,2,3,10,12
1514892967952965,-12,-17,-3,-2,-3,-4,-9,0
1514892967952965,-6,3,1,5,2,-1,2,12
1514892967968462,18,7,8,7,5,4,-9,-53
1514892967968462,-7,-11,-17,-1,2,1,8,9
1514892967968962,2,-3,-12,-8,-4,1,9,15
1514892967968962,11,6,5,0,-1,0,-13,-8
1514892967990489,-1,-8,-13,-3,2,1,2,9
1514892967990489,-19,0,0,-5,-6,-6,-14,-2
1514892967991490,24,25,29,8,4,1,3,-3
1514892967991490,1,-17,-9,1,2,3,7,7
1514892968022010,-4,8,12,6,3,0,-1,-7
1514892968022010,12,-9,-22,1,4,2,8,36
1514892968023501,-5,-8,-6,-6,-4,-5,-7,15
1514892968023501,1,9,6,4,-1,-2,1,-2
1514892968028004,-8,-15,-26,-11,-5,-2,-8,-4
1514892968028004,-12,1,12,1,0,0,9,32
1514892968029015,1,-18,-5,-1,1,-2,6,17
1514892968029015,-2,-2,3,0,-2,-5,-11,-12
1514892968050545,-13,3,-8,2,0,-3,-3,-7
1514892968050545,25,-2,10,-6,-2,-2,0,6
1514892968051525,-6,16,60,4,1,5,4,-5
1514892968051525,-13,-27,-89,-9,-4,-6,-3,-14
1514892968074046,9,-3,-3,-8,-9,-4,-2,40
1514892968074046,-39,-7,-3,1,3,-2,-17,-52
1514892968074536,28,-1,18,3,-1,2,19,39
1514892968074536,2,-2,7,2,5,2,-7,7
1514892968088055,1,11,13,2,-1,-2,1,4
1514892968088055,10,-2,0,1,-5,-2,-2,-6
1514892968089056,17,9,-19,-6,-3,-4,-16,8
1514892968089056,-27,-4,8,-3,-7,3,19,-10
1514892968110562,-53,-45,-15,-12,-5,-5,-4,-13
1514892968110562,3,10,1,8,5,-7,-5,5
1514892968111573,-23,2,-3,-2,-2,9,5,-20
1514892968111573,-21,-19,1,-1,-3,-2,3,13
1514892968134080,9,26,13,-3,1,-1,1,-41
1514892968134080,4,1,-10,-5,-4,-5,-19,-19
1514892968134579,-5,4,-6,-1,1,-5,-6,-11
1514892968134579,5,8,10,5,-2,2,-1,-34
1514892968148089,0,-1,0,1,0,0,4,1
1514892968148089,2,5,18,3,1,4,3,9
1514892968150092,19,-12,-49,-1,7,12,16,-9
1514892968150092,22,22,67,16,3,-2,-1,12
1514892968170605,19,1,-39,3,4,11,11,9
1514892968170605,-3,-15,-3,4,2,1,4,1
1514892968171605,7,7,1,-6,-11,-14,-44,-3
1514892968171605,-5,-4,5,-7,-4,8,45,100
1514892968194121,7,-4,5,-1,0,-8,-1,-16
1514892968194121,31,-13,-30,-11,-8,0,-2,0
1514892968194631,-7,9,26,2,-1,0,3,-10
1514892968194631,19,-2,-7,4,7,0,-36,16
1514892968209147,-37,12,15,4,-5,-11,-9,15
1514892968209147,44,8,-4,-7,-7,-5,-11,-43
1514892968211133,-5,-1,-10,-6,-6,-9,9,3
1514892968211133,2,7,12,-4,-4,4,0,7
1514892968230661,31,-8,-17,0,0,0,-17,-64
1514892968230661,-14,5,8,-5,-1,2,20,8
1514892968231648,-3,-33,-31,-7,-6,-12,-19,-33
1514892968231648,22,-9,-27,-9,-4,-6,-4,-77
1514892968254664,33,29,32,3,1,0,-15,13
1514892968254664,-22,-17,-10,-1,1,11,16,5
1514892968255665,91,31,51,19,11,4,7,35
1514892968255665,-49,-18,-36,-6,-4,-11,-11,12
1514892968268183,-5,3,7,-1,-3,-1,1,1
1514892968268183,-18,-22,-6,-14,-8,-14,-16,8
1514892968270184,-30,-12,11,10,6,10,24,1
1514892968270184,-5,-32,-19,-7,-4,-6,-4,-3
1514892968290699,-20,-8,-3,-1,0,5,-8,-37
1514892968290699,1,-2,-33,-17,-6,-8,-2,24
1514892968291700,-34,-5,1,-1,2,-3,-23,-20
1514892968291700,21,9,12,-2,-3,-1,0,26
1514892968313709,-10,-36,-34,-8,-7,-5,2,34
1514892968313709,8,23,37,14,7,6,10,-22
1514892968314722,-45,-31,-30,-9,-6,0,7,-15
1514892968314722,43,37,32,14,7,2,0,11
1514892968328729,43,-21,-26,-8,-12,-13,-14,6
1514892968328729,-25,-3,5,0,-3,-4,-27,-70
1514892968329718,-51,-13,-1,-9,-1,6,7,25
1514892968329718,43,54,27,-3,-2,-3,6,-20
1514892968350732,14,-11,-6,5,5,6,2,43
1514892968350732,2,17,12,2,0,-4,-3,26
1514892968351232,-15,-16,-28,-15,-10,-5,-1,-17
1514892968351232,-14,25,48,-6,-3,-9,-5,30
1514892968373749,-17,19,17,7,4,-2,0,7
1514892968373749,-1,-10,-33,3,3,19,20,30
1514892968374748,12,9,9,-5,-3,-2,-7,2
1514892968374748,15,40,16,4,0,1,-12,-4
1514892968388268,8,-27,-35,-8,0,-9,1,14
1514892968388268,3,24,34,-1,-1,-8,1,51
1514892968388758,49,-29,-30,-21,-14,-14,-13,-21
1514892968388758,-19,-28,-24,7,3,11,-1,-62
1514892968410784,11,17,8,-18,-10,-8,3,-5
1514892968410784,0,-21,-22,2,-1,-7,-3,18
1514892968411274,33,3,-12,-5,-3,-10,-16,39
1514892968411274,2,-29,-25,-6,-2,-1,18,0
1514892968441295,-19,27,32,-4,-4,0,-21,-21
1514892968441295,-20,-9,-4,-2,-5,-12,-23,-32
1514892968442297,57,49,29,11,7,4,14,24
1514892968442297,-27,-42,-6,10,1,-8,-6,-2
1514892968448312,-17,-18,25,14,-3,9,23,50
1514892968448312,35,49,43,0,4,0,7,-80
1514892968448801,-52,-49,-88,2,11,-11,-73,-59
1514892968448801,-14,25,-2,-2,9,26,20,5
1514892968470827,35,-21,-30,-18,-7,-3,4,-15
1514892968470827,42,-8,22,0,-11,-25,-41,5
1514892968471316,20,11,35,-2,-4,-2,11,-19
1514892968471316,-18,-4,-12,-1,5,18,39,-31
1514892968493832,-24,18,34,11,-1,-12,-18,-53
1514892968493832,-75,-3,-20,-3,4,1,5,-34
1514892968494843,-6,8,21,1,2,18,55,36
1514892968494843,-53,-31,-23,-10,-15,-20,-14,11
1514892968508353,0,-24,16,2,1,16,38,26
1514892968508353,35,26,-22,9,4,-9,14,-3
1514892968508845,-21,-13,-57,2,-1,-16,-78,-47
1514892968508845,87,46,27,4,12,34,72,9
1514892968530859,-83,-52,-64,-16,-5,10,-14,-54
1514892968530859,-84,-25,-28,-12,-13,-19,-21,27
1514892968531359,48,-5,32,-8,-7,8,28,63
1514892968531359,-79,9,6,-3,-4,-20,-33,-3
1514892968552887,1,28,21,14,6,-8,-18,50
1514892968552887,62,-27,-25,-5,-4,-15,0,39
1514892968560881,-115,-38,7,-7,-8,2,-10,-9
1514892968560881,81,38,72,20,4,7,11,14
1514892968568385,29,39,-23,7,16,19,22,-13
1514892968568385,11,1,16,7,-1,9,29,19
1514892968568886,-36,20,26,8,3,-24,-68,-40
1514892968568886,28,-8,6,-2,-8,-28,-40,-1
1514892968590916,-69,-13,-4,1,-6,-7,-24,-22
1514892968590916,-25,21,29,19,17,34,30,32
1514892968591402,58,10,-1,-14,-5,-3,24,5
1514892968591402,-42,-3,-24,-7,-5,-24,-11,-14
1514892968613927,38,11,10,-6,-6,6,48,44
1514892968613927,0,-43,-36,-7,-7,-2,-3,-40
1514892968614418,38,43,63,11,-1,-14,-22,-19
1514892968614418,-83,-37,-38,-4,2,9,35,5
1514892968628438,30,46,29,6,5,-19,-15,47
1514892968628438,49,20,-9,-24,-3,29,0,20
1514892968635443,18,18,-8,8,9,9,15,34
1514892968635443,57,-32,-24,-12,-14,-12,-74,-15
1514892968650444,32,-21,-2,-9,-18,-28,-41,-35
1514892968650444,-16,10,32,10,4,16,15,-24
1514892968651445,54,28,19,3,-4,4,34,14
1514892968651445,29,-68,-60,-1,10,9,-9,-23
1514892968673960,-58,15,-17,-3,0,15,-5,-44
1514892968673960,79,10,51,16,0,-30,-33,54
1514892968674460,-31,-78,-98,-34,-15,6,42,30
1514892968674460,-64,8,21,8,10,10,6,12
1514892968687470,-25,2,20,-5,-6,29,22,-73
1514892968687470,-74,1,30,24,35,22,14,0
1514892968695976,41,-36,-18,14,2,-15,-32,52
1514892968695976,14,33,-3,1,-2,9,-34,40
1514892968711999,52,11,2,1,7,24,26,47
1514892968711999,-7,-38,-29,-18,-25,-32,-40,-31
1514892968712988,-39,17,-4,-6,10,22,72,28
1514892968712988,-27,-9,2,7,-1,-35,-17,-82
1514892968735003,79,29,4,3,0,-12,-1,61
1514892968735003,-43,17,21,2,3,16,63,-31
1514892968736514,-56,-15,-8,11,5,6,-58,-10
1514892968736514,-26,-8,-8,-31,-15,-13,41,-35
1514892968747512,21,-4,4,12,9,11,-10,12
1514892968747512,16,-43,-33,-10,-8,-3,-3,15
1514892968755518,-38,-32,-18,-5,3,27,54,-10
1514892968755518,60,43,34,2,6,3,9,31
1514892968770529,-35,-50,-53,-15,-7,-29,-29,-26
1514892968770529,84,8,-31,-3,4,4,-40,-30
1514892968771530,1,4,31,17,-2,4,-37,-54
1514892968771530,-46,25,53,2,-4,6,1,19
1514892968794058,77,-14,-4,5,7,-25,-83,-10
1514892968794058,31,7,-23,-4,-3,-8,-28,-2
1514892968794547,-38,-11,6,-12,-8,-34,-18,7
1514892968794547,92,14,-6,-3,-5,4,17,50
1514892968807554,-50,31,74,15,7,1,41,16
1514892968807554,-33,-30,-83,-28,-20,-23,-13,51
1514892968815568,-61,7,42,-1,-8,-7,-42,-92
1514892968815568,49,-28,-44,-9,-8,-9,4,21
1514892968830571,42,-6,-33,-17,-6,-3,-22,-14
1514892968830571,24,33,48,-1,-2,-7,-29,19
1514892968831571,20,13,-6,-3,0,-4,-12,0
1514892968831571,-46,-11,-4,-4,-7,-14,30,-1
1514892968854087,-26,-1,-5,-1,-1,6,30,-5
1514892968854087,25,31,72,11,5,-2,-54,-35
1514892968854588,9,-22,-85,-41,-22,1,79,-1
1514892968854588,24,22,50,5,5,3,-3,7
1514892968867610,-24,15,-66,-9,-2,-23,-54,89
1514892968867610,15,28,35,-1,-4,16,88,14
1514892968875615,4,6,41,28,15,0,-77,67
1514892968875615,71,21,3,7,9,7,23,93
1514892968890613,-55,-7,-3,-15,-12,-32,33,-56
1514892968890613,1,23,35,11,8,25,8,25
1514892968891614,-42,-26,-29,-1,2,-11,-2,0
1514892968891614,37,3,-9,-6,-2,7,-22,14
1514892968913642,20,-4,-29,-4,0,-2,-32,-44
1514892968913642,-89,-46,-20,-11,-12,-18,-8,-14
1514892968914631,49,2,5,-4,-1,13,42,-34
1514892968914631,-63,-5,7,-2,0,0,-78,-50
1514892968928640,-16,-3,60,13,5,30,107,68
1514892968928640,35,-62,-89,-11,-15,-32,-15,28
1514892968935657,16,11,15,1,5,5,-53,7
1514892968935657,2,31,23,17,5,-1,-1,-30
1514892968950667,12,1,-27,-11,-3,-4,-52,-12
1514892968950667,0,-11,-5,-1,9,23,36,64
1514892968951656,-6,44,83,17,5,-10,1,0
1514892968951656,-28,-39,-57,-18,-3,5,20,4
1514892968981190,37,49,90,21,11,30,71,24
1514892968981190,14,-17,-42,-1,4,2,-17,-1
1514892968982191,104,8,-17,-3,-2,-9,20,19
1514892968982191,-6,-8,-7,-13,-10,-8,-8,-20
1514892968996203,-3,-21,-46,-6,-5,-2,-3,9
1514892968996203,-56,-1,18,0,-6,-21,-31,-77
1514892968997203,16,1,10,-1,-4,4,18,-16
1514892968997203,-66,34,18,13,13,35,35,-21
1514892969011699,-9,-28,3,-5,-4,-13,-33,-54
1514892969011699,-19,-18,-4,-4,-5,-4,13,13
1514892969013700,-55,-26,2,1,-1,20,-1,30
1514892969013700,-14,2,-21,-5,-1,2,16,4
1514892969033214,19,13,12,2,0,-6,-40,37
1514892969033214,-1,12,-16,-3,4,19,29,-8
1514892969040728,-36,-3,19,7,-5,-10,31,29
1514892969040728,-8,-33,-3,10,6,16,5,-36
1514892969056740,-46,-3,14,2,-5,-11,3,-28
1514892969056740,84,21,24,12,8,2,-12,3
1514892969057241,0,-17,-27,-7,-6,-5,-37,-9
1514892969057241,-19,-8,-14,-2,-4,-9,28,-7
1514892969070750,-25,18,-7,1,0,0,32,50
1514892969070750,14,21,71,1,8,43,15,-46
1514892969071241,19,49,-18,-3,0,-3,35,19
1514892969071241,-61,-28,-37,-12,-9,-9,-39,21
1514892969093767,25,32,36,4,2,6,-73,-46
1514892969093767,-110,-45,-41,2,6,5,11,-22
1514892969094758,-8,-9,18,5,-1,2,2,-41
1514892969094758,36,24,1,2,-1,3,43,22
1514892969116287,46,-13,-25,-10,1,-1,-40,3
1514892969116287,-77,8,14,1,-1,-6,-29,-52
1514892969117276,-25,-7,19,-6,-6,-1,16,-68
1514892969117276,96,4,-8,10,0,-9,-6,-9
1514892969130782,52,8,-19,-6,-4,5,32,41
1514892969130782,24,10,11,9,13,3,-5,29
1514892969131283,20,-21,-10,1,0,-28,-20,-16
1514892969131283,71,7,-12,-11,-7,-6,-8,29
1514892969161804,34,14,39,7,1,7,79,57
1514892969161804,-1,-4,3,7,-2,-12,-32,-3
1514892969162806,-43,-27,-46,-1,4,11,63,15
1514892969162806,-18,34,41,11,14,57,18,30
1514892969177316,46,-15,-28,2,4,8,35,68
1514892969177316,2,3,9,-3,-4,-1,-12,7
1514892969178817,-18,15,21,6,7,10,-20,39
1514892969178817,48,-9,3,0,-4,-26,-42,-4
1514892969190825,-74,-19,-16,2,0,-2,15,-5
1514892969190825,-9,-11,-1,-9,-13,-17,-33,-4
1514892969191325,30,12,16,-2,5,6,10,-13
1514892969191325,-57,-4,-1,-9,-5,-19,-1,-12
1514892969213841,-61,-23,-39,-12,-4,2,-47,-46
1514892969213841,-4,9,22,0,-6,-14,1,30
1514892969214842,7,-9,20,-1,-1,5,6,2
1514892969214842,-24,0,3,4,1,3,11,57
1514892969235857,-35,-10,-13,-2,1,-18,-7,-34
1514892969235857,48,-3,-27,-9,-1,6,13,-2
1514892969236858,-35,-11,-30,-7,-14,-26,-25,-9
1514892969236858,35,17,16,-4,2,15,-14,-3
1514892969252371,-52,-4,0,-2,-10,-40,-78,-7
1514892969252371,24,4,-8,-6,-5,2,40,1
1514892969252879,-78,-12,-28,-6,2,15,44,18
1514892969252879,-49,-52,-15,-7,-9,-20,-88,-25
1514892969274394,-6,2,14,0,-3,11,64,-48
1514892969274394,3,6,8,1,3,-15,-15,1
1514892969274884,13,-51,-38,-11,-12,0,-12,4
1514892969274884,-13,-1,-20,-4,-9,-33,-40,-24
1514892969296410,-19,16,3,-6,4,33,12,-67
1514892969296410,-50,-31,-14,-4,2,15,47,40
1514892969296901,55,7,15,19,10,26,-5,-5
1514892969296901,-53,-3,-10,-7,2,8,28,-4
1514892969310911,28,-9,13,-1,-5,-11,42,24
1514892969310911,36,-1,0,5,-4,2,5,-40
1514892969311410,59,9,-21,2,5,-4,-18,-55
1514892969311410,84,7,43,11,1,-5,40,25
1514892969333928,63,9,-23,-10,0,16,23,-41
1514892969333928,-6,-12,-7,-8,-6,-23,-41,-17
1514892969334928,19,22,21,2,-6,-24,-27,-6
1514892969334928,-53,-38,-37,0,1,5,-21,36
1514892969356491,-16,32,67,15,4,-15,-43,-16
1514892969356491,8,-3,-29,1,0,24,43,-63
1514892969356988,47,-4,-16,-10,-3,3,26,8
1514892969356988,-8,14,-7,-4,-2,-5,-19,-3
1514892969370489,-7,-6,-30,-3,-2,-3,-1,6
1514892969370489,-24,15,11,1,-2,17,11,15
1514892969371490,-31,34,40,-3,2,-3,-7,-14
1514892969371490,20,-28,-2,-5,-3,-10,-70,-16
1514892969394005,22,-8,-51,-2,2,23,15,23
1514892969394005,18,12,13,-5,-8,-23,1,20
1514892969394506,-35,6,8,0,-2,-5,19,59
1514892969394506,38,4,-25,-13,-6,12,26,-28
1514892969416521,3,-16,26,7,7,3,-3,15
1514892969416521,82,-27,-27,-11,-7,-11,-20,46
1514892969418523,17,-6,19,9,4,-1,-14,-7
1514892969418523,6,26,-11,0,-3,-15,90,-7
1514892969430032,-7,-4,-6,-1,2,-1,-10,27
1514892969430032,-69,-20,-13,2,6,3,9,-9
1514892969439538,12,-20,28,5,2,20,0,19
1514892969439538,-26,5,34,-2,-6,-22,-37,4
1514892969454057,-31,-19,-73,-18,-13,-21,-61,-36
1514892969454057,-33,-29,-15,4,0,-10,-45,28
1514892969455559,82,13,20,1,-2,-13,14,19
1514892969455559,-47,-8,1,-3,-1,9,11,-13
1514892969476074,38,6,34,7,-3,-10,-10,38
1514892969476074,-6,5,29,3,5,11,21,2
1514892969478074,-36,-26,-44,2,0,1,1,-37
1514892969478074,-32,8,-2,-7,-5,-6,-1,-42
1514892969490073,27,22,11,-1,-6,-31,-62,-33
1514892969490073,-38,7,-9,-2,1,2,15,29
1514892969499079,-4,-23,46,4,-6,-11,-32,5
1514892969499079,12,2,-66,0,0,-5,0,-14
1514892969513602,-97,-7,25,-9,-7,-11,-56,-35
1514892969513602,5,24,30,10,6,12,42,-25
1514892969515604,-37,-1,-23,-5,-3,-19,-32,-25
1514892969515604,-8,12,19,14,2,-28,-31,-17
1514892969536106,-6,-16,-50,-8,3,31,63,68
1514892969536106,-13,1,-1,-6,-2,-7,-25,-3
1514892969538107,2,29,31,-2,-5,-7,11,-23
1514892969538107,16,-13,8,2,1,15,3,8
1514892969550634,-1,11,20,5,3,1,-14,-22
1514892969550634,11,-30,-22,-7,-6,-5,0,-1
1514892969559122,17,1,0,3,2,-10,-41,11
1514892969559122,3,-18,-24,-5,-8,-3,40,31
1514892969573642,0,3,15,0,-1,11,23,-65
1514892969573642,32,-1,5,-4,-3,5,9,-6
1514892969575643,-4,5,-29,-11,-4,11,0,19
1514892969575643,-28,7,6,-1,7,12,8,-6
1514892969596158,17,22,25,4,-2,2,25,18
1514892969596158,32,-23,-39,-14,-9,-26,-55,-36
1514892969598160,-18,-3,-14,-8,-2,17,37,58
1514892969598160,24,13,3,1,-1,-2,10,45
1514892969610168,50,-17,1,4,2,6,24,89
1514892969610168,6,14,22,12,8,24,40,-25
1514892969620676,-22,-10,-29,-9,-4,-7,-30,-21
1514892969620676,35,-9,23,2,1,16,-14,2
1514892969634175,40,6,-16,-3,1,-14,6,11
1514892969634175,-23,-14,-11,-4,-11,-10,19,6
1514892969635686,-22,8,-16,-3,4,0,-4,45
1514892969635686,10,-5,-21,1,2,7,-2,2
1514892969656865,-22,-4,28,-1,-5,-5,30,22
1514892969656865,-62,1,1,4,0,-2,-35,-7
1514892969658357,-21,-10,7,-2,-4,-16,-19,-21
1514892969658357,-30,0,-7,-3,-5,-5,26,-23
1514892969669874,-20,7,-5,-4,-4,-10,-29,-33
1514892969669874,8,-2,-17,1,-2,-19,-6,12
1514892969680372,42,-3,9,4,4,9,34,9
1514892969680372,-4,-1,10,-4,4,25,2,-3
1514892969693881,-31,-20,2,-3,-6,-15,-39,0
1514892969693881,21,22,-32,-1,10,48,68,25
1514892969695382,-10,-6,18,5,3,1,12,-47
1514892969695382,-21,5,-14,-5,-4,-30,-53,-21
1514892969717399,-19,-9,-36,-5,-10,-20,-33,-15
1514892969717399,5,2,11,-1,-1,-7,-30,-10
1514892969720910,-11,14,12,2,0,20,93,3
1514892969720910,-9,-6,-19,-3,4,28,49,-7
1514892969730417,1,13,50,3,-1,5,-51,-31
1514892969730417,-4,-13,-13,-8,-7,-15,12,-3
1514892969738930,36,4,-1,-1,-1,13,-64,2
1514892969738930,-34,-16,2,-16,-13,-38,-35,-14
1514892969761439,23,27,22,6,9,30,70,43
1514892969761439,-10,-3,-4,-1,2,9,-37,2
1514892969762940,-4,-14,1,-7,-8,-8,-28,1
1514892969762940,-16,13,-1,3,2,6,-6,0
1514892969776440,35,-8,-22,-7,-1,2,2,31
1514892969776440,6,27,45,5,-5,-24,-16,-12
1514892969782445,-1,-19,-27,-3,-3,6,-30,-9
1514892969782445,43,14,20,1,3,11,-4,30
1514892969798965,-48,-28,6,3,-2,-17,-9,-14
1514892969798965,3,-14,-12,-4,1,-1,-27,4
1514892969800457,22,35,23,-1,-2,-14,-4,3
1514892969800457,37,9,2,7,-1,-14,40,-30
1514892969814968,-39,23,22,-7,5,13,8,0
1514892969814968,7,-18,-35,0,-3,-17,-29,1
1514892969818470,-71,-11,6,2,-1,-13,-6,-61
1514892969818470,-23,-32,1,-4,-9,-20,-84,-14
1514892969836994,17,3,7,-4,-2,-1,39,22
1514892969836994,-7,-6,24,4,3,-2,18,-16
1514892969842486,8,30,1,3,2,-6,-32,3
1514892969842486,-24,-19,14,4,5,23,63,14
1514892969849997,-9,1,6,5,-2,3,-1,-17
1514892969849997,-31,-22,-69,-17,-7,-15,-31,-65
1514892969859009,35,3,7,15,3,8,8,17
1514892969859009,-54,4,4,-12,2,20,-25,-38
1514892969874518,27,4,-6,-2,-1,2,-1,5
1514892969874518,-11,-5,-4,5,-1,10,76,78
1514892969876020,-4,-2,5,-14,-8,-3,-6,6
1514892969876020,-50,5,-11,-7,-6,1,41,-38
1514892969896524,-39,-8,9,21,11,19,-3,4
1514892969896524,18,5,-19,-15,-4,5,10,4
1514892969898026,7,-17,-11,2,-1,-22,-31,-28
1514892969898026,22,31,25,3,4,7,14,23
1514892969920042,-10,-23,-19,-12,-5,-12,-27,-16
1514892969920042,31,16,25,14,5,15,23,16
1514892969923544,15,-3,-22,-11,-8,-13,7,46
1514892969923544,2,6,20,12,-6,-28,-67,-6
1514892969934051,44,-13,-23,-7,1,8,37,-28
1514892969934051,-48,-9,-4,-3,-2,-16,-54,-28
1514892969935570,-32,-14,-39,-7,1,24,66,27
1514892969935570,-19,11,31,4,-3,-8,-13,33
1514892969956076,2,-8,-39,-8,-3,3,-14,-31
1514892969956076,27,2,22,5,-1,-19,-51,16
1514892969958077,-55,-18,-28,-2,6,24,19,-54
1514892969958077,12,16,40,2,-2,-18,-14,-30
1514892969978592,8,-5,-59,0,-6,-18,-4,26
1514892969978592,-40,-28,6,-4,-1,4,37,6
1514892969980594,3,-8,-32,-8,1,8,-1,-12
1514892969980594,46,4,-4,0,-4,-5,-26,4
1514892969993603,-18,2,-8,5,-2,0,10,-28
1514892969993603,20,19,23,-5,0,3,30,10
1514892969995595,4,-1,20,7,-1,-10,-19,-23
1514892969995595,3,-18,-51,-7,-5,-8,-1,-10
1514892970017612,-36,13,22,-1,3,-2,23,28
1514892970017612,1,2,24,5,-3,0,-41,-13
1514892970021112,-62,-2,-14,4,-2,-17,-16,19
1514892970021112,8,5,0,1,6,33,67,35
1514892970038635,42,16,30,2,-3,-6,-4,-37
1514892970038635,-55,-34,-46,-12,-2,12,40,-51
1514892970040125,39,25,16,-2,2,10,77,39
1514892970040125,-15,-32,-48,-14,-11,-21,-41,0
1514892970053135,32,8,45,11,4,5,81,37
1514892970053135,-14,9,-27,2,3,12,30,45
1514892970060152,27,3,14,-4,-5,-14,-32,-10
1514892970060152,-3,19,12,5,2,18,29,17
1514892970076161,-13,-17,11,-13,-9,-1,-34,-4
1514892970076161,-7,31,11,1,-2,-20,-55,12
1514892970078162,4,-14,-21,-7,-2,7,33,-8
1514892970078162,-20,-4,3,6,2,-6,1,-26
1514892970106172,11,-7,22,-3,1,-2,-20,27
1514892970106172,34,9,13,1,1,26,29,15
1514892970108188,4,20,56,11,2,-13,-87,-36
1514892970108188,9,-27,-65,-4,-1,6,42,14
1514892970114693,-6,13,5,-2,-2,2,6,7
1514892970114693,15,-6,68,0,-5,-23,-11,-4
1514892970120183,-8,-20,-95,-11,6,31,77,62
1514892970120183,26,18,32,-7,0,17,-37,-4
1514892970143718,-26,-1,-5,1,-1,-15,-24,-3
1514892970143718,78,17,26,-4,0,1,-95,-1
1514892970150207,6,13,33,10,0,-2,15,2
1514892970150207,-10,-17,-6,0,-3,-27,-4,-35
1514892970158710,-26,-8,-13,-11,-8,-38,-72,-13
1514892970158710,16,-20,-56,-6,-2,0,14,-34
1514892970160211,14,-6,-15,-5,1,28,57,32
1514892970160211,7,6,-8,-5,-2,4,-14,-9
1514892970173223,-27,-2,18,10,3,-4,48,-9
1514892970173223,-13,16,11,1,-5,-29,-59,-19
1514892970180224,-42,-16,-16,-10,-5,-13,23,5
1514892970180224,12,13,33,16,4,-21,-43,12
1514892970196248,0,-24,-28,-1,-2,14,-41,4
1514892970196248,10,6,-2,0,-1,-1,22,-8
1514892970198241,1,-10,3,-3,-4,-21,-54,-1
1514892970198241,-1,34,48,14,11,37,34,4
1514892970219252,1,-47,-37,0,6,22,49,4
1514892970219252,-3,-13,2,-4,-2,10,17,16
1514892970220753,6,11,7,16,0,-25,-73,-4
1514892970220753,-53,0,-11,-9,4,22,92,-31
1514892970233262,38,19,16,1,-2,9,-27,-17
1514892970233262,22,11,10,-3,0,0,-23,15
1514892970240267,-3,7,50,6,-1,-4,17,-19
1514892970240267,0,-18,-72,-16,-10,-23,-99,38
1514892970256295,8,20,-5,-4,-1,2,68,34
1514892970256295,-11,-3,33,18,2,-6,-78,-5
1514892970257810,-11,11,-17,-12,-3,3,34,-23
1514892970257810,9,19,29,6,1,-6,-20,3
1514892970278796,37,-21,-52,-11,-7,-15,-39,3
1514892970278796,-31,-2,29,8,5,5,45,16
1514892970281306,13,-25,-23,6,0,13,21,-13
1514892970281306,-12,-12,2,-4,-5,-12,23,34
1514892970293305,-6,6,-21,-3,2,11,-7,-32
1514892970293305,10,-14,-44,-11,1,18,51,23
1514892970300314,-2,5,8,-8,-1,-6,-25,-14
1514892970300314,-17,-13,-6,0,-2,5,23,-11
1514892970316321,-19,19,48,3,-3,-20,-45,3
1514892970316321,-5,-1,17,6,-2,2,-13,-42
1514892970318325,-11,-1,-68,-5,0,0,7,-2
1514892970318325,25,18,45,4,4,27,27,35
1514892970338837,24,-13,-10,1,-3,-10,-45,43
1514892970338837,9,-9,-8,-4,1,15,52,28
1514892970340338,1,15,54,11,3,3,12,8
1514892970340338,-17,1,-15,-13,-3,33,21,-9
1514892970353357,-19,-12,-8,-4,0,8,54,12
1514892970353357,-37,-3,-26,-4,-3,-21,-15,-24
1514892970359851,49,14,0,1,5,11,11,7
1514892970359851,28,-1,10,5,1,12,49,-3
1514892970375363,-26,7,63,12,1,0,21,29
1514892970375363,7,1,-47,-3,-2,-8,-11,-27
1514892970384369,-31,-7,26,-4,-1,-1,5,-16
1514892970384369,-38,-7,-22,-2,0,0,-3,9
1514892970399380,23,15,-7,-12,2,5,-39,-56
1514892970399380,4,-15,29,11,0,-8,49,8
1514892970400881,6,5,-3,-12,-2,-8,-65,6
1514892970400881,14,-6,-1,-13,-12,-38,-51,-21
1514892970412398,-3,5,-3,-9,0,4,30,-2
1514892970412398,-3,16,32,-5,-3,-6,-41,13
1514892970422896,-20,-12,-34,-14,-16,-34,-45,1
1514892970422896,-22,-5,-21,-2,-9,-33,-34,-22
1514892970436416,-16,-11,-15,-7,-2,-7,-18,-4
1514892970436416,-24,-50,-61,-22,-1,20,3,-12
1514892970437918,14,10,39,2,-3,-1,26,14
1514892970437918,-3,-26,-23,-1,-4,-16,-19,1
1514892970458932,-3,0,7,7,-5,-30,-51,-2
1514892970458932,-14,-2,-1,7,-1,6,11,39
1514892970460438,12,-19,-47,1,-2,-4,-6,25
1514892970460438,-10,13,-8,-1,4,-15,-62,2
1514892970472442,6,8,10,15,9,49,34,-25
1514892970472442,16,-6,1,-8,1,-7,28,16
1514892970481448,5,34,20,1,-5,-23,-67,-50
1514892970481448,-8,-22,-28,3,-1,5,-2,-7
1514892970496449,38,12,24,0,8,25,51,38
1514892970496449,-15,10,17,13,4,7,20,-4
1514892970497949,11,11,22,-6,4,27,34,-12
1514892970497949,6,6,10,-4,-8,-6,-42,-10
1514892970519464,-33,-16,-27,-10,-11,-33,21,-57
1514892970519464,-10,11,36,7,2,8,-1,62
1514892970522979,-17,-28,-26,1,-2,-15,-30,-11
1514892970522979,-4,-3,-6,-3,1,-7,-37,31
1514892970532486,33,12,28,2,-7,-16,-39,27
1514892970532486,-10,-4,20,-1,-5,-20,-34,-8
1514892970541489,-39,-2,-25,-1,0,18,25,-13
1514892970541489,7,21,25,-1,0,-11,-5,-25
1514892970557001,17,-13,-48,-7,-3,5,20,31
1514892970557001,-23,-8,32,6,-1,-12,-13,-48
1514892970562504,38,13,30,11,-3,-5,-85,86
1514892970562504,7,27,-12,-17,-3,-4,49,18
1514892970579006,-10,-39,-6,-3,-2,-8,-23,-21
1514892970579006,35,-8,-45,-9,-4,-8,-11,53
1514892970580508,21,9,-24,1,1,-1,-2,-19
1514892970580508,-5,14,32,14,7,17,25,-8
1514892970609040,-51,-2,4,11,6,28,39,-29
1514892970609040,4,-15,-15,-17,-10,-10,-33,-20
1514892970610541,17,29,28,7,10,34,35,44
1514892970610541,24,6,21,11,4,5,12,-21
1514892970617035,8,-1,-24,-3,-2,7,-15,-6
1514892970617035,17,-5,-18,3,-3,-4,-29,-18
1514892970621036,12,2,27,3,-1,-7,9,-51
1514892970621036,-5,-8,-4,-2,1,8,48,19
1514892970638548,-2,0,6,8,0,-2,-13,11
1514892970638548,-49,-9,6,-5,2,2,17,-3
1514892970640550,40,3,-25,-12,-7,-17,-27,-2
1514892970640550,16,-17,-22,-10,-4,-3,5,21
1514892970661074,-22,3,-16,-5,-4,-12,-59,-6
1514892970661074,18,18,24,4,4,14,24,-14
1514892970663076,-48,-26,0,3,2,-10,7,-19
1514892970663076,40,-7,-12,2,-2,3,-33,39
1514892970676085,6,-7,-35,-5,-2,5,29,2
1514892970676085,14,9,5,-16,-7,-11,4,-24
1514892970678086,2,-3,16,-5,-5,-7,-2,3
1514892970678086,-34,9,29,13,1,-7,12,5
1514892970698603,-2,-16,-34,-9,-2,5,-4,-13
1514892970698603,33,35,45,2,-4,-10,-42,42
1514892970700608,-15,-1,8,7,2,3,20,2
1514892970700608,-19,-21,-80,-12,0,19,9,-15
1514892970721107,-31,-5,7,3,-3,-14,14,3
1514892970721107,-7,-23,-30,-1,3,1,22,-35
1514892970723109,-15,7,23,-2,-2,1,30,39
1514892970723109,4,4,-32,-10,-6,-9,-14,-18
1514892970743623,15,21,27,6,6,20,20,16
1514892970743623,-6,-14,-4,-1,-5,-9,4,75
1514892970745124,1,-1,10,4,-4,-15,24,-10
1514892970745124,37,-6,2,-10,0,15,-38,4
1514892970758643,-42,-5,8,-3,-3,-3,2,3
1514892970758643,-18,-15,-13,7,-1,-11,-23,31
1514892970760134,8,24,12,7,3,13,8,16
1514892970760134,-1,-12,-9,-4,-10,-32,-60,-30
1514892970781162,19,3,22,1,-1,-8,3,12
1514892970781162,11,20,23,19,8,10,-3,-9
1514892970783163,1,-23,-34,-18,-9,-25,-40,-48
1514892970783163,-24,-4,-11,-4,-4,-13,-53,-24
1514892970795160,-29,-17,-18,-12,-1,35,29,27
1514892970795160,11,-7,-32,0,-2,10,69,-19
1514892970804178,-19,-33,-45,-3,-7,0,-38,-18
1514892970804178,-6,12,10,-10,-4,-3,34,-7
1514892970819676,-1,-4,40,11,5,-4,1,-59
1514892970819676,-5,-6,6,0,1,2,4,-33
1514892970823189,16,28,53,4,3,20,29,11
1514892970823189,2,5,-21,0,2,2,13,13
1514892970841201,21,10,-7,1,2,-19,-25,80
1514892970841201,-29,-1,12,7,10,24,6,-44
1514892970843193,-7,-7,9,-11,-8,-12,-18,-17
1514892970843193,12,11,14,9,8,7,39,27
1514892970856212,12,10,43,7,-5,-20,-59,3
1514892970856212,5,7,-14,-4,3,26,24,3
1514892970858209,-19,-7,-2,-2,-1,-1,-17,-1
1514892970858209,-46,-14,11,-8,-9,-8,5,-1
1514892970878718,-5,-20,-26,-5,-5,4,-6,25
1514892970878718,18,8,30,9,0,-5,10,-20
1514892970880219,-5,-12,-30,-17,-5,-16,-31,13
1514892970880219,2,19,3,-4,0,5,24,4
1514892970900752,14,-16,-57,-9,-1,-1,21,-32
1514892970900752,43,28,58,6,3,-2,-59,7
1514892970909241,-23,-18,-31,7,-1,-25,-8,-39
1514892970909241,7,-3,-2,-10,-3,-2,-3,6
1514892970917248,-11,-20,-34,-13,-1,-1,1,-23
1514892970917248,-15,-3,-21,-7,-4,0,10,28
1514892970920762,-2,-7,18,5,-2,-3,-18,-58
1514892970920762,-1,9,8,9,0,-5,-28,-18
1514892970938771,-9,-7,-6,-1,2,6,-25,-23
1514892970938771,5,-29,-36,-12,-7,-16,-27,-2
1514892970940271,19,17,4,6,4,13,23,2
1514892970940271,12,-22,-5,1,-3,2,-31,-15
1514892970961278,-46,-12,24,-2,-5,-8,-2,-15
1514892970961278,-45,0,16,5,0,-4,31,-23
1514892970962783,9,16,24,1,3,2,63,76
1514892970962783,-39,-32,-50,-9,-4,-6,-76,-43
1514892970983794,13,21,10,-6,-9,-18,0,0
1514892970983794,6,-21,-49,-14,-1,1,-15,12
1514892970985798,-19,15,78,25,10,1,-27,-21
1514892970985798,6,9,-37,3,5,21,122,18
1514892970998806,35,28,79,10,0,-11,-9,12
1514892970998806,-45,-37,-64,-12,-1,4,25,-31
1514892971000304,27,-27,-51,-31,-9,5,2,-27
1514892971000304,-15,25,46,7,5,21,26,-6
1514892971021322,7,-16,-19,1,0,3,-9,8
1514892971021322,55,14,59,22,9,3,9,18
1514892971023326,-62,16,-79,-7,-2,1,-36,-49
1514892971023326,-8,-19,2,0,-1,7,34,21
1514892971035830,-32,14,44,2,-2,3,15,-10
1514892971035830,0,-13,-28,-7,-12,-21,-11,36
1514892971042335,9,-5,33,-15,-11,-21,42,31
1514892971042335,23,1,-19,-2,-3,-24,4,0
1514892971058846,15,-18,-84,-15,-4,-1,-14,-38
1514892971058846,-19,31,60,10,2,-6,-6,42
1514892971060348,13,7,18,-4,-1,1,42,24
1514892971060348,8,10,26,7,5,-3,17,25
1514892971081863,64,13,11,-1,-2,-2,33,19
1514892971081863,-41,8,3,1,-3,-14,-56,-48
1514892971083365,-13,19,22,12,6,19,-36,23
1514892971083365,-10,2,18,-3,1,-2,-3,7
1514892971095875,-3,-4,-3,4,5,19,3,21
1514892971095875,45,-4,-56,-6,-1,1,13,-8
1514892971102885,23,28,21,3,1,-3,-5,7
1514892971102885,18,9,-19,-2,-7,-28,-33,-64
1514892971118889,-32,-16,8,-17,-7,-10,-67,-8
1514892971118889,8,23,39,4,6,9,24,-47
1514892971122393,30,-30,-34,-6,-3,4,-8,32
1514892971122393,20,10,13,9,-6,-6,5,40
1514892971141405,8,19,84,9,8,-1,-21,-14
1514892971141405,-24,-31,-112,-27,-5,0,11,7
1514892971142906,-6,12,38,10,4,-5,-23,-9
1514892971142906,5,1,-26,2,7,33,55,23
1514892971155918,-10,17,83,14,-1,-23,-46,14
1514892971155918,8,-11,-18,0,-7,-9,-28,-27
1514892971162419,-68,-18,-40,-2,4,18,20,0
1514892971162419,2,12,27,-8,-3,-7,-29,26
1514892971178931,20,8,-24,18,6,3,0,-56
1514892971178931,-23,3,11,-12,-4,3,35,20
1514892971181433,16,21,-8,4,0,-11,-21,-25
1514892971181433,-15,-39,-5,-16,-7,-5,-30,-18
1514892971201452,-10,-2,-30,-11,-3,10,43,59
1514892971201452,11,4,6,1,-2,6,11,-20
1514892971203449,19,-33,-16,-1,-5,5,16,7
1514892971203449,-30,17,47,3,-5,-12,-5,4
1514892971216459,12,-14,-48,-3,1,11,23,-4
1514892971216459,20,11,22,15,6,-5,-12,5
1514892971222463,-27,11,14,-11,2,13,49,-11
1514892971222463,26,8,4,-2,-4,-8,8,-41
1514892971238976,-10,-37,-33,-5,-7,-7,5,56
1514892971238976,-46,1,6,-5,-5,4,-21,-3
1514892971240474,-11,-10,-57,-14,-5,7,-9,14
1514892971240474,5,10,63,11,8,14,-35,0
1514892971262490,-34,-16,-92,-14,-1,-3,12,-35
1514892971262490,1,-7,7,6,2,10,-48,16
1514892971264491,15,11,37,12,5,-3,-32,-1
1514892971264491,-4,-6,-11,-15,-15,-50,-91,-28
1514892971276004,-46,-17,10,7,-2,14,5,-34
1514892971276004,-7,4,8,3,1,-9,47,-16
1514892971282504,0,-6,32,-3,-3,3,-10,-36
1514892971282504,-4,-17,-37,-5,2,19,5,9
1514892971299016,17,18,-21,-9,2,1,18,-3
1514892971299016,-22,-15,19,-3,-5,-10,-6,-3
1514892971300517,2,9,14,12,4,-7,7,6
1514892971300517,-19,9,13,-7,0,2,20,21
1514892971321533,-10,-42,-59,-10,-6,-6,-14,-18
1514892971321533,14,8,63,10,2,2,-18,-49
1514892971323038,-8,8,-106,-10,-5,-20,-4,19
1514892971323038,16,31,55,13,9,16,38,2
1514892971344047,-28,-28,-1,3,6,5,25,-25
1514892971344047,15,23,51,13,1,-7,-1,3
1514892971345549,4,12,11,26,7,6,9,47
1514892971345549,44,-12,-65,-17,1,4,58,10
1514892971359058,-11,9,40,-3,-1,1,9,-17
1514892971359058,-24,-17,-46,-10,-5,-3,6,-46
1514892971360579,4,7,45,3,-1,11,3,-15
1514892971360579,-15,-12,6,6,-6,-3,0,23
1514892971382075,5,14,-4,-6,-2,15,-30,-31
1514892971382075,32,-15,-43,-26,-10,-5,18,38
1514892971384076,2,6,1,-10,-4,4,57,1
1514892971384076,-24,5,45,1,-3,-3,-27,-32
1514892971395084,1,-32,-38,-4,-9,-22,24,25
1514892971395084,-7,16,14,5,1,-13,-60,33
1514892971404092,8,1,-13,-11,-11,-32,-71,-30
1514892971404092,-28,-15,3,5,3,-1,4,-7
1514892971419101,25,26,65,15,8,15,22,11
1514892971419101,16,-8,-19,-3,1,12,41,14
1514892971420603,-16,-22,-75,-8,2,-2,-20,7
1514892971420603,37,25,58,10,3,9,-7,71
1514892971441118,22,22,7,-5,0,12,10,8
1514892971441118,-8,-8,-36,-3,-2,0,-10,-21
1514892971447621,53,12,47,1,-1,5,14,10
1514892971447621,-7,-33,-61,-13,-6,-10,-40,-1
1514892971463631,17,23,41,8,-5,-34,-5,16
1514892971463631,-3,6,1,-1,3,16,52,35
1514892971465133,-23,2,7,-17,-8,-1,3,-4
1514892971465133,-26,-25,-42,-1,-5,-20,-59,-16
1514892971479643,0,4,7,-2,0,-1,2,10
1514892971479643,-11,1,27,10,1,-3,12,-8
1514892971481144,-30,-8,-13,-5,-1,8,12,13
1514892971481144,13,29,0,-1,4,6,14,-27
1514892971501659,-9,-39,-39,-16,-4,3,-14,5
1514892971501659,-16,-16,-1,8,-6,-11,-32,-50
1514892971503159,11,12,39,-16,-8,-29,-32,16
1514892971503159,-12,-15,-34,-2,1,22,83,17
1514892971516169,-38,9,5,4,1,-4,-34,-73
1514892971516169,17,8,20,-3,-5,-4,-24,19
1514892971539695,-26,-17,-47,-11,-12,-27,-77,1
1514892971539695,-5,-16,-11,-1,4,16,46,-22
1514892971540185,11,9,36,3,-2,-11,-28,10
1514892971540185,2,7,-6,-2,7,11,37,-7
1514892971541697,6,3,-12,11,3,8,-5,-35
1514892971541697,14,3,9,1,-4,-27,-53,6
1514892971561210,3,-4,15,6,-2,0,16,26
1514892971561210,0,5,-42,-11,-6,-12,-14,14
1514892971563211,41,12,45,9,8,15,5,12
1514892971563211,5,2,-12,-1,-1,10,11,-14
1514892971574720,-1,2,26,10,7,18,26,3
1514892971574720,-7,-12,-39,-17,-6,-19,-59,-21
1514892971584719,14,-4,-22,5,0,0,6,-21
1514892971584719,-18,-29,-21,-13,-7,-16,-10,2
1514892971598727,-7,13,37,8,-6,-16,-39,-6
1514892971598727,7,16,75,10,4,14,21,17
1514892971600229,-37,-25,-108,-6,-1,6,11,-43
1514892971600229,6,17,51,3,-4,-6,-25,-2
1514892971622267,5,-25,-86,-23,-8,-14,-4,6
1514892971622267,9,3,12,-2,8,40,58,6
1514892971625747,55,-2,33,1,-6,7,32,9
1514892971625747,-33,-11,-50,-7,-1,1,7,-2
1514892971635253,18,-20,2,9,-1,-14,0,2
1514892971635253,60,8,-12,2,0,-12,-14,105
1514892971643759,-3,9,70,19,5,5,3,22
1514892971643759,1,11,-11,11,9,28,13,41
1514892971658787,-12,-4,-25,-10,1,3,-6,0
1514892971658787,15,7,-21,-15,-9,-18,-19,8
1514892971660283,-13,-10,-13,-12,0,7,41,7
1514892971660283,36,3,15,6,2,11,31,-9
1514892971681295,-2,16,46,12,6,5,7,6
1514892971681295,-10,12,-25,2,-5,-22,-32,-31
1514892971682796,-2,1,-13,-9,-2,9,19,0
1514892971682796,-2,12,49,5,-6,-34,-73,-43
1514892971694804,5,-21,-41,5,10,21,-8,-9
1514892971694804,-17,-12,-22,2,1,19,12,-16
1514892971703809,8,2,1,-3,-3,-7,-2,-11
1514892971703809,6,-4,-2,-1,1,-10,13,-2
1514892971718822,8,16,35,-8,-7,-17,-44,13
1514892971718822,17,-13,27,6,5,19,40,13
1514892971720322,-16,-7,-55,-13,-5,-6,-17,-4
1514892971720322,13,6,-8,2,5,9,20,37
1514892971742330,1,15,3,-2,-5,0,9,17
1514892971742330,-4,-17,-26,3,-4,-14,-21,-10
1514892971743831,-17,24,61,8,3,2,15,-2
1514892971743831,-4,0,9,3,3,18,7,-7
1514892971754847,12,-17,-36,-18,-6,-1,13,-8
1514892971754847,-7,13,24,3,2,-9,-12,13
1514892971771349,-2,7,-4,7,2,-4,-22,-6
1514892971771349,-20,8,9,0,-5,-23,-53,-23
1514892971779855,-13,-8,5,5,0,3,11,14
1514892971779855,-18,-4,-6,-8,-3,-1,9,-39
1514892971781856,-7,-6,-2,-3,-3,-4,-5,-13
1514892971781856,6,-26,-25,-2,-1,4,-21,1
1514892971802373,7,17,6,2,2,14,42,0
1514892971802373,-22,-13,-7,-9,-4,-1,7,3
1514892971804878,-5,1,1,-7,-11,-10,-28,-19
1514892971804878,-8,-17,2,-5,-8,-3,0,-12
1514892971823886,4,20,4,1,5,-11,-12,6
1514892971823886,-4,-17,-13,-13,10,6,0,0
1514892971825387,-16,-25,-1,-1,-2,1,2,7
1514892971825387,-2,-9,-11,-3,-2,-5,9,-6
1514892971838897,-3,-1,8,8,-8,-8,-7,0
1514892971838897,-8,-11,-3,17,7,3,-7,-7
1514892971840398,0,-1,3,14,3,2,6,4
1514892971840398,-5,-13,-6,-14,2,8,20,-2
1514892971861425,-6,-23,-6,0,-5,-6,-8,-6
1514892971861425,-6,1,4,-2,-6,-8,-14,-5
1514892971862914,2,0,-13,-2,-1,1,12,13
1514892971862914,5,-8,7,9,3,2,4,3
1514892971884445,-3,-10,-15,-4,5,3,-8,-2
1514892971884445,3,17,9,-1,-4,-3,2,-4
1514892971885930,7,0,1,-4,-1,-4,5,-1
1514892971885930,5,15,4,2,2,0,-1,-1
1514892971897953,-8,-11,0,-7,-4,-8,-9,-20
1514892971897953,-10,-7,15,6,-4,-6,-9,-7
1514892971904944,2,20,18,5,6,8,4,5
1514892971904944,-3,-15,-25,-6,-3,0,3,-7
1514892971928971,-1,-11,-22,6,-4,0,4,7
1514892971928971,3,13,-11,-3,0,-4,-7,-1
1514892971930471,-5,8,-1,34,5,3,-3,-3
1514892971930471,3,2,-2,-36,0,-5,-8,-4
1514892971944472,-2,-6,-21,-5,0,1,2,3
1514892971944472,4,19,3,-11,-5,-6,-5,-3
1514892971945973,-5,-12,-10,-15,-7,-2,-4,0
1514892971945973,2,4,9,17,-6,-5,0,-1
1514892971957991,3,6,7,-1,-2,-1,4,0
1514892971957991,-1,0,5,-2,-3,-4,-4,-5
1514892971964996,-4,6,8,6,1,-3,1,1
1514892971964996,0,-3,4,2,-1,-2,-3,-2
1514892971980997,-6,-9,3,-10,-2,1,6,2
1514892971980997,1,-8,7,6,-4,-1,4,4
1514892971982998,-10,4,13,-9,0,-2,-3,-3
1514892971982998,1,1,10,3,0,1,3,0
1514892972004013,-3,0,12,-4,-4,-6,1,-1
1514892972004013,-10,7,1,2,3,0,-19,-2
1514892972005515,3,-19,-6,-11,-2,-1,2,2
1514892972005515,3,6,4,-2,-4,-4,-3,-4
1514892972018033,-1,-3,2,2,3,7,4,5
1514892972018033,-9,-9,-11,-7,-7,-4,0,-5
1514892972049545,-3,2,-2,-6,2,1,-1,2
1514892972049545,-5,-5,0,-2,-3,-1,-2,-4
1514892972051547,-3,-4,-3,-8,-7,-3,-4,-2
1514892972051547,3,2,1,10,2,1,2,-2
1514892972054048,1,8,-5,22,21,0,-3,-2
1514892972054048,-2,-18,1,42,-7,2,2,2
1514892972063566,1,10,8,-27,-2,-4,-4,-3
1514892972063566,-2,-17,-25,-22,7,3,4,0
1514892972065572,-2,-3,-6,-22,-12,-5,-5,1
1514892972065572,0,7,-3,-1,4,-3,-2,-1
1514892972078078,0,-1,8,24,-4,1,0,1
1514892972078078,2,4,6,3,-8,-3,-3,-2
1514892972085074,1,3,-2,-8,-6,-4,-2,1
1514892972085074,-1,0,-6,5,3,-2,0,-3
1514892972101588,-5,-8,-3,0,-3,1,-4,-4
1514892972101588,0,1,2,-4,-1,-1,-1,0
1514892972103086,0,-6,-2,-4,-4,0,-1,1
1514892972103086,0,2,2,-11,-4,-2,0,-1
1514892972127610,1,0,-3,0,5,1,-1,-1
1514892972127610,0,2,3,4,-2,-5,-8,-3
1514892972131613,0,3,5,0,-5,0,3,0
1514892972131613,-1,0,-2,-9,-3,-5,-3,-3
1514892972137627,-2,-7,-7,-18,-10,-3,-2,-1
1514892972137627,-4,-4,-6,18,5,0,-1,0
1514892972146615,1,0,0,22,6,0,-1,1
1514892972146615,-2,-1,7,-3,0,1,1,2
1514892972161134,-5,-3,-8,4,-4,-1,-1,0
1514892972161134,1,3,-12,-45,-4,0,2,0
1514892972162626,-1,0,-11,-10,-5,-2,-4,-1
1514892972162626,-2,0,1,4,-6,0,-2,0
1514892972183640,3,1,1,22,10,0,-1,1
1514892972183640,4,18,5,12,-4,0,2,-2
1514892972185665,-5,-1,1,2,0,-3,-4,-2
1514892972185665,1,-1,-2,-8,-8,-7,-4,-1
1514892972197162,0,1,0,-6,-2,-1,0,0
1514892972197162,-1,5,3,3,6,0,0,-1
1514892972206156,5,3,-5,-7,0,-1,-2,-3
1514892972206156,-2,-6,-5,3,3,3,0,-2
1514892972222168,-3,-7,-5,-2,2,-1,-1,-2
1514892972222168,-2,-1,0,9,-6,-1,2,-4
1514892972224671,1,8,7,-27,-10,-2,-2,-3
1514892972224671,-1,-3,1,58,23,6,1,1
1514892972243684,2,-8,-10,-3,10,1,-1,0
1514892972243684,-3,-3,-3,-4,-6,-2,-1,1
1514892972245185,-3,-4,3,2,-12,-4,-4,-1
1514892972245185,-2,-2,-2,-45,-2,0,3,-1
1514892972257202,1,3,5,-1,-7,-1,-3,1
1514892972257202,1,-5,-12,21,22,3,2,-1
1514892972266199,-3,-4,8,3,-4,-3,0,-2
1514892972266199,-3,-3,-2,5,2,0,0,1
1514892972281219,0,-5,-2,2,-6,-4,-1,-1
1514892972281219,2,4,3,-6,-7,-2,0,1
1514892972283220,0,-1,-6,-5,-1,0,-3,-2
1514892972283220,2,-4,-2,-15,-7,1,0,-1
1514892972303728,-5,-1,6,-10,-5,-2,-3,-3
1514892972303728,-1,-1,0,-2,-4,-2,-1,0
1514892972305227,-1,0,-3,1,6,0,0,0
1514892972305227,-2,-2,-6,-11,-9,-3,0,0
1514892972326241,-3,-2,-5,-1,1,-3,-3,-2
1514892972326241,-1,-2,-3,3,2,1,1,-1
1514892972327742,1,3,4,8,-2,0,-3,-2
1514892972327742,0,-4,-3,-8,0,1,-1,-3
1514892972341252,0,-4,4,17,3,0,1,-1
1514892972341252,-1,-1,6,-8,-2,-2,-3,0
1514892972342753,0,3,2,-29,-15,-4,-1,-1
1514892972342753,-1,-1,-8,-19,6,0,-2,-1
1514892972363767,-3,-10,-10,-17,-6,2,4,0
1514892972363767,0,-3,3,4,-10,-4,-4,-2
1514892972365268,0,-2,-7,17,15,1,2,0
1514892972365268,-3,-4,4,-1,-10,-4,-2,-3
1514892972377277,-1,1,1,3,-3,-3,-2,-1
1514892972377277,-1,1,-4,-24,-7,-2,-1,-2
1514892972386287,-1,2,-1,6,-6,-1,-1,-1
1514892972386287,0,-4,-1,4,0,1,-1,-3
1514892972401796,-1,2,-2,0,2,-1,-1,-2
1514892972401796,-1,1,-1,1,-4,-1,-3,0
1514892972404297,0,-2,-2,4,3,-1,-2,-1
1514892972404297,-2,-1,-1,2,-1,-2,0,0
1514892972423819,0,0,-2,0,1,0,-1,-2
1514892972423819,0,-1,1,0,-2,-3,0,-2
1514892972425320,-2,-2,-1,-2,2,-1,0,-2
1514892972425320,0,-2,-4,-4,-1,-1,0,0
1514892972437329,-2,1,1,4,0,-1,-3,0
1514892972437329,-4,-2,-2,3,-1,0,-1,-2
1514892972446336,0,0,-1,-3,0,-1,-1,1
1514892972446336,0,-1,0,2,-3,-3,-1,-2
1514892972461353,-1,-1,0,4,1,-1,0,-2
1514892972461353,-1,0,0,1,1,0,-1,-1
1514892972462847,0,-2,-1,-5,-1,-1,-2,-1
1514892972462847,0,-2,2,0,-2,-2,-2,0
1514892972483865,1,2,2,2,-1,-2,1,0
1514892972483865,-2,-1,-2,-3,-1,0,-1,0
1514892972485354,-1,-2,-3,-2,0,1,-1,-2
1514892972485354,-2,-2,0,3,-2,0,-2,-2
1514892972497372,-1,-1,0,2,-1,-1,-2,-1
1514892972497372,1,3,-1,-2,-1,0,-1,-1
1514892972506368,-2,-1,-1,0,0,-1,-1,-1
1514892972506368,-2,-2,-1,-3,-3,0,-2,0
1514892972521379,0,0,-1,-2,1,-2,0,0
1514892972521379,0,2,-2,-1,-3,-3,-2,-2
1514892972523381,0,-1,-3,0,0,-1,1,0
1514892972523381,0,-4,-2,0,0,-3,0,-1
1514892972543895,1,-2,-1,-1,0,-1,-1,0
1514892972543895,-5,-1,-1,-1,0,-1,0,-2
1514892972545396,3,-4,-2,-3,-2,-1,0,0
1514892972545396,-3,-1,0,0,-1,-1,-2,0
1514892972557905,-2,-1,-1,1,0,2,-1,-1
1514892972557905,3,0,-2,-1,-1,-1,-2,0
1514892972584939,-13,-1,-2,-2,-3,-1,0,-1
1514892972584939,0,-2,1,-1,-2,-2,-1,-2
1514892972585926,0,-1,-1,-3,-2,-2,-2,-1
1514892972585926,0,0,-1,-3,-1,0,-1,-1
1514892972587927,1,0,-1,-1,-1,-2,-2,-3
1514892972587927,0,-3,-2,1,0,-2,0,0
1514892972603937,-3,0,0,-1,0,1,-1,-2
1514892972603937,-2,-2,-2,1,-2,-1,-2,-2
1514892972605446,0,-1,0,-1,-2,-1,0,1
1514892972605446,-1,-1,-2,-2,-1,0,0,-1
1514892972617447,2,-1,-1,-2,-2,-4,-2,-1
1514892972617447,-2,0,-2,0,-3,-2,-2,0
1514892972626465,0,-2,-1,-1,-1,0,-2,-1
1514892972626465,-1,-2,-1,-1,-2,-1,0,-2
1514892972640973,-1,1,-1,-1,-2,-1,0,0
1514892972640973,1,1,-1,-3,-1,-3,-2,-1
1514892972647479,-3,-2,-2,-1,-1,-2,-2,-1
1514892972647479,-2,-3,-1,-2,-1,-1,0,-2
1514892972663981,0,1,-1,-1,0,1,-1,-2
1514892972663981,-3,0,-2,0,-1,-1,0,-2
1514892972665482,0,-2,-2,-1,-1,-2,0,-1
1514892972665482,-2,-2,-1,-1,-1,-2,0,-1
1514892972677500,-2,-1,-3,-1,0,-1,0,0
1514892972677500,0,-1,-1,-1,0,1,0,-1
1514892972686495,0,-1,-1,-1,0,-1,-1,-2
1514892972686495,-2,-2,-1,0,0,-2,-2,0
1514892972701506,-2,-2,0,-1,-2,0,0,-2
1514892972701506,-1,0,-2,-1,-2,-1,-1,0
1514892972703007,-1,-4,-2,-2,0,-2,0,-2
1514892972703007,0,-3,1,0,-1,0,-2,0
1514892972724032,0,0,-1,0,-2,-1,-2,-1
1514892972724032,-1,0,-2,-2,-1,-1,0,0
1514892972726033,-1,-2,-2,-1,-2,-1,-1,0
1514892972726033,-1,-2,0,-1,0,-2,-2,-1
1514892972746050,-2,0,0,-1,-1,-1,-1,0
1514892972746050,-2,0,0,-1,-2,-2,0,0
1514892972749043,-1,-1,0,-1,-2,0,-1,-1
1514892972749043,-1,-1,-2,0,-2,0,-1,0
1514892972761048,-3,-1,-2,-1,-1,-1,-1,0
1514892972761048,0,-2,-1,-2,0,-1,0,0
1514892972763053,-1,-2,0,0,-1,-1,-1,-1
1514892972763053,-2,-3,-1,-1,0,1,0,-2
1514892972784079,-1,0,-1,-1,-1,-3,-1,-1
1514892972784079,0,0,-1,-1,0,-1,-1,-1
1514892972786087,-2,-2,0,0,-1,0,0,-3
1514892972786087,-1,-3,-1,-1,0,1,-1,-3
1514892972813588,-1,-1,-2,-1,1,0,-2,1
1514892972813588,-1,0,0,0,-1,-1,-1,-2
1514892972815587,0,-1,-1,-1,-1,-2,-2,-1
1514892972815587,-1,-2,-2,-2,0,-1,-1,1
1514892972821091,-1,0,0,-1,-1,0,0,0
1514892972821091,-2,-1,-1,0,-1,-1,-2,-2
1514892972823093,0,0,-2,-1,-2,-1,0,1
1514892972823093,-1,-1,-1,-1,-4,0,0,-1
1514892972843621,-2,-3,-1,-1,-2,-2,-1,-2
1514892972843621,0,0,-2,-2,-1,0,-1,0
1514892972846109,-2,0,0,-1,0,-1,0,-2
1514892972846109,0,-4,0,-1,-1,0,1,0
1514892972883168,1,-1,-1,0,0,0,-1,-1
1514892972883168,0,0,-2,-2,0,-2,-2,0
1514892972884661,-1,-2,-2,-1,-1,0,-2,-1
1514892972884661,-3,-2,-2,0,-2,0,-1,-1
1514892972885660,-3,0,-1,0,-1,0,-1,-1
1514892972885660,0,1,-1,-2,-2,0,-1,-2
1514892972889162,1,0,-2,-2,-2,-1,-1,0
1514892972889162,0,-2,-1,0,-1,-2,-2,0
1514892972904683,-1,0,-2,-2,-2,-2,-1,-1
1514892972904683,-1,0,-1,0,-1,0,0,-2
1514892972908676,-1,-2,0,-1,-1,-1,-1,-1
1514892972908676,-1,-2,-1,-1,-2,-2,0,0
1514892972926190,-1,1,0,0,0,-1,-2,-3
1514892972926190,-1,0,-2,0,-1,0,-1,-1
1514892972927691,-1,-3,-3,-1,0,0,-3,1
1514892972927691,-1,-2,-1,-1,-1,-3,-2,-1
1514892972940699,-1,-1,-2,-1,0,-2,-1,-1
1514892972940699,0,-2,-1,-2,-1,-2,2,-1
1514892972947220,-2,-2,-1,-2,-2,0,1,0
1514892972947220,-2,0,-1,-1,-1,-1,0,0
1514892972971221,0,0,0,-1,-2,-1,-2,-2
1514892972971221,-2,0,-1,0,0,-1,0,-2
1514892972972729,-1,-2,-2,-1,-2,-2,-2,-2
1514892972972729,-1,-3,-2,-2,0,0,-1,-2
1514892972986235,0,0,-1,1,-1,-1,0,-2
1514892972986235,0,-1,-1,-2,-2,-2,-1,0
1514892972987733,-2,-3,0,-2,-2,0,0,-1
1514892972987733,0,-3,-3,-1,0,-1,1,0
1514892973000741,0,1,1,0,-1,0,-2,0
1514892973000741,1,1,-1,-2,-1,-1,-2,0
1514892973008248,0,-4,-3,-3,-1,-2,0,0
1514892973008248,-2,-2,-1,-1,-2,-1,-2,0
1514892973023758,-2,0,-2,-1,-1,-2,1,1
1514892973023758,-2,0,0,0,0,0,0,0
1514892973025259,-2,-2,0,-1,-3,-1,-3,-1
1514892973025259,-1,-2,-1,-1,0,-2,-1,-4
1514892973046277,-1,-1,-2,-1,-1,-1,-1,0
1514892973046277,-2,0,-1,0,0,-1,-4,-1
1514892973047786,0,-1,-1,-1,-1,-1,0,-1
1514892973047786,-1,-2,0,-1,-1,-1,-2,-3
1514892973060284,-1,0,0,-1,0,-2,-1,-2
1514892973060284,1,-2,-1,-2,-1,0,-1,-2
1514892973067289,-1,-1,-2,-1,0,0,0,-1
1514892973067289,-1,-1,-2,-1,-2,-1,-2,-1
1514892973083800,-1,0,-3,-1,-1,-2,0,-1
1514892973083800,-1,1,-1,-1,-2,-1,-1,1
1514892973085303,0,-3,-2,1,0,-1,-2,-1
1514892973085303,-2,-1,-1,0,0,-1,0,0
1514892973105317,-1,0,-2,-1,-1,-1,-2,-2
1514892973105317,-2,1,-3,-1,-2,-1,-1,-2
1514892973113821,0,-2,0,1,0,0,-3,-1
1514892973113821,-2,-2,-1,-2,-1,-1,0,-2
1514892973128831,-1,0,0,-1,-1,-1,0,1
1514892973128831,0,0,1,-2,-2,-1,1,-1
1514892973130346,-2,-3,-1,-2,0,-2,-1,-1
1514892973130346,-1,-3,-2,0,-1,-1,-1,-2
1514892973143842,-1,0,-1,-1,-1,-1,-1,-2
1514892973143842,-2,-1,-1,-1,-1,0,-2,-1
1514892973145353,-2,-4,-2,0,-1,-2,-1,-2
1514892973145353,-3,-5,0,-1,-1,-2,0,0
1514892973174365,0,0,-2,-1,-2,-2,-1,-1
1514892973174365,-2,0,-2,0,-2,-1,-1,-1
1514892973175866,-1,-1,0,-1,-3,-1,-1,0
1514892973175866,-2,-2,-1,-1,-1,0,-1,0
1514892973180868,-1,0,1,-2,-1,-1,0,0
1514892973180868,-1,1,-2,0,-1,-1,-2,-2
1514892973187383,-1,-1,-2,-1,-2,0,-1,-1
1514892973187383,0,-2,0,-1,0,-2,0,-2
1514892973204896,-2,0,1,0,-1,-2,-1,0
1514892973204896,-2,0,-3,-1,-2,-2,1,0
1514892973206387,-1,-2,-1,0,-1,-1,0,-1
1514892973206387,-2,-4,-3,0,0,-1,-2,-2
1514892973226402,-1,-2,-1,0,0,1,-1,-1
1514892973226402,0,-1,-1,0,0,-1,0,0
1514892973227903,-2,-4,-1,-2,0,0,0,0
1514892973227903,0,-2,-1,0,-3,-2,-2,1
1514892973239920,-2,0,-2,-3,0,-1,-1,-1
1514892973239920,-2,1,-1,-2,-3,-1,-3,-3
1514892973248917,-2,-2,0,-1,-1,-2,0,-1
1514892973248917,1,-2,0,-1,-1,0,-2,-1
1514892973263959,0,2,-1,-2,-1,-1,0,0
1514892973263959,0,1,1,-2,-2,-1,0,0
1514892973265458,0,-2,-7,-2,0,-1,1,0
1514892973265458,-1,-3,0,0,-1,-2,-1,0
1514892973286443,0,1,2,-1,-1,0,-1,-2
1514892973286443,-2,-2,1,-1,0,-1,-1,-1
1514892973287957,-3,-3,-1,-1,0,-2,-2,-2
1514892973287957,-1,-2,-4,1,0,-2,0,0
1514892973300956,0,2,-3,-1,0,-1,-2,0
1514892973300956,1,0,-1,-3,-1,-2,-2,1
1514892973315002,0,-1,-2,-1,-3,-2,0,-2
1514892973315002,-1,-1,-1,0,-2,1,0,0
1514892973323969,-1,1,0,0,-1,-2,-1,-2
1514892973323969,-1,2,-3,-2,-1,0,-2,0
1514892973325471,0,-2,1,-1,-1,-2,-3,-1
1514892973325471,-2,-3,0,-3,-1,1,1,-1
1514892973346486,-1,0,-1,-2,-1,-2,-1,-1
1514892973346486,-2,1,-2,-1,0,-2,-1,0
1514892973348001,-1,-3,1,0,0,-1,-1,-3
1514892973348001,0,-1,-2,0,-1,0,-3,-1
1514892973359996,0,1,-3,0,-2,2,1,-1
1514892973359996,0,-1,-3,-2,0,-1,-2,-1
1514892973370003,-2,-1,0,-2,1,1,0,-1
1514892973370003,-1,-2,-1,0,0,-1,0,-3
1514892973383513,-1,-1,-1,-1,-2,-1,-1,1
1514892973383513,-2,1,-1,-1,-2,-2,-1,-1
1514892973386013,0,-3,0,-2,-2,-1,-2,-1
1514892973386013,0,-4,0,-1,-2,-3,-2,-2
1514892973407539,0,1,0,-2,0,0,-2,0
1514892973407539,0,2,-1,-2,1,-1,-2,-1
1514892973411031,-2,-2,-1,-1,0,-1,-1,0
1514892973411031,-3,-2,-1,-1,0,-1,0,-1
1514892973420539,-2,-1,0,0,-1,-2,-2,-2
1514892973420539,-1,0,0,-1,1,-1,-2,-2
1514892973435049,-1,-3,-3,-1,0,0,-1,-1
1514892973435049,0,-3,-2,-1,-2,-1,-1,0
1514892973443555,-1,0,-3,-2,-2,-1,-1,0
1514892973443555,0,0,-1,0,0,-4,1,-1
1514892973445556,0,-3,-2,-2,-1,-1,0,-1
1514892973445556,-1,-2,1,-1,-1,-2,-2,-2
1514892973466078,-3,-1,-1,0,-2,-2,-1,0
1514892973466078,-1,0,-1,-1,-2,0,-1,-1
1514892973469081,-1,-3,-1,0,-1,-1,-2,-1
1514892973469081,1,-2,-1,-1,1,-1,-1,-1
1514892973480079,0,0,-1,0,1,-3,0,-2
1514892973480079,0,2,1,-1,-1,-2,0,0
1514892973489086,0,-4,0,-2,-3,-1,-1,-2
1514892973489086,-2,-3,-1,0,0,0,0,0
1514892973511602,-1,0,1,-3,-1,-1,-3,-3
1514892973511602,-1,1,0,-2,-1,0,-1,-1
1514892973514105,-1,-1,-1,0,-1,0,-2,0
1514892973514105,-2,-3,-2,-1,-3,-1,0,0
1514892973526112,-1,-1,-2,-1,-1,-2,-1,0
1514892973526112,-3,-2,0,-1,-1,-1,-1,-1
1514892973527618,-1,-1,0,-1,-1,0,-1,0
1514892973527618,0,-3,-1,-1,0,0,-3,-2
1514892973541124,-2,1,-2,-1,-1,-1,0,-3
1514892973541124,0,2,-4,-1,-2,-1,-2,-3
1514892973549130,-3,-3,-1,1,-1,-1,0,0
1514892973549130,-1,-2,-1,-1,-1,-1,-1,-2
1514892973563651,0,1,-1,-1,-3,0,0,0
1514892973563651,0,-1,-1,-2,-1,-1,-2,0
1514892973565141,-3,-2,-1,0,-1,-1,-2,-2
1514892973565141,-3,-3,-1,-1,2,-1,0,0
1514892973593660,0,1,-2,-2,-1,-3,0,0
1514892973593660,-1,1,-3,-1,-2,-1,-2,-2
1514892973595163,-2,-3,-1,-2,-2,-1,-1,-3
1514892973595163,-2,-2,-1,0,-1,0,-1,-1
1514892973599664,-1,1,-4,-1,1,1,-2,-1
1514892973599664,-2,-1,-1,-2,-1,-1,-2,0
1514892973609172,0,-3,-3,-1,-1,-2,-1,-1
1514892973609172,-1,-3,-1,-1,-2,-1,-1,-2
1514892973623683,1,-1,-1,0,-1,-1,-1,-2
1514892973623683,-1,1,-4,0,-1,-1,-1,0
1514892973625184,-1,-1,0,0,0,0,-1,-2
1514892973625184,-1,-3,-1,-2,-1,-1,-1,1
1514892973646213,0,-2,0,-2,-1,-2,-1,-1
1514892973646213,0,0,0,-3,-2,0,-1,-3
1514892973647699,1,-3,-1,0,-2,-2,-1,0
1514892973647699,-1,-2,1,-2,-1,0,0,-2
1514892973669226,-1,0,-2,-1,1,-2,-1,-1
1514892973669226,0,0,-1,-3,-1,-2,-2,0
1514892973671215,-1,-2,0,-1,0,-2,-1,0
1514892973671215,0,-2,-3,-2,-1,-1,-1,-1
1514892973683735,-1,-1,0,0,-2,1,-1,-2
1514892973683735,-4,-1,-1,0,-3,-2,-1,-2
1514892973685231,-2,-2,-2,-1,0,-2,-1,-2
1514892973685231,-1,-2,0,-1,-1,-1,0,-2
1514892973713745,-1,0,-2,-1,-1,-3,-1,0
1514892973713745,1,0,0,0,0,-1,-2,-1
1514892973715272,-1,-2,0,-1,-2,0,-1,0
1514892973715272,-1,-2,-1,1,-1,-2,-3,-1
1514892973728755,-2,-1,0,-3,-1,2,-2,0
1514892973728755,0,0,-2,0,-1,0,-1,0
1514892973730258,-2,-3,-3,-2,-2,-1,-1,-1
1514892973730258,0,-4,-3,0,0,0,-2,-1
1514892973743767,0,0,-3,-1,-1,-1,-1,-2
1514892973743767,0,0,1,-1,-2,-3,-1,-1
1514892973746268,-2,-5,-1,-1,-2,0,0,-2
1514892973746268,-2,-2,0,0,-2,0,0,0
1514892973766341,-1,2,-2,-1,-3,-2,-1,0
1514892973766341,0,0,-2,-1,-1,-1,-1,-1
1514892973768787,-1,0,0,-2,1,-2,0,-1
1514892973768787,0,-3,0,-1,-1,0,0,-2
1514892973788798,1,0,-2,-2,1,-2,-2,-3
1514892973788798,-1,-2,-4,-1,-1,0,-2,-1
1514892973790299,0,-3,-2,-1,0,0,-2,-1
1514892973790299,-1,0,-1,-1,-1,-2,-1,-1
1514892973804316,1,1,0,-2,1,-2,-2,0
1514892973804316,-1,0,0,-3,0,-1,-1,-1
1514892973809813,-2,-3,-2,-1,-1,-3,0,0
1514892973809813,-2,-3,0,0,-1,-3,-1,-3
1514892973841857,-2,1,-2,0,-1,-1,-1,-1
1514892973841857,-2,1,-1,-1,-1,-1,-1,-3
1514892973843837,1,-2,-3,-1,-1,0,-1,0
1514892973843837,-1,-3,-1,0,-1,-1,-2,0
1514892973847856,-1,-1,-1,-1,-1,-2,-1,0
1514892973847856,-1,0,-1,-3,0,0,0,-2
1514892973848840,-1,-2,-1,-1,-3,-1,-1,-2
1514892973848840,0,-2,-2,-1,-2,0,-1,-1
1514892973862378,-1,-2,-1,-1,-1,-1,-2,-1
1514892973862378,-2,0,-1,-2,-1,-2,0,0
1514892973870357,-3,-2,-2,-1,0,-1,0,-1
1514892973870357,-1,-2,-1,-1,0,-3,-2,1
1514892973885376,-2,0,-1,-1,-3,-2,-1,-2
1514892973885376,1,-1,-1,-2,-3,-1,-2,-3
1514892973886368,1,-2,1,-1,-2,1,-1,-2
1514892973886368,0,0,-1,-2,1,-1,0,-1
1514892973908895,0,0,-1,-1,0,-2,-1,-1
1514892973908895,-1,0,-2,0,0,0,0,0
1514892973909386,0,-3,-1,-3,-2,-2,0,-1
1514892973909386,-2,-2,-1,-1,-2,-2,0,-1
1514892973931400,-2,-2,-1,-2,-1,-2,-2,-1
1514892973931400,-1,-1,-2,-2,1,-2,-2,-1
1514892973931903,-2,-2,0,0,-2,1,-1,-1
1514892973931903,1,-1,1,0,-1,-1,1,-1
1514892973945449,-1,1,-1,0,-1,-1,-1,-1
1514892973945449,-2,0,-3,1,0,-1,-2,0
1514892973947414,0,-2,-1,-1,0,-2,-2,-1
1514892973947414,-1,0,1,-1,-3,-1,-3,0
1514892973968426,-2,2,-2,-1,-2,1,0,-1
1514892973968426,-1,0,-2,0,-2,0,0,0
1514892973968928,-1,-2,-1,-1,-1,-1,0,-2
1514892973968928,-2,-1,0,-1,0,0,-1,0
1514892973982943,-1,-1,1,-1,0,-2,-2,-2
1514892973982943,0,-3,-1,-2,-1,-3,-1,-1
1514892973990450,-1,-2,-1,-1,-2,-1,-1,1
1514892973990450,-1,-3,-1,-1,-3,-2,-2,-2
1514892974005454,-2,-1,0,-1,-1,-3,0,0
1514892974005454,-1,0,1,-1,-3,-1,-1,-3
1514892974006452,0,-1,-1,0,-1,-1,-2,0
1514892974006452,-3,-2,-4,0,0,-2,0,0
1514892974027968,-1,-1,0,-1,-2,-1,-1,-1
1514892974027968,-1,-3,-1,-2,0,-1,-1,-1
1514892974028969,0,-2,0,0,-1,-1,-2,-3
1514892974028969,0,-2,1,-2,-1,0,-2,-1
1514892974042977,0,1,-1,-1,1,1,-1,-1
1514892974042977,-1,0,-3,-2,-1,-4,-1,-1
1514892974043988,-3,-1,-2,-2,-2,-1,0,-1
1514892974043988,0,0,0,-1,0,0,0,-2
1514892974066018,-1,-1,-1,-2,-2,-2,-3,-1
1514892974066018,0,0,0,-1,0,-2,-2,-1
1514892974073009,0,-3,-1,1,0,-3,-1,0
1514892974073009,-1,-1,-2,0,1,0,0,0
1514892974088019,0,-2,-1,-1,1,-2,-1,-2
1514892974088019,0,0,-1,-2,-2,0,0,-1
1514892974089010,-2,-4,-2,-1,0,-1,0,-2
1514892974089010,-1,-1,0,0,-2,-1,0,-1
1514892974103020,-1,2,-1,0,-2,-1,0,-2
1514892974103020,0,-1,0,0,-1,-1,-2,-2
1514892974110535,-1,-2,-2,-1,1,-1,-2,0
1514892974110535,-2,-1,-1,-3,0,0,1,1
1514892974125537,-2,0,-1,-2,0,-1,-1,0
1514892974125537,-1,-1,-1,-2,-1,0,-2,-2
1514892974126538,-1,-2,1,0,-1,-2,-3,-3
1514892974126538,-1,-1,0,0,-2,-1,0,-3
1514892974148052,0,-2,-1,1,-1,-1,-1,0
1514892974148052,-1,-1,-1,-2,-1,-1,-1,0
1514892974149054,-1,0,-2,-1,2,-1,-1,0
1514892974149054,-3,-1,-3,0,-1,-2,1,0
1514892974163063,0,0,-3,-1,2,-1,-2,0
1514892974163063,-2,0,-1,-2,-2,-3,-2,0
1514892974164064,-4,-1,-1,-2,-1,-2,-1,-2
1514892974164064,-1,0,-1,1,1,-1,-2,-1
1514892974193596,0,0,-2,-2,-3,0,-1,-1
1514892974193596,-1,-2,-1,1,-1,-1,-1,0
1514892974194597,0,-1,-1,-2,-3,-2,0,-1
1514892974194597,-2,-1,-1,-2,-1,1,-1,-1
1514892974208105,0,1,-1,-2,-1,0,-2,-1
1514892974208105,-1,-3,-1,-1,1,0,0,0
1514892974209605,-1,-2,0,-1,0,0,0,-2
1514892974209605,0,0,-2,0,-1,0,-1,-1
1514892974223106,-1,-1,0,-2,-1,-1,0,-2
1514892974223106,0,-2,-1,0,-3,-2,-1,-3
1514892974224105,-1,-2,-3,0,-1,0,0,-1
1514892974224105,0,-1,0,-1,-2,-2,-1,-1
1514892974245622,-1,1,-1,-1,-1,-1,-2,-1
1514892974245622,-1,-1,-1,-3,-2,-3,0,1
1514892974246644,0,-2,1,-1,-1,-2,0,-1
1514892974246644,-2,-2,-1,-2,-2,-1,-2,-2
1514892974269139,-1,0,-1,0,-1,-1,0,-1
1514892974269139,-1,-2,0,0,0,-1,-1,-2
1514892974270154,0,-1,-1,-3,-1,-2,-2,-1
1514892974270154,-2,-2,0,1,-1,-3,-1,-1
1514892974282147,0,0,0,-2,-3,-1,-1,0
1514892974282147,-1,-1,-3,-1,-1,1,-1,-2
1514892974290662,1,-2,-1,-3,-2,0,-2,-1
1514892974290662,0,2,-1,-1,0,2,1,-2
1514892974305665,0,0,0,-2,-1,0,-1,0
1514892974305665,-1,0,0,-1,0,1,-2,-1
1514892974306165,-2,-2,-1,-1,0,-1,-1,-2
1514892974306165,-2,-1,-1,-1,-1,-2,-2,-1
1514892974328180,0,-1,-1,0,0,-1,-3,-1
1514892974328180,-1,-2,-1,-4,1,-1,0,0
1514892974328679,-2,-1,-2,-1,-1,2,2,0
1514892974328679,1,0,0,-1,-2,-2,-1,-1
1514892974342201,-2,-1,-2,0,0,-4,-1,-1
1514892974342201,0,-2,-2,0,-2,-2,-1,0
1514892974350694,-1,-2,-1,0,2,-1,-2,-2
1514892974350694,-1,2,0,-1,1,-1,0,-2
1514892974365705,0,1,1,-1,-2,0,-1,0
1514892974365705,1,-2,0,0,-1,-2,-2,-1
1514892974366206,-1,-2,-1,1,-1,-2,-2,0
1514892974366206,-2,0,-3,-3,-2,-2,-1,0
1514892974388221,-1,0,-2,0,-1,0,-1,-2
1514892974388221,0,-1,0,0,-1,0,-1,-2
1514892974388722,-1,-3,0,-1,-2,-1,-1,-2
1514892974388722,0,-1,-1,-1,-1,-1,-2,-1
1514892974402734,-2,-2,-2,-2,-1,-2,0,0
1514892974402734,-3,-2,-2,1,0,-1,0,-2
1514892974411239,-4,-2,-2,-1,-1,0,0,-1
1514892974411239,0,0,0,-1,0,0,1,1
1514892974425249,-1,2,-2,-1,-2,-2,-1,-1
1514892974425249,-1,-3,-1,-1,-1,0,-1,-1
1514892974426250,-1,-2,-1,0,0,-1,0,1
1514892974426250,-1,-1,-1,-1,-1,-1,-3,0
1514892974447767,-1,0,-1,-2,0,-1,0,-2
1514892974447767,-2,0,-3,-2,-2,-1,-2,-1
1514892974448765,0,-3,-2,-1,-2,-1,-1,-2
1514892974448765,-1,1,-4,0,-1,-1,-1,-2
1514892974462278,0,-2,-1,-1,0,-1,-1,-1
1514892974462278,0,-2,0,-3,0,-1,-1,0
1514892974470280,-1,-5,0,-1,-1,-2,-2,-1
1514892974470280,-2,1,0,-1,-2,0,-2,-2
1514892974485790,0,1,0,-1,-3,-1,-2,-2
1514892974485790,-1,0,-1,-1,-1,-5,-1,-1
1514892974486294,2,-1,-1,-2,-2,-1,-1,0
1514892974486294,0,0,-1,-2,0,0,-1,-2
1514892974508306,-1,0,-1,-2,-1,-1,1,-2
1514892974508306,-1,-1,-1,0,0,1,0,-2
1514892974509808,-2,-1,0,0,-1,-2,0,0
1514892974509808,-2,0,-2,0,-2,-1,-2,0
1514892974522316,1,0,-2,0,-1,0,1,0
1514892974522316,0,-2,-1,-1,0,-1,-1,-1
1514892974530324,0,-2,-2,1,-1,-1,-3,-1
1514892974530324,-2,1,0,0,-1,0,-2,0
1514892974545833,-2,2,-1,0,-1,-2,-2,-2
1514892974545833,-1,-2,0,0,-4,0,-2,-1
1514892974546833,-2,-4,-2,-1,1,-3,1,-1
1514892974546833,-1,1,-1,-1,-1,-2,0,0
1514892974568850,0,1,-2,-1,-1,0,0,-1
1514892974568850,0,-1,-1,-1,-1,0,0,-1
1514892974569850,0,-1,-1,-3,-1,1,-1,-3
1514892974569850,-2,0,-2,0,-1,-3,0,-1
1514892974591365,-3,-1,0,-1,0,-2,-3,-1
1514892974591365,-3,-1,-2,-2,0,0,0,-1
1514892974591865,-1,-2,0,-2,-1,1,0,-1
1514892974591865,-1,1,-1,-2,0,0,-1,-1
1514892974605414,0,3,-2,-3,-1,1,0,0
1514892974605414,1,-2,0,-2,-1,-3,-2,-1
1514892974606405,1,-2,-2,0,-1,-1,0,-1
1514892974606405,0,-1,-1,-2,0,-2,0,-1
1514892974628018,-1,0,-1,0,1,0,-2,0
1514892974628018,-1,-2,-1,-2,-4,-1,0,-1
1514892974629008,-1,-2,0,-2,-2,-1,-2,-1
1514892974629008,0,0,-1,-1,-2,0,0,-2
1514892974651530,-3,-1,-2,-1,-2,-3,-1,-1
1514892974651530,-2,-5,-3,-1,0,-2,-1,1
1514892974652026,-2,-2,-2,-1,-2,-1,-1,-1
1514892974652026,-1,0,-1,0,-2,-2,-1,-1
1514892974673539,0,2,-1,0,1,-2,-1,-1
1514892974673539,-1,-1,0,0,-1,0,-3,-2
1514892974674553,-1,-2,-3,0,-1,-2,-1,-1
1514892974674553,-1,-3,1,-1,-2,0,-1,-1
1514892974688061,-3,1,0,-1,-3,-1,-1,-1
1514892974688061,-2,-2,0,1,0,-2,-1,1
1514892974688551,-1,-2,1,-2,-1,-1,-1,0
1514892974688551,-2,1,-1,-1,-3,0,0,-2
1514892974711566,0,-2,-1,-1,-1,0,0,-2
1514892974711566,-1,-3,-2,-2,-1,1,1,0
1514892974712566,-2,0,-1,-2,-2,1,0,0
1514892974712566,0,1,-1,-1,0,-2,-2,-2
1514892974725575,0,0,-1,-2,-1,0,-1,-2
1514892974725575,0,-2,-1,0,-2,0,0,-1
1514892974726076,-3,-6,0,0,-2,-3,0,-2
1514892974726076,-1,1,-1,-1,-2,-1,-2,-1
1514892974748091,1,1,-2,-1,-1,0,0,-1
1514892974748091,1,-3,-2,0,-1,-1,1,-3
1514892974749093,0,-1,0,0,0,0,-2,-2
1514892974749093,-2,1,0,-2,1,-1,-2,-1
1514892974771108,-3,-1,-1,-3,-1,-2,-2,-1
1514892974771108,-1,-3,-1,-1,-1,-1,-2,-1
1514892974772108,-1,-3,0,0,-4,-2,-2,-3
1514892974772108,0,1,-2,1,0,0,0,-1
1514892974793623,-2,0,-1,-2,-2,-3,0,1
1514892974793623,-3,-3,-1,-4,-1,-1,-3,0
1514892974794624,-2,-2,-2,0,0,0,0,0
1514892974794624,-1,1,-1,-2,0,-1,-2,-2
1514892974808136,-1,0,0,0,0,-2,-1,-1
1514892974808136,0,0,1,-1,0,0,0,0
1514892974808637,-1,-2,0,-1,-2,0,-1,-2
1514892974808637,1,0,-1,-1,-1,-2,-1,-2
1514892974831150,0,1,-1,-2,-2,-2,-1,-1
1514892974831150,-1,-3,-2,-2,-1,-3,-2,0
1514892974832151,-3,-3,-1,-1,-1,-1,-3,0
1514892974832151,-2,1,-2,-1,-3,-1,-1,-1
1514892974845660,-1,0,-1,-1,-3,0,-1,-1
1514892974845660,-2,-2,-1,1,-2,-1,-1,-2
1514892974846161,-1,-2,-2,0,1,-1,0,-1
1514892974846161,-1,0,0,-3,0,-1,1,1
1514892974869178,1,1,-1,0,0,-1,-2,-2
1514892974869178,-1,-3,-1,0,0,1,1,-1
1514892974870184,1,-2,-2,0,-2,-2,-2,0
1514892974870184,-3,1,-1,-1,-2,-2,-2,-1
1514892974891193,-1,1,0,0,0,0,-1,-4
1514892974891193,-2,-2,-1,-2,-1,-1,-1,-2
1514892974892194,-1,-2,-2,-2,-1,-1,-2,1
1514892974892194,1,-1,-1,1,-1,-1,-1,-1
1514892974906704,-1,1,0,0,-1,0,1,0
1514892974906704,-1,-3,-2,-1,-1,0,-1,0
1514892974908205,-1,-3,-1,-2,-1,0,1,-2
1514892974908205,-2,0,-1,-2,-2,0,-3,-1
1514892974928218,-1,-1,-1,-2,-2,-2,-2,-2
1514892974928218,-3,-3,0,-2,-1,0,-1,-2
1514892974928719,-2,-2,-3,-2,-1,0,-1,0
1514892974928719,-1,1,0,-2,-2,1,0,-1
1514892974951235,-1,1,-3,0,0,-1,-1,0
1514892974951235,0,-1,0,-2,0,-2,-1,-2
1514892974952238,0,-4,0,-1,-2,-3,-1,0
1514892974952238,-1,0,-1,-1,1,-3,0,-2
1514892974965745,0,-1,-1,-5,-1,-2,0,1
1514892974965745,1,-1,-2,0,-1,-1,0,-1
1514892974966246,-2,-4,-1,-1,0,-2,0,-2
1514892974966246,0,0,-2,-3,-2,-1,-1,1
1514892974987761,-2,3,-2,-2,-1,-1,-2,1
1514892974987761,-3,-3,-1,0,-2,-1,-2,-2
1514892974988762,-2,-2,-2,0,-2,-2,0,-2
1514892974988762,-1,0,-2,0,-1,-2,-1,1
1514892975011787,-1,-1,-2,-1,-1,-2,-1,-2
1514892975011787,0,-3,-2,-1,-1,-2,-3,-1
1514892975012788,0,-4,-1,0,1,0,-1,-2
1514892975012788,0,0,-1,-1,-3,-1,-1,-2
1514892975025300,0,0,-2,-2,-1,-3,-3,0
1514892975025300,-1,-2,-1,-2,-2,-1,-2,0
1514892975026301,-1,-2,0,0,-1,0,-2,0
1514892975026301,-1,1,-1,-1,-2,0,-1,-1
1514892975047804,-1,1,0,-1,-3,-1,-2,-1
1514892975047804,-1,-1,-1,0,-1,-1,-1,-1
1514892975048804,-2,-2,0,-2,0,0,1,0
1514892975048804,0,-1,1,-1,0,-2,0,-2
1514892975071330,-1,0,-2,-2,1,1,-1,-1
1514892975071330,0,-2,-1,0,1,-2,1,-2
1514892975071837,1,-3,0,0,0,-1,-1,-2
1514892975071837,-2,-1,-2,0,0,-2,-1,-1
1514892975084829,1,3,0,-1,-1,-3,-1,0
1514892975084829,-1,-2,0,-2,0,-2,-2,-1
1514892975092835,-3,-2,-1,1,-1,-1,0,0
1514892975092835,-1,1,-1,-1,0,-1,-3,0
1514892975108356,-1,0,0,-1,-3,1,-1,-2
1514892975108356,-1,-3,-3,-1,-1,-1,0,-1
1514892975109847,-2,-1,-1,0,-2,-2,-1,-2
1514892975109847,0,0,-1,-2,-1,-1,-2,-2
1514892975131864,-3,0,-1,1,0,-2,-2,-1
1514892975131864,-1,-3,0,-1,-1,-1,1,-1
1514892975133378,-1,-5,-2,0,-1,2,0,-1
1514892975133378,-1,-1,-1,-1,-1,-3,0,-1
1514892975145909,-1,-1,-2,-2,0,-1,0,-1
1514892975145909,0,-2,-1,-1,-1,-1,-2,-1
1514892975146949,-2,-1,-1,-1,-1,-1,-2,-1
1514892975146949,0,2,-2,-1,-1,-3,-1,0
1514892975168426,0,-1,0,-1,-1,-1,-1,-3
1514892975168426,-2,-1,1,0,-1,-2,-3,-1
1514892975168926,0,-2,-1,-1,1,-1,0,-1
1514892975168926,-1,-1,-3,0,-1,-1,-1,-1
1514892975191453,0,0,-2,0,-3,-1,-1,0
1514892975191453,-4,-3,-1,-1,-1,0,-2,-3
1514892975191941,0,-1,-1,-1,-1,-1,1,-1
1514892975191941,-1,1,-2,-2,-1,1,-1,0
1514892975205968,2,0,-2,1,1,0,0,-2
1514892975205968,-2,-3,-1,-2,-2,-2,-1,0
1514892975212966,-2,-2,0,0,0,-1,-2,1
1514892975212966,0,-1,0,0,0,0,-1,-1
1514892975227979,0,1,-3,-2,-1,-1,-1,0
1514892975227979,-2,-1,1,0,-2,-1,-1,-1
1514892975228967,-2,-1,1,1,-2,-3,-1,-3
1514892975228967,-2,1,-2,-2,-3,-2,-1,1
1514892975251031,-1,-2,-1,-4,0,-1,0,0
1514892975251031,1,-3,-2,-2,-3,-2,1,0
1514892975252038,-1,-4,-3,-3,-2,0,0,-1
1514892975252038,-1,0,0,0,-1,0,-2,-2
1514892975265081,-2,0,-2,0,-3,0,-1,-3
1514892975265081,-1,-3,-2,-1,-2,-1,0,-1
1514892975272546,1,-2,-2,-1,0,-1,-2,-1
1514892975272546,-1,1,0,-3,-2,0,-1,-1
1514892975288066,1,1,-2,-1,0,0,-1,0
1514892975288066,-2,0,0,-1,0,-1,-1,-1
1514892975288557,-1,-1,-1,-2,-1,0,-2,-2
1514892975288557,1,1,-2,-2,0,0,0,-3
1514892975311083,-2,-1,-3,-1,-2,-1,0,0
1514892975311083,-1,-3,-2,0,-1,1,-1,0
1514892975313073,-2,-3,-1,-1,-1,-1,-2,-1
1514892975313073,0,0,-1,-1,-1,-2,-1,-2
1514892975324583,0,0,0,-1,-2,-2,-3,-1
1514892975324583,0,-2,-3,1,-1,-1,-1,-1
1514892975333089,0,-3,-1,-2,-2,-3,-1,-1
1514892975333089,-1,0,-2,-2,-2,-2,-1,-1
1514892975348099,1,1,-2,-2,-2,-2,-2,-1
1514892975348099,0,-2,0,-2,-3,1,-1,-2
1514892975348600,-2,-2,0,-1,-1,-1,-1,-1
1514892975348600,-2,0,0,0,0,0,0,-1
1514892975378620,-2,0,-2,-4,-2,-2,1,-3
1514892975378620,-1,-2,-1,-1,-1,0,-1,-2
1514892975379622,-1,-2,-1,0,-2,0,-1,-2
1514892975379622,-1,0,-1,-1,-1,-2,-2,-2
1514892975385126,0,0,-1,0,1,0,-2,-1
1514892975385126,-2,-1,-1,-1,-2,-1,-2,-2
1514892975393131,0,-1,-1,0,-2,-1,-1,-1
1514892975393131,-2,-1,-2,-1,-4,-1,-3,-1
1514892975423653,0,-1,-1,-1,-2,-1,-1,-1
1514892975423653,0,-1,-2,1,1,-3,-1,-1
1514892975424654,-2,-3,-1,-1,0,-1,1,0
1514892975424654,0,1,-2,0,-1,-1,-1,-3
1514892975439664,-2,1,-1,1,-2,0,-1,0
1514892975439664,-1,-3,-2,-1,1,0,-2,-1
1514892975440173,-2,-1,0,-2,-3,1,-1,-1
1514892975440173,-1,1,0,-1,-2,-2,-2,1
1514892975445177,-3,0,0,-1,-3,-1,-3,-1
1514892975445177,-1,-2,-1,1,-1,-1,0,0
1514892975453174,0,0,0,-1,-2,-2,-1,-3
1514892975453174,1,-1,-2,-2,0,-2,-1,0
1514892975468688,0,-2,-3,-2,0,-1,-2,-2
1514892975468688,-1,-4,-1,-3,0,1,-3,0
1514892975470201,-2,-1,-3,0,-1,-2,1,-1
1514892975470201,-2,-1,0,0,-2,-1,-1,-1
1514892975491209,-3,-1,-1,0,0,0,-2,0
1514892975491209,0,-2,0,-2,-2,-2,-1,-1
1514892975492200,-1,-1,-2,-1,0,-1,-1,-1
1514892975492200,-1,2,-2,-1,-1,-1,-1,-1
1514892975506210,1,1,-3,-2,-1,0,1,-1
1514892975506210,-3,-3,0,-1,-3,0,-1,-3
1514892975513215,-2,-1,0,0,-2,1,-2,-1
1514892975513215,0,-1,-2,-1,-2,-1,-1,0
1514892975528231,0,-1,1,-3,-2,-1,-1,0
1514892975528231,0,-1,-2,-2,1,0,1,-2
1514892975528727,1,-1,-2,0,0,-1,-1,-2
1514892975528727,0,0,-2,-1,0,-2,-1,-1
1514892975551242,-1,-1,-2,0,-1,-2,0,-2
1514892975551242,-1,-2,-2,0,-1,-1,-1,0
1514892975552243,-1,-2,-1,-2,-1,-1,-3,0
1514892975552243,0,0,-2,-1,1,2,-1,1
1514892975573771,-2,-1,1,-2,1,-2,-2,-1
1514892975573771,-1,-1,-1,-2,-2,0,2,-2
1514892975574273,-1,-1,0,-1,0,-2,0,-1
1514892975574273,-1,0,-3,-1,-3,0,-3,1
1514892975587778,0,-2,-1,-2,-2,-1,-2,-1
1514892975587778,-1,-2,-2,0,-1,0,0,-1
1514892975588776,-1,-2,0,-2,1,-1,-2,-2
1514892975588776,-1,-2,0,-1,0,1,0,-3
1514892975611786,-2,-1,0,-3,-1,-2,-1,0
1514892975611786,-2,-3,-1,0,1,-1,0,-1
1514892975612786,-1,0,-2,-2,-2,-1,0,0
1514892975612786,0,1,-1,-1,0,1,-2,-1
1514892975633872,-1,1,-1,0,-2,0,0,-2
1514892975633872,0,-2,-1,0,-1,-2,-1,-1
1514892975634359,-2,-1,-1,0,-2,-1,0,-1
1514892975634359,-2,-1,-1,-1,-1,-2,-1,-3
1514892975647892,0,0,-1,-1,0,-1,-1,1
1514892975647892,-1,-4,-2,0,-3,-1,-1,0
1514892975655385,-2,-1,-2,0,-2,0,-1,-1
1514892975655385,0,0,0,-2,-2,-1,-2,-1
1514892975670895,-3,-2,-1,-2,-1,-2,0,-1
1514892975670895,-3,0,-1,-1,0,-1,-2,-1
1514892975671896,-2,0,-1,-1,0,-2,-1,-1
1514892975671896,-2,0,-2,0,-2,-1,0,-1
1514892975702410,-1,-2,-3,0,0,1,-1,0
1514892975702410,-1,-2,-2,-2,-2,0,-1,0
1514892975704409,0,0,-1,0,-1,-1,0,-1
1514892975704409,0,0,0,-2,-1,-3,0,-2
1514892975707912,-2,0,-3,-3,-2,-2,-2,-3
1514892975707912,0,-1,1,-2,-1,-1,0,-1
1514892975709913,-1,-1,0,-1,0,0,-2,0
1514892975709913,-1,-2,-1,-1,-2,-1,-1,0
1514892975731431,0,-2,0,-3,0,-2,-1,-2
1514892975731431,-2,-3,-2,-1,-1,-2,-2,-1
1514892975732932,1,-1,-1,-1,0,0,1,-1
1514892975732932,-1,1,-1,-2,-1,-1,-2,-1
1514892975753444,-2,-1,0,-1,-3,-2,-2,-2
1514892975753444,0,-1,-2,-1,0,-1,-2,-1
1514892975754445,1,-1,-1,-1,-2,1,0,-1
1514892975754445,0,-1,0,-1,0,0,-1,-1
1514892975768955,1,-2,-2,1,-1,-2,-2,-1
1514892975768955,-1,-3,-1,0,-1,-2,-1,-2
1514892975769956,-2,0,-3,0,-2,-2,0,-1
1514892975769956,-1,1,-1,-2,-1,-1,0,-2
1514892975790970,0,-3,-2,-1,-3,0,-1,-2
1514892975790970,-1,-2,-1,-1,0,0,-1,1
1514892975791971,-1,-2,-1,0,0,-1,0,-1
1514892975791971,0,1,-1,0,-2,-1,-2,1
1514892975813489,0,-1,-1,-1,1,1,-2,-2
1514892975813489,-2,-2,-1,-3,-1,-1,-1,-1
1514892975814499,0,0,0,-1,-2,-1,-1,-1
1514892975814499,-1,-1,-2,-2,-1,-1,0,0
1514892975827997,-1,-2,-1,-1,-2,0,0,0
1514892975827997,-3,-1,-1,0,0,-2,1,0
1514892975828999,-3,2,-2,-3,0,-2,-2,1
1514892975828999,-1,0,1,-2,0,-3,-2,-1
1514892975851022,-1,-2,-1,0,-2,-1,0,-1
1514892975851022,2,-3,0,0,0,-1,-1,-2
1514892975852024,1,0,-1,-1,-2,-1,0,-1
1514892975852024,-1,0,-2,-1,-1,-1,-1,-2
1514892975873529,0,0,-2,-2,-1,-1,-1,0
1514892975873529,-2,-2,-1,0,0,-2,-2,0
1514892975875530,-1,3,-1,-1,-2,-2,-2,-2
1514892975875530,1,0,0,0,-1,0,-1,-1
1514892975888039,-1,-1,-1,-1,-1,-1,-1,0
1514892975888039,0,-2,-1,0,0,-1,-1,-1
1514892975889040,-1,0,-1,0,2,0,-2,-1
1514892975889040,-2,1,0,0,-1,-1,-2,-2
1514892975912056,-1,-1,0,-3,-2,0,-1,0
1514892975912056,-2,-2,-1,-1,-2,-1,0,0
1514892975913557,-1,0,-1,0,-2,-2,0,-1
1514892975913557,-1,-1,-4,-1,-1,0,-2,0
1514892975934086,-1,0,-1,-1,-2,-3,0,0
1514892975934086,0,-2,-1,-2,-1,-1,-1,-2
1514892975936073,0,0,0,-3,-1,-1,-3,-2
1514892975936073,-1,-2,-3,-1,-2,-1,0,-1
1514892975947581,1,-2,-1,-1,-1,0,-1,-2
1514892975947581,-1,-2,0,-1,-2,-1,0,-1
1514892975956587,-1,-1,-2,-2,1,-1,0,0
1514892975956587,0,0,-1,-1,0,0,1,-1
1514892975978616,0,-2,0,-1,0,2,0,-1
1514892975978616,-1,-1,-1,-1,-2,-3,-2,-3
1514892975980118,-1,-1,-2,0,-1,1,-2,-1
1514892975980118,0,1,-1,-2,-1,-1,-1,0
1514892975994135,-1,-3,-2,0,1,-2,-2,-1
1514892975994135,-1,-2,-2,0,-1,-1,-1,0
1514892975995615,-2,2,0,1,-2,-1,-1,-3
1514892975995615,-3,-1,-1,-2,-3,-2,-3,-1
1514892976007630,-1,-3,-1,-1,0,-1,-3,0
1514892976007630,1,-4,0,0,-1,-1,-1,-3
1514892976016630,0,-1,-2,0,-2,-2,1,-2
1514892976016630,1,1,0,-1,0,0,0,0
1514892976031144,-2,-3,-1,-2,0,-1,-1,-1
1514892976031144,-3,-1,-2,-2,-1,0,-1,0
1514892976032641,1,0,-2,-2,-1,-2,-1,-1
1514892976032641,-2,1,-1,-2,1,-1,-1,-1
1514892976061661,-1,-1,0,0,-4,-2,-1,-1
1514892976061661,0,-4,0,-2,0,-1,-1,-3
1514892976063163,-2,-1,-1,0,-1,-1,0,-1
1514892976063163,-1,-1,-1,-1,-1,0,-3,-2
1514892976067165,0,-2,-2,-3,-1,-1,0,-1
1514892976067165,-1,0,0,0,-1,-1,-2,0
1514892976076675,-1,0,0,-1,0,1,-2,0
1514892976076675,0,1,-1,-1,-2,0,-1,-2
1514892976091687,-2,-1,-1,-1,-2,-1,1,-1
1514892976091687,-2,-1,-3,-1,-2,0,-1,-2
1514892976092687,0,-1,-1,-2,-1,-3,-3,0
1514892976092687,-1,1,-1,-1,-1,-1,0,-2
1514892976113699,-1,-3,-1,-2,-1,-1,-1,-2
1514892976113699,1,-3,-1,-1,-1,-2,-1,-1
1514892976115199,-2,0,-2,1,-1,-1,-1,1
1514892976115199,-1,1,0,0,-2,0,0,-3
1514892976127208,-1,-3,-1,-1,-2,-3,-3,1
1514892976127208,-2,-1,-1,-1,-3,-4,-2,-1
1514892976136717,-1,0,0,-1,0,-2,-3,-1
1514892976136717,1,0,0,-1,-2,-1,-3,-1
1514892976151224,-2,-3,-1,0,-2,-3,-2,0
1514892976151224,-1,-3,-1,0,-2,0,-1,-1
1514892976153228,-2,2,-1,-2,0,-1,1,-1
1514892976153228,-1,0,-1,-2,-1,-1,-2,-1
1514892976173742,0,-3,-1,-2,-1,-1,-1,-1
1514892976173742,0,-2,-1,-2,-1,0,-1,-2
1514892976175242,1,2,-1,-1,-3,0,-2,-2
1514892976175242,0,-1,-2,-1,-1,-1,-1,-1
1514892976187753,-1,0,0,0,0,-1,-1,-2
1514892976187753,-2,-2,0,0,0,0,1,1
1514892976197758,-2,-1,-1,-2,-2,-1,0,-1
1514892976197758,-3,0,-2,-1,-2,-1,-1,-1
1514892976211268,-2,-1,-1,-2,-1,0,-1,-1
1514892976211268,-2,-3,-3,-1,-1,-1,0,-1
1514892976212768,-2,0,-1,-1,-1,-3,1,-1
1514892976212768,-1,0,0,0,-2,-2,-2,0
1514892976241291,-2,-1,-1,0,0,0,-2,-1
1514892976241291,-1,-2,1,-2,-1,0,-3,0
1514892976242816,0,0,-2,-1,0,-1,0,0
1514892976242816,-1,0,-2,-2,-1,0,-2,0
1514892976247323,-1,-4,-3,1,0,-2,0,-1
1514892976247323,-2,-2,-1,0,-1,1,-2,-2
1514892976256331,-1,-2,0,-1,-1,0,-2,0
1514892976256331,0,0,-1,-1,0,0,-1,-2
1514892976271840,0,-3,0,-1,0,-1,-1,-1
1514892976271840,-1,-4,0,0,-1,-3,-1,0
1514892976273341,0,0,-2,-1,-1,0,-2,-1
1514892976273341,-1,2,-2,-1,-1,-1,0,0
1514892976293857,-1,-3,-1,-2,-3,0,-1,0
1514892976293857,-2,-3,-2,-1,-2,-1,0,-2
1514892976295357,0,1,-2,-1,-2,-1,-2,-1
1514892976295357,0,0,-1,-1,-2,-2,-1,-1
1514892976307367,-3,-2,-2,0,-2,0,-1,-1
1514892976307367,-3,-2,0,0,0,-1,-2,0
1514892976317873,-1,2,-1,-1,-2,-1,-2,0
1514892976317873,-1,-1,-3,0,0,-2,0,0
1514892976331381,-1,-2,-2,1,-2,-2,-1,-2
1514892976331381,0,-2,-1,0,0,0,-1,0
1514892976332882,-3,0,-1,0,0,0,-1,-1
1514892976332882,0,0,0,0,-3,-1,-1,-2
1514892976353897,-2,-3,-1,-1,-3,0,0,-2
1514892976353897,-1,-3,-1,-1,0,-1,0,-1
1514892976355401,-2,0,-2,1,0,-1,0,0
1514892976355401,1,-1,0,-1,1,-2,0,1
1514892976367408,-1,-3,0,-1,-1,0,-2,-1
1514892976367408,0,-3,-1,0,0,0,0,-1
1514892976376413,0,1,-3,-1,-2,-1,-1,-2
1514892976376413,-2,3,-2,0,-2,0,-2,-2
1514892976391425,-1,0,-2,0,-2,-1,0,2
1514892976391425,0,-3,-1,-1,-1,0,-2,-1
1514892976392925,-1,0,0,0,0,-1,-1,-1
1514892976392925,0,-1,-3,-2,0,-2,-2,0
1514892976413940,-2,-3,0,-3,-1,-3,0,0
1514892976413940,-2,-3,0,-1,-1,-2,-1,0
1514892976415442,-2,-2,0,-2,-1,0,-1,-1
1514892976415442,0,0,-1,-2,-1,-2,0,-1
1514892976427451,0,-2,-1,0,-1,0,-2,0
1514892976427451,-3,-4,-2,0,-2,-1,-3,0
1514892976436456,0,-1,-2,-1,-1,-1,0,0
1514892976436456,-2,1,0,-2,-1,-2,0,-2
1514892976450965,-1,-2,-1,-2,0,-2,0,-2
1514892976450965,-2,-4,-1,-2,1,-2,-1,-3
1514892976452468,0,-1,-2,-2,-1,-1,-3,-2
1514892976452468,-3,0,0,-1,-2,0,-1,-1
1514892976488508,-2,-3,-2,-2,-1,0,0,0
1514892976488508,0,-2,-1,0,-2,0,0,0
1514892976491008,-1,0,-1,-2,-3,-2,0,-2
1514892976491008,0,1,-1,-2,-3,0,-1,-2
1514892976496012,-1,-2,1,-2,-1,-1,0,-4
1514892976496012,0,-1,0,-1,-3,0,-1,0
1514892976497499,-1,1,-1,-1,-1,0,0,0
1514892976497499,-1,-2,-1,0,-2,0,-4,-1
1514892976511022,-1,-2,0,1,1,-1,0,-1
1514892976511022,-2,-3,-2,-1,-1,0,-1,-1
1514892976512509,1,0,0,-3,0,-1,0,-1
1514892976512509,0,2,0,0,1,-2,-2,-1
1514892976533533,-3,-3,-2,-1,-1,-3,-1,-1
1514892976533533,-1,-2,0,-1,-1,-2,-1,-3
1514892976535025,-2,0,0,-1,0,-1,0,1
1514892976535025,0,0,-1,-1,-1,0,0,1
1514892976556039,2,-1,-3,-1,-2,-1,-1,-1
1514892976556039,-2,-2,-1,0,0,-2,0,0
1514892976557541,-2,1,-2,-1,-2,-2,-2,-1
1514892976557541,-1,1,-1,-1,-2,-3,0,-1
1514892976571063,-2,-1,-2,0,-3,-1,-1,0
1514892976571063,-1,-4,-2,0,0,-1,1,-2
1514892976572552,-1,1,-1,0,-1,-2,-2,0
1514892976572552,-1,-1,-2,-1,0,-2,-2,-2
1514892976593566,0,-4,0,-2,-1,0,-3,-2
1514892976593566,-1,-1,-1,-2,0,0,-1,0
1514892976596568,-4,-1,-1,0,-1,-1,0,-1
1514892976596568,-1,1,-1,-1,0,-2,0,-2
1514892976616120,0,-3,0,0,-1,1,-2,-1
1514892976616120,-1,-4,-1,-1,-2,1,-1,-1
1514892976617597,0,-1,-1,-1,0,0,-1,0
1514892976617597,-2,1,-3,0,-1,-1,-1,1
1514892976630603,-1,-3,-1,-1,0,-2,-1,-1
1514892976630603,-2,-2,-1,0,-1,0,-2,-2
1514892976637109,-1,0,-1,-1,-1,1,-1,-1
1514892976637109,-2,0,0,-2,-1,-1,-1,-1
1514892976653621,-2,-2,1,-1,0,0,2,-1
1514892976653621,-1,-1,-1,-1,-3,-2,-2,-1
1514892976655110,-3,0,-2,0,-1,-3,-2,0
1514892976655110,1,0,-3,-1,-1,-1,-2,0
1514892976676137,-1,-2,-1,-2,-1,-1,0,-1
1514892976676137,0,-2,-1,-1,0,0,0,1
1514892976677626,0,0,-2,-2,-2,0,-2,-3
1514892976677626,-1,1,0,-1,-1,-2,-1,-1
1514892976690647,0,-3,-2,-1,-1,-4,-2,-1
1514892976690647,-2,-2,-2,-1,1,-2,-1,-1
1514892976697149,-2,0,-2,-2,0,-2,-1,0
1514892976697149,-3,1,0,-3,-1,-2,-3,-1
1514892976721657,-2,0,-1,0,-1,1,0,0
1514892976721657,-1,-3,-1,-2,-2,0,0,0
1514892976723158,0,0,-1,-2,0,-3,-1,-1
1514892976723158,0,-1,-2,-2,-2,-1,0,-2
1514892976736688,-2,-2,-1,1,1,0,-1,-2
1514892976736688,0,-4,-1,-1,-3,-1,-2,1
1514892976737680,0,0,0,-1,0,0,1,0
1514892976737680,-1,1,-1,-2,-1,0,1,0
1514892976750729,1,-4,-1,-3,0,-1,-1,-1
1514892976750729,0,-2,-2,0,-1,-1,0,0
1514892976764738,1,0,-3,-1,-2,-1,-1,0
1514892976764738,-1,1,-1,-2,-2,0,1,-1
1514892976773735,-1,-2,-2,0,0,-2,-1,-2
1514892976773735,-1,-4,0,0,0,-1,-2,-2
1514892976775236,-1,0,1,0,-1,0,-1,-2
1514892976775236,0,-2,-2,0,0,0,-1,-1
1514892976796261,-1,-1,-1,-1,-1,-1,-3,-1
1514892976796261,-1,-1,-1,-2,-3,-2,1,0
1514892976797761,-1,1,-2,-2,-2,-2,-1,-2
1514892976797761,-1,0,-2,-1,-1,-1,-1,0
1514892976810761,-2,-3,1,-2,-3,-2,-2,-1
1514892976810761,-2,-2,-1,-1,0,0,0,-1
1514892976818267,-1,0,0,-2,1,-1,-2,-1
1514892976818267,-2,0,0,-1,0,-1,-1,0
1514892976833788,-3,-2,0,-1,1,-1,-1,0
1514892976833788,-2,-2,1,-1,-1,1,0,-1
1514892976835294,-1,-1,1,0,-2,-1,0,-1
1514892976835294,0,-2,-1,-1,-2,-2,-2,-3
1514892976856293,-1,-2,-2,-1,-1,-2,-1,-1
1514892976856293,-1,-2,0,0,-2,-2,0,-1
1514892976857804,0,-1,0,0,-1,-2,-1,-1
1514892976857804,-1,0,0,-3,0,-1,-2,0
1514892976870313,-2,-1,0,1,-3,-1,-1,-1
1514892976870313,-3,-3,-2,1,1,-2,0,-1
1514892976877317,-2,1,-2,-1,-2,-3,-2,-1
1514892976877317,-1,-1,-3,-1,-1,-1,-2,-3
1514892976893830,0,-3,-2,-2,-2,1,1,-2
1514892976893830,-1,-1,1,-2,1,-2,-2,-1
1514892976895331,-1,0,-3,-2,-3,0,-2,-2
1514892976895331,1,-2,-2,0,-1,-1,-1,-2
1514892976916336,-2,0,-1,-1,-2,-1,-1,-2
1514892976916336,0,-2,-3,0,-3,1,0,-2
1514892976917837,-1,0,-1,0,0,-1,-1,-1
1514892976917837,1,1,-1,-1,-2,-1,-1,-1
1514892976930346,0,-2,0,-1,0,-1,0,-3
1514892976930346,1,-2,0,-2,-1,0,-3,0
1514892976937363,-1,-1,-2,-2,1,0,-1,0
1514892976937363,-1,-1,-2,0,0,-1,-2,-1
1514892976953430,-2,-3,-2,-2,-2,-1,-3,1
1514892976953430,-2,-1,0,-1,-2,-1,-2,-1
1514892976955425,0,1,-3,-2,-2,1,-1,0
1514892976955425,-1,0,0,-1,-2,-1,-1,-2
1514892976991942,-2,-1,0,1,0,-2,1,-1
1514892976991942,0,-2,-3,0,0,-1,-1,0
1514892976993443,-1,1,-1,-1,-1,-2,-2,0
1514892976993443,-2,1,-1,-2,-1,-3,-4,1
1514892976994444,-1,-1,-1,0,1,-1,-1,-2
1514892976994444,0,-2,-1,-2,-2,0,0,-3
1514892976998946,-2,-2,0,-1,-1,-1,0,0
1514892976998946,0,-3,-1,-2,0,-1,0,-2
1514892977013471,0,-3,-2,-1,-2,-1,-2,0
1514892977013471,-1,-1,-2,0,1,-1,-1,-2
1514892977015465,-1,0,-2,0,-1,-1,-2,-1
1514892977015465,-2,0,-1,-1,0,0,-1,-1
1514892977043478,-1,-1,-1,-1,0,0,-2,1
1514892977043478,-3,-1,-2,-1,-1,0,1,-1
1514892977045980,-1,0,-2,0,-2,-2,-1,-2
1514892977045980,1,-1,-1,-2,-2,0,1,-1
1514892977049983,0,-2,0,-2,-3,-3,-1,-2
1514892977049983,0,0,-2,0,0,-1,0,-1
1514892977058988,0,0,-2,-1,0,-2,0,-1
1514892977058988,-2,1,-5,-3,0,-1,0,-2
1514892977073521,-3,-1,2,-1,-3,-2,-1,-1
1514892977073521,-1,-2,3,1,0,-2,-2,-1
1514892977075026,-3,-2,-1,-2,-2,0,-2,0
1514892977075026,-1,-1,-1,-1,0,-2,-2,-1
1514892977096036,-1,-3,-4,0,0,1,0,-2
1514892977096036,0,3,11,0,0,-1,1,-1
1514892977097538,-1,0,-14,-3,-1,-2,-1,-2
1514892977097538,-1,-2,-7,-1,-1,-1,-1,-1
1514892977109559,-1,-2,-2,-1,-1,0,0,-3
1514892977109559,-2,0,-3,-2,-1,0,0,-1
1514892977119065,0,-1,6,1,1,2,0,1
1514892977119065,-3,-1,-1,-1,-1,0,0,-1
1514892977133563,0,-1,-2,-1,-1,0,-1,0
1514892977133563,-2,-2,-3,-1,-2,-1,-1,-1
1514892977135064,1,1,4,0,-1,-2,-1,-2
1514892977135064,-3,-5,-7,-1,-1,-2,-3,-1
1514892977156089,-1,-2,5,0,0,0,-1,1
1514892977156089,-1,0,-4,-2,-2,0,0,1
1514892977157580,0,1,-9,-2,-1,0,-1,-1
1514892977157580,1,1,8,0,-2,0,-2,0
1514892977169616,-2,-3,-1,-2,0,-3,0,-1
1514892977169616,-1,-2,-3,1,-1,-1,-2,-1
1514892977178596,-1,0,0,0,0,0,-2,-1
1514892977178596,-1,-2,-4,-2,0,0,-1,-1
1514892977201123,-2,-2,1,0,-2,-2,0,-1
1514892977201123,-2,-1,-3,-1,0,-3,0,-1
1514892977202614,-2,0,3,0,-2,-1,-1,-3
1514892977202614,0,0,2,-2,-3,-1,-2,-1
1514892977217623,-2,-2,-4,-2,-1,-1,-3,1
1514892977217623,-2,-4,-3,-2,-1,-1,-2,-2
1514892977220125,0,1,3,-2,-1,-1,0,-2
1514892977220125,0,1,0,0,-1,0,-2,-1
1514892977229631,-2,-3,-4,-1,-1,-2,-1,-2
1514892977229631,0,-1,0,1,-1,1,-2,-2
1514892977238638,-2,-1,-3,-4,-2,-3,0,-3
1514892977238638,-1,-2,2,-2,-1,-2,0,-2
1514892977253649,0,-1,-7,0,-1,-2,-1,-2
1514892977253649,-3,-2,-4,-3,-2,-2,0,-1
1514892977255160,0,-1,-7,0,-1,-1,-1,1
1514892977255160,-2,-6,5,1,-3,-2,-3,-1
1514892977276174,-1,0,9,1,-1,-1,0,-2
1514892977276174,-1,1,-9,-2,-1,-1,-1,-1
1514892977277675,-1,1,-3,-1,-2,-2,0,-1
1514892977277675,0,0,-1,2,-1,-2,1,2
1514892977290184,-3,-4,-3,-7,-5,-3,-2,-1
1514892977290184,1,1,1,1,-1,-1,-1,-2
1514892977298681,-1,-1,1,-2,0,0,-2,-2
1514892977298681,-1,0,-5,1,1,-1,-3,-1
1514892977313703,0,0,6,3,0,1,0,0
1514892977313703,-1,-1,1,0,-2,0,0,1
1514892977315202,-3,0,-2,1,-1,1,-1,-1
1514892977315202,-2,0,5,1,2,0,-1,-2
1514892977336208,-2,-2,-8,-6,0,0,0,0
1514892977336208,-2,-2,0,-2,0,-1,-1,-2
1514892977337708,-1,-1,1,-2,-2,-3,-2,-1
1514892977337708,0,-2,-3,-4,-3,1,-1,-1
1514892977350235,-1,-4,-4,-1,-2,0,0,-1
1514892977350235,0,1,3,3,0,-1,-1,-1
1514892977358767,-1,-1,0,0,-1,-1,-1,0
1514892977358767,0,2,4,-1,-2,-3,-1,-1
1514892977373762,0,-2,-9,0,-2,-2,-1,-1
1514892977373762,-2,-2,-9,-5,1,0,0,0
1514892977375260,0,0,1,1,-2,-3,-2,-2
1514892977375260,0,1,-6,-2,-1,-2,0,-1
1514892977396275,-3,-6,1,1,1,-1,0,-1
1514892977396275,1,-1,-6,3,2,1,-1,0
1514892977397776,-1,2,-2,1,-1,0,-2,-2
1514892977397776,0,-1,12,-8,-2,1,1,-2
1514892977418791,-1,2,13,8,-3,-3,-3,-3
1514892977418791,-3,0,-14,-20,-7,0,-2,-2
1514892977420294,1,3,-4,9,11,4,1,1
1514892977420294,0,0,-11,0,0,0,-2,-1
1514892977433801,-1,-5,-19,6,1,1,0,0
1514892977433801,-4,-2,18,-1,-8,-4,-1,-2
1514892977435303,-2,-3,-6,-8,-4,-2,-1,0
1514892977435303,-1,-6,-18,-10,0,-2,2,-2
1514892977456328,0,2,-3,-9,-1,-1,2,-1
1514892977456328,-2,0,5,8,3,-1,-3,-3
1514892977457819,-2,0,34,-2,-4,-1,0,1
1514892977457819,0,-6,-39,-12,-4,-2,-3,-3
1514892977478836,-1,1,-2,0,1,0,-3,0
1514892977478836,1,5,-9,-5,-2,-2,0,0
1514892977480337,-5,-5,-6,-1,-3,-4,-1,0
1514892977480337,2,2,20,3,0,1,0,0
1514892977493834,0,-4,-4,-7,0,0,-1,-1
1514892977493834,-1,5,64,12,-1,-4,-2,-2
1514892977495335,-2,-1,-75,-1,-3,-2,-2,-2
1514892977495335,0,-1,-6,-17,-5,0,0,1
1514892977516372,-2,-5,-8,4,5,1,-1,-2
1514892977516372,-2,-5,4,5,3,3,0,2
1514892977522356,0,4,13,-5,-1,-2,-2,-2
1514892977522356,0,-1,22,21,-3,-3,-2,-2
1514892977538866,-1,0,-22,-15,-4,0,-1,-1
1514892977538866,3,3,32,20,11,3,2,1
1514892977540393,0,-3,-12,-10,-5,0,1,-2
1514892977540393,-2,3,24,7,2,0,-2,0
1514892977553894,-1,-7,-13,2,-7,-3,-2,-1
1514892977553894,0,-2,-51,-6,1,0,-2,1
1514892977555887,-1,3,32,10,-3,-5,-3,-1
1514892977555887,-5,-7,-29,-10,3,-2,0,-2
1514892977576392,2,5,22,-11,-3,1,0,0
1514892977576392,-4,-6,-6,-15,-4,-4,-4,-4
1514892977577893,1,3,-3,5,0,1,0,-1
1514892977577893,0,1,-3,1,-1,1,-1,-1
1514892977599408,0,-6,0,8,5,-2,-1,-1
1514892977599408,-2,0,0,-11,-13,-6,-3,-4
1514892977603414,-2,0,10,28,-6,-3,-1,-3
1514892977603414,0,-1,3,-10,-6,-3,-3,-1
1514892977612919,-5,-9,-46,0,4,0,-1,-2
1514892977612919,1,-1,-3,-10,8,3,2,2
1514892977619923,-1,-6,0,-32,-10,-4,0,-2
1514892977619923,-3,-3,11,36,7,0,-2,-3
1514892977636436,2,-1,-15,-20,-9,-2,-2,0
1514892977636436,-2,6,21,-3,-6,0,1,-1
1514892977637936,-2,2,45,1,5,1,0,-2
1514892977637936,-5,-4,-29,-14,-4,-3,-4,-1
1514892977658460,5,-1,7,16,2,-2,0,-2
1514892977658460,1,0,-16,21,-2,-3,3,13
1514892977660463,-5,-4,-18,-20,-5,-3,-8,-8
1514892977660463,-2,-6,7,-2,-3,-2,0,-2
1514892977672971,-2,1,11,26,9,1,-1,-4
1514892977672971,-1,-3,-10,-21,-3,1,1,-1
1514892977679976,6,8,15,35,2,1,2,5
1514892977679976,-3,-10,-34,-20,4,0,-2,-1
1514892977695978,-2,-2,52,-7,-6,-4,-1,0
1514892977695978,0,1,-72,-10,3,3,0,-5
1514892977697478,1,5,23,-1,-7,-2,-1,3
1514892977697478,-1,-5,-7,14,2,1,0,-3
1514892977719494,-3,-4,27,-17,-4,-4,0,0
1514892977719494,0,-1,-6,6,-3,-3,-4,-4
1514892977723006,-1,-4,-27,-21,5,4,3,-1
1514892977723006,0,0,11,3,0,-3,-1,1
1514892977733003,-2,-8,-10,-10,-3,-3,-2,-1
1514892977733003,-3,4,23,23,-2,-5,-3,-5
1514892977739517,0,4,7,-34,-1,1,2,1
1514892977739517,0,-12,23,16,0,-2,1,8
1514892977771030,-3,18,9,5,3,0,-1,-6
1514892977771030,-3,6,-3,0,-3,-2,-4,-4
1514892977772531,-1,0,8,0,4,1,-2,-3
1514892977772531,4,5,39,-10,-12,-4,-3,-2
1514892977778535,0,-12,-42,12,23,10,5,3
1514892977778535,-3,-8,28,16,-1,1,0,-4
1514892977780037,1,2,-50,18,4,0,2,2
1514892977780037,-1,1,-9,-28,-12,-1,1,-2
1514892977793057,-3,-7,-16,-7,-9,-5,-3,8
1514892977793057,0,9,59,-9,-5,-3,-3,-15
1514892977801051,-5,-10,-71,-11,2,-3,-2,-5
1514892977801051,-1,1,47,-19,-1,-2,-1,-3
1514892977816100,1,6,42,37,3,1,-1,-3
1514892977816100,1,-3,-27,-10,-1,5,2,7
1514892977817572,-5,-3,9,18,0,-3,-1,-2
1514892977817572,3,2,-8,0,4,3,1,0
1514892977838577,-5,-12,-46,-7,-14,-8,-1,-5
1514892977838577,3,7,1,-25,6,-1,-2,2
1514892977844582,4,-4,2,-10,-1,0,-1,-3
1514892977844582,-3,17,-10,4,6,1,-2,-1
1514892977861106,3,-19,40,3,-7,-2,-1,-1
1514892977861106,1,6,-30,-6,-6,-3,0,2
1514892977862607,-1,-3,-14,22,6,1,-1,3
1514892977862607,-3,-9,-4,-20,-4,-1,-1,0
1514892977876614,-3,-2,27,-7,-5,-1,-2,9
1514892977876614,-1,7,-7,-1,-3,-1,2,-12
1514892977878115,2,4,37,8,-9,-2,-3,1
1514892977878115,-5,-13,-46,-28,4,1,8,5
1514892977899121,-1,-9,-25,10,-1,-2,-8,-8
1514892977899121,-6,-6,-25,-7,-4,-4,-10,-7
1514892977902624,-5,5,51,-21,-10,-7,-5,-3
1514892977902624,-2,-11,-9,47,14,3,1,0
1514892977921136,5,14,-26,-8,-2,2,9,2
1514892977921136,-5,-14,30,18,6,-1,-6,2
1514892977922647,7,7,-1,-42,-9,-2,0,11
1514892977922647,-20,-13,-51,-13,-8,-2,-3,-17
1514892977936148,7,7,10,-10,-1,-1,0,-5
1514892977936148,-2,-1,23,31,1,-3,-1,-2
1514892977937648,-8,15,70,10,1,2,9,10
1514892977937648,3,-8,12,-16,-5,0,-10,-1
1514892977958668,2,0,-7,-1,6,1,-7,-4
1514892977958668,-9,-6,23,-9,-4,-1,-2,-1
1514892977960166,-7,4,-49,-2,-9,-6,-5,-3
1514892977960166,-8,-6,37,4,2,-4,4,2
1514892977972183,-5,-13,-45,-18,-4,2,7,4
1514892977972183,3,14,33,10,-3,-7,-18,0
1514892977981179,-5,-1,-2,9,-5,-8,-8,-7
1514892977981179,12,12,-23,6,11,0,-4,-1
1514892977996201,-11,1,26,-26,-21,-8,-8,-6
1514892977996201,3,-9,-7,-7,13,7,15,15
1514892977997699,6,-1,-8,17,8,7,3,-13
1514892977997699,-1,-1,-3,2,-15,-8,-10,-4
1514892978018715,0,8,-13,-21,3,4,8,2
1514892978018715,-1,-14,-13,7,-1,-1,2,2
1514892978022207,-6,3,-21,-7,2,3,0,19
1514892978022207,39,-5,-45,-3,-4,0,3,1
1514892978032214,-9,-11,54,-1,3,-7,-6,-18
1514892978032214,9,24,0,-8,-13,-3,4,4
1514892978041221,-20,-13,16,4,4,-1,1,5
1514892978041221,0,7,29,17,-1,-1,-7,-10
1514892978056732,-7,-18,-31,10,-5,-1,-1,2
1514892978056732,-1,9,3,-30,1,2,-3,-15
1514892978058242,19,-11,-51,-14,3,-2,-1,-1
1514892978058242,-13,-3,16,13,-3,-1,6,11
1514892978078757,-7,3,60,58,8,-2,-7,-5
1514892978078757,-12,-9,-53,-46,-8,-1,5,2
1514892978080258,-9,9,71,13,-2,-2,-6,-13
1514892978080258,-2,7,-30,-25,-6,0,0,-6
1514892978092259,2,-13,-40,-9,18,5,6,6
1514892978092259,4,19,21,32,-3,0,-8,3
1514892978101263,7,-14,-22,-20,7,2,0,-2
1514892978101263,-7,-11,72,18,-7,-2,10,10
1514892978116287,-8,8,-17,-32,-8,-2,-6,-4
1514892978116287,0,-36,-46,-1,4,0,-1,-11
1514892978119778,3,26,-23,-1,-10,-8,-12,-18
1514892978119778,-17,-9,-54,-1,6,1,-2,3
1514892978138801,23,27,46,-4,-32,-11,0,-14
1514892978138801,16,5,-17,-39,18,6,8,24
1514892978140301,14,-15,-14,31,14,5,1,8
1514892978140301,3,-13,-1,-3,-1,-6,-4,-14
1514892978152299,-27,-8,-18,8,5,1,1,6
1514892978152299,6,32,39,33,-31,-13,-8,-6
1514892978161305,1,-4,1,-15,26,12,8,-3
1514892978161305,-2,10,-58,-20,-5,3,5,6
1514892978176316,12,-21,14,8,7,-5,-7,9
1514892978176316,-30,-20,9,20,-5,-3,5,-1
1514892978177817,-1,11,1,-7,-8,-3,2,4
1514892978177817,1,0,15,18,2,3,-3,-2
1514892978198846,4,23,3,-5,-3,-2,-8,5
1514892978198846,-1,-28,-31,14,13,1,-9,-26
1514892978200345,4,25,23,5,-14,-8,-4,1
1514892978200345,-8,-16,-17,-29,10,7,0,-4
1514892978221848,6,2,28,11,-3,-2,4,4
1514892978221848,-15,11,38,23,4,-1,1,3
1514892978225352,0,-4,-10,31,-17,-5,-2,-1
1514892978225352,5,-4,17,-19,17,1,-6,4
1514892978237860,3,-4,-69,-16,-1,0,2,1
1514892978237860,3,-2,18,-21,1,0,-1,4
1514892978239361,-3,1,-3,44,-11,-9,-8,-4
1514892978239361,-15,2,12,-2,-1,1,2,-7
1514892978258375,2,-5,23,0,7,5,4,-2
1514892978258375,12,15,-5,-10,-17,-8,-4,3
1514892978260381,-3,-23,-51,0,13,1,-2,-1
1514892978260381,16,-1,110,19,-10,-7,-5,4
1514892978272886,-28,-5,-50,-6,2,-1,-6,-4
1514892978272886,28,17,22,-3,1,7,7,3
1514892978281391,-36,-11,3,-23,-13,-7,-7,-4
1514892978281391,0,-1,-20,14,14,5,5,-1
1514892978295901,-2,-5,33,-17,-12,-1,1,-3
1514892978295901,9,0,-18,9,3,3,5,7
1514892978297402,14,2,9,-33,5,0,-2,-9
1514892978297402,-1,0,-11,-4,-11,-4,4,3
1514892978318918,-1,-8,13,21,-3,-7,-6,3
1514892978318918,-18,-18,-49,-1,4,-2,-19,-11
1514892978320420,3,9,-14,-22,-4,1,4,2
1514892978320420,-3,2,-7,2,-11,-2,0,2
1514892978332427,24,-14,-10,17,15,6,7,-1
1514892978332427,-2,-1,29,-24,-2,-1,3,2
1514892978341934,-5,-16,-52,0,-7,-1,-1,3
1514892978341934,8,12,41,1,-11,-9,-6,4
1514892978355943,-7,-7,-38,4,11,6,-8,-23
1514892978355943,1,3,-6,-25,-11,-2,3,4
1514892978357944,2,3,25,10,-7,1,0,-2
1514892978357944,-5,-11,-27,-9,18,1,0,1
1514892978378471,8,-10,31,-14,-6,-1,8,12
1514892978378471,-25,11,12,9,-4,-2,-5,-13
1514892978384473,9,-7,-17,-21,1,0,1,-1
1514892978384473,-2,-2,-6,37,-10,-2,1,0
1514892978401475,-6,10,38,-25,-8,-3,-2,1
1514892978401475,3,-5,-42,9,8,2,0,2
1514892978403477,-7,7,29,-26,-7,0,-2,-3
1514892978403477,1,-8,-37,19,3,-3,-8,-8
1514892978415985,-10,-4,4,7,-1,-2,-4,0
1514892978415985,-14,-2,-26,-13,-9,-6,4,-5
1514892978417488,-1,10,16,30,6,-1,0,-2
1514892978417488,-4,-21,-7,5,-6,-2,-6,-3
1514892978438501,6,-5,-65,-37,3,3,3,6
1514892978438501,3,9,33,35,-2,0,-9,-13
1514892978440002,-14,-11,-24,-48,6,3,1,1
1514892978440002,1,23,57,-6,7,0,1,-4
1514892978461017,-3,-14,-38,-23,-19,-5,5,-1
1514892978461017,2,-15,-2,-6,-6,-2,2,12
1514892978463519,5,4,-15,-21,-9,-2,1,-9
1514892978463519,-5,3,86,63,21,-1,1,-1
1514892978476028,12,7,-15,2,0,1,4,8
1514892978476028,-5,-3,-13,-19,-5,-2,-1,-7
1514892978477529,8,-8,20,21,-2,2,-2,-1
1514892978477529,-8,1,-70,-53,-18,-4,-1,-1
1514892978498543,-7,0,84,46,-10,-7,-7,-6
1514892978498543,-2,-7,-73,-39,15,7,5,1
1514892978500045,3,19,48,14,-10,-6,-1,6
1514892978500045,-4,-13,-1,-9,5,5,0,-4
1514892978522060,6,-8,-87,-29,1,-6,3,8
1514892978522060,-20,17,71,27,-9,-1,2,4
1514892978525562,-11,-18,-16,-10,23,6,-10,-24
1514892978525562,19,-10,-26,-31,-15,-5,-7,0
1514892978536573,-3,12,62,33,3,-1,-4,-8
1514892978536573,11,-9,-20,-7,0,-2,2,14
1514892978537571,-3,15,35,5,-15,-6,2,22
1514892978537571,4,-1,11,-10,3,0,-3,-7
1514892978558586,-12,-16,-42,14,8,2,-1,-6
1514892978558586,0,6,16,-3,1,-3,-1,-3
1514892978560087,-2,-19,-50,1,1,-4,-6,5
1514892978560087,-21,2,-17,-2,-9,-1,0,0
1514892978581102,-1,16,67,2,-11,-1,-1,-4
1514892978581102,10,-12,4,1,22,5,-1,0
1514892978582603,-12,-8,-18,1,-2,0,4,-1
1514892978582603,10,5,25,-3,1,0,1,2
1514892978595112,8,2,14,-9,-7,-2,-7,-5
1514892978595112,-1,5,-17,42,5,-1,-3,-6
1514892978603118,5,-4,40,-29,5,1,4,0
1514892978603118,2,1,-26,-19,-4,4,7,12
1514892978618629,2,-1,9,14,9,4,-1,-5
1514892978618629,-12,-4,21,-16,-15,-3,-2,-1
1514892978620130,2,8,-24,10,0,-2,-3,0
1514892978620130,1,-17,-22,25,3,2,4,1
1514892978641144,-7,5,19,-1,-2,-5,-6,-2
1514892978641144,-1,-1,-38,6,9,3,2,3
1514892978643646,0,1,-9,-8,-3,-3,-3,-7
1514892978643646,-8,-8,6,14,-9,-2,-2,-7
1514892978655654,1,3,-18,-54,3,4,2,7
1514892978655654,-4,-5,0,5,2,-7,-3,-6
1514892978662159,5,8,31,25,-6,-1,-1,4
1514892978662159,1,3,6,0,2,0,-1,-3
1514892978678683,-1,11,-32,1,-5,-3,-1,6
1514892978678683,-9,-19,16,-24,-5,-1,0,-5
1514892978680184,7,22,19,2,-2,3,4,-4
1514892978680184,-5,4,16,28,3,-1,-1,-2
1514892978708692,-14,-3,-11,-18,11,0,0,9
1514892978708692,17,8,-13,-7,-2,2,6,-5
1514892978710206,-11,-23,-66,-26,-8,-5,-7,-9
1514892978710206,-14,5,7,13,0,0,-5,-13
1514892978715697,27,3,-27,16,3,1,3,3
1514892978715697,2,3,51,15,-21,-6,-4,4
1514892978729707,5,-3,0,3,29,6,0,2
1514892978729707,6,-14,-24,-7,-9,-6,-4,0
1514892978738726,-7,-13,-10,-11,2,7,5,-3
1514892978738726,-2,19,4,7,-6,-3,-1,5
1514892978740225,7,2,6,1,1,4,0,1
1514892978740225,-3,-22,-27,-28,-3,-2,-1,-4
1514892978761230,-2,18,30,33,4,-1,0,-3
1514892978761230,-2,-21,31,-4,-19,-5,-2,2
1514892978762731,-6,-7,-53,8,17,1,1,2
1514892978762731,-1,0,-25,-29,-3,-5,-3,2
1514892978775239,-6,-8,-39,1,-11,0,3,-6
1514892978775239,7,22,57,21,-6,-9,-7,-5
1514892978783746,-2,0,31,22,13,4,2,11
1514892978783746,0,-7,6,-37,-25,-10,-5,-13
1514892978798768,8,12,23,23,20,6,0,-1
1514892978798768,-10,11,-28,-18,-2,0,2,-1
1514892978800270,4,-13,-27,-26,-18,2,8,-1
1514892978800270,14,-15,5,27,11,4,1,3
1514892978821772,-7,-4,22,-5,-6,0,3,1
1514892978821772,12,25,-15,0,7,-2,-3,-1
1514892978825275,4,1,22,-16,-9,-3,-9,-5
1514892978825275,-4,17,41,16,-4,-2,-2,2
1514892978835306,-2,-20,-43,-7,-2,1,1,9
1514892978835306,-2,-10,-11,12,-1,2,-1,-25
1514892978842287,0,-4,7,-28,10,0,2,-2
1514892978842287,-11,13,0,1,-3,-1,-3,-6
1514892978858808,-3,-10,29,-1,1,-3,-3,-1
1514892978858808,-2,-5,-31,10,-8,-2,3,10
1514892978860310,-10,-6,23,13,-4,-3,-2,-5
1514892978860310,7,14,-29,20,10,8,7,-1
1514892978881327,-6,-1,-9,-29,-10,-4,-3,-7
1514892978881327,-1,-16,5,-2,2,0,-1,4
1514892978882829,9,12,7,-1,-4,-2,-2,-3
1514892978882829,0,-4,-2,11,6,-4,-2,9
1514892978894836,-26,-22,-67,-1,-8,-4,-3,-8
1514892978894836,-4,20,37,-13,-2,-4,-6,-3
1514892978903848,1,-5,6,8,-1,-2,-2,3
1514892978903848,-6,17,27,18,1,-3,-1,-2
1514892978919842,6,-1,-34,-15,4,3,0,-1
1514892978919842,4,0,13,-9,-2,-5,-6,-2
1514892978922343,-7,-15,-17,9,-7,0,3,-4
1514892978922343,5,7,1,-23,2,-1,-6,3
1514892978941369,5,27,27,21,-5,-7,-4,-16
1514892978941369,-1,9,25,-18,8,6,7,26
1514892978942870,-21,-25,7,7,0,0,0,-4
1514892978942870,-2,9,6,0,-7,-1,-2,-6
1514892978954867,-5,-23,32,23,-4,-8,-6,-2
1514892978954867,4,-21,-45,14,21,6,2,1
1514892978963873,-4,21,37,-8,-12,-7,-1,10
1514892978963873,-5,-5,-33,-30,-4,0,-1,-14
1514892978986389,8,-1,-2,-12,1,5,3,14
1514892978986389,-17,8,11,8,5,-4,-2,-17
1514892978987891,-27,22,43,6,1,-2,-3,-11
1514892978987891,-4,-9,4,24,-6,-4,0,0
1514892979000899,-1,3,-15,-34,-2,0,7,5
1514892979000899,7,-5,-15,-2,5,2,-1,1
1514892979003421,11,-19,-20,23,-8,-4,-9,-8
1514892979003421,-13,3,-43,-30,-3,1,3,5
1514892979014910,4,0,36,11,9,-2,-9,-10
1514892979014910,6,6,7,-23,-6,0,2,5
1514892979023915,-6,-3,-35,4,-5,-7,-6,-8
1514892979023915,11,-6,33,-1,-8,-1,1,4
1514892979038927,7,18,27,44,9,-3,-3,2
1514892979038927,-9,-30,-52,-31,9,4,-2,-5
1514892979040429,8,20,-16,-9,-6,1,1,-1
1514892979040429,1,-15,-35,-6,-3,6,2,13
1514892979061460,3,31,28,-14,-3,-6,-4,-14
1514892979061460,1,-10,-28,37,10,3,1,0
1514892979063943,7,-4,44,2,-2,-3,-3,-2
1514892979063943,3,11,1,-11,3,2,0,-1
1514892979074964,-12,-39,-19,18,-3,4,4,16
1514892979074964,8,4,-4,-5,-5,-2,-3,-6
1514892979083957,15,-4,-32,-22,-8,-8,-4,0
1514892979083957,7,-6,7,9,7,-4,-4,-4
1514892979098478,-17,-11,30,5,-9,-2,-1,-11
1514892979098478,2,4,-48,-6,-4,0,-2,2
1514892979099977,-4,1,8,10,-11,-7,-1,-5
1514892979099977,9,-5,-18,-39,15,3,4,5
1514892979120984,1,-10,-40,-19,-4,-2,-1,-2
1514892979120984,-10,8,-22,14,1,-3,-1,4
1514892979122485,0,7,59,20,0,-4,-6,-11
1514892979122485,-8,-17,3,8,-4,0,-3,-4
1514892979134505,0,36,5,4,-4,-2,-1,-5
1514892979134505,4,-1,-31,-37,-7,-2,-2,2
1514892979143521,-4,-17,-17,15,5,2,1,5
1514892979143521,-10,-9,30,7,-4,-6,-1,-6
1514892979158510,2,2,-3,12,7,2,-1,3
1514892979158510,0,7,52,-8,-19,-4,3,-1
1514892979160011,-9,-11,-22,-36,6,3,-2,-4
1514892979160011,4,7,37,14,0,0,1,4
1514892979181026,1,-3,-31,3,0,1,4,2
1514892979181026,-9,-9,-20,7,-8,-5,-9,-15
1514892979182528,12,9,33,2,5,2,2,5
1514892979182528,-1,-12,-35,1,2,-1,-2,12
1514892979194535,18,8,-10,-30,-12,-3,-1,5
1514892979194535,-11,-49,31,-1,5,-1,1,-1
1514892979212048,14,5,-16,20,3,4,-1,-5
1514892979212048,-14,1,-34,-18,-10,-5,-2,-6
1514892979218552,11,-4,7,44,4,-1,-3,0
1514892979218552,6,10,0,-41,14,6,1,-3
1514892979220054,-2,4,-46,-19,-13,-2,2,6
1514892979220054,-24,-14,7,13,2,1,-2,-4
1514892979241069,5,-9,17,-7,-2,1,1,-3
1514892979241069,0,10,18,1,-9,-6,-2,11
1514892979242570,-4,10,-7,-3,3,2,2,-12
1514892979242570,-7,-10,-54,5,-1,0,3,-6
1514892979254578,-10,13,83,-9,4,0,-3,-2
1514892979254578,4,2,4,29,5,0,-3,1
1514892979263584,2,-3,-9,-17,-7,-2,3,6
1514892979263584,13,19,31,11,2,-2,-3,0
1514892979278595,-2,-15,-51,0,0,-2,0,-1
1514892979278595,-8,2,2,37,-16,-4,3,-3
1514892979280096,-9,-18,-36,-61,21,7,1,3
1514892979280096,13,5,47,1,-3,1,-1,0
1514892979301123,-20,-10,6,-20,-2,0,-2,-6
1514892979301123,-18,22,50,22,-6,-3,-1,-1
1514892979302616,-16,-23,-26,14,-5,-5,-2,-16
1514892979302616,12,-11,-31,-4,-1,-2,-1,7
1514892979315631,14,0,-5,8,0,0,-3,7
1514892979315631,5,11,28,-9,0,-2,-5,-24
1514892979323642,3,2,-9,-3,-3,2,-3,6
1514892979323642,-7,-19,37,8,0,-5,-7,-10
1514892979338637,-6,1,-4,-7,-6,1,7,-4
1514892979338637,-5,-1,-28,-28,-9,-2,-3,1
1514892979340138,3,1,-4,23,17,3,-1,5
1514892979340138,-2,17,9,-23,-11,-4,-3,-14
1514892979361163,-5,-13,0,15,-7,-3,-7,4
1514892979361163,5,10,-35,-25,3,0,-1,4
1514892979362664,-7,-18,2,17,-5,-2,-1,0
1514892979362664,2,1,5,14,3,2,2,9
1514892979384170,-9,-7,-38,-23,1,-1,0,-5
1514892979384170,12,16,20,6,0,-1,-1,1
1514892979386171,0,2,-2,-9,-8,-4,0,3
1514892979386171,6,11,50,9,1,1,4,-1
1514892979407186,3,1,-48,-17,0,-2,0,0
1514892979407186,-12,-19,-34,-10,-11,-6,-5,-4
1514892979410703,-9,-10,-5,26,14,3,2,0
1514892979410703,14,14,13,1,-4,-2,-3,-1
1514892979421208,25,18,18,3,-4,1,-1,-1
1514892979421208,-3,-27,-5,8,9,2,-1,14
1514892979422709,7,16,10,-20,-12,-5,-5,1
1514892979422709,-13,-8,-41,-10,-2,-2,-4,-9
1514892979443711,2,-4,40,15,5,-3,-2,4
1514892979443711,4,13,16,9,-2,-3,2,5
1514892979445216,-3,-10,21,-24,-7,-1,1,-2
1514892979445216,-10,-18,-5,16,-5,-3,-3,10
1514892979457231,-13,-1,-11,-15,2,1,-1,-18
1514892979457231,4,-17,-32,-1,9,0,-3,-3
1514892979466228,-9,15,64,20,-7,-4,-4,-2
1514892979466228,-3,6,-53,-18,-10,-3,-1,0
1514892979481248,-17,-13,45,12,3,-2,-6,-4
1514892979481248,2,1,-35,1,9,4,3,-2
1514892979482749,6,-2,34,14,-7,-2,2,0
1514892979482749,-2,-6,-4,11,7,1,-1,-4
1514892979511260,-7,-4,-24,-16,-7,-4,-2,4
1514892979511260,-5,12,-1,-3,-13,-2,1,-5
1514892979512761,7,-9,-1,-1,15,3,0,-1
1514892979512761,-6,-15,19,7,-2,-1,0,-3
1514892979519277,-1,7,-6,-31,-7,0,1,0
1514892979519277,-6,-10,-33,-4,-7,-1,-1,-5
1514892979524779,2,4,-36,0,-9,-3,-3,4
1514892979524779,-10,3,16,-11,21,8,6,-5
1514892979541374,7,24,32,-9,-20,-8,-6,1
1514892979541374,4,-17,-77,-3,9,0,-3,1
1514892979542881,-8,-30,-11,-9,-5,2,2,2
1514892979542881,1,-5,42,25,-6,-5,-4,-1
1514892979570895,-8,4,-13,7,2,-2,1,0
1514892979570895,21,22,26,-13,4,3,0,-4
1514892979572386,-3,-10,-8,9,-4,-1,0,-1
1514892979572386,-10,-12,-34,-20,-3,-2,-3,-2
1514892979577890,-4,-1,14,9,0,0,-2,-2
1514892979577890,5,5,14,24,-3,0,1,-3
1514892979584895,-28,-10,-22,-29,-1,0,-1,-4
1514892979584895,6,10,2,-30,-6,-3,0,1
1514892979601907,2,-4,-22,22,16,0,-1,-4
1514892979601907,1,11,27,37,-12,-3,2,2
1514892979605410,8,15,-29,-11,15,-2,-6,-4
1514892979605410,-7,-35,-11,-4,-4,2,4,0
1514892979623423,-5,2,-28,-10,-6,-3,-4,5
1514892979623423,-2,8,52,1,-4,-6,-8,5
1514892979625424,11,0,-8,5,3,2,0,-8
1514892979625424,0,7,13,-6,-1,0,-1,4
1514892979637933,4,0,-18,6,2,1,1,0
1514892979637933,-14,-7,21,3,-2,-4,-6,-4
1514892979644996,9,6,2,-4,-13,-4,-1,7
1514892979644996,-27,9,-3,-20,-4,-3,-2,-12
1514892979660949,-4,-14,-7,15,13,4,0,-1
1514892979660949,-5,-13,-35,-33,-20,-6,-3,-8
1514892979662451,-3,15,30,14,33,5,2,0
1514892979662451,16,-10,10,22,-17,-6,-3,2
1514892979683474,-5,1,-22,-19,-4,-1,-2,11
1514892979683474,3,13,23,-19,-4,-3,-3,-16
1514892979684976,12,-5,-18,15,11,6,3,6
1514892979684976,6,5,-42,11,-2,-3,-1,0
1514892979697985,5,28,74,-4,-28,-9,-1,-3
1514892979697985,-3,-24,-73,-26,38,10,2,2
1514892979705000,-4,12,33,-3,-23,-5,-3,-4
1514892979705000,1,4,-16,-24,12,3,-2,0
1514892979721992,-5,-4,11,44,4,3,-1,-7
1514892979721992,5,7,12,-2,-1,5,6,5
1514892979725494,-25,14,33,-7,-16,-7,-1,-10
1514892979725494,-4,-43,-37,21,1,-1,-1,-1
1514892979743507,4,6,2,-16,0,1,3,1
1514892979743507,2,14,28,2,5,2,-2,0
1514892979745008,0,-16,-19,-5,-6,-6,-5,1
1514892979745008,37,13,67,18,2,3,0,-4
1514892979758018,-20,-9,-18,6,0,-2,1,-4
1514892979758018,-14,-5,44,-5,-4,-5,-3,-1
1514892979764522,11,-25,-34,4,0,0,2,4
1514892979764522,-26,-6,-61,-30,-3,-4,-7,-18
1514892979788539,17,2,-14,-4,1,-2,-2,-1
1514892979788539,-1,9,19,14,-5,-3,1,6
1514892979790040,7,3,-4,10,4,4,-1,-5
1514892979790040,-8,-8,-25,-9,5,-2,-3,5
1514892979803552,-5,-23,-7,-17,-2,-1,-2,-1
1514892979803552,-10,12,-7,46,-23,-11,-6,-8
1514892979805051,1,-1,0,-37,10,3,-3,3
1514892979805051,7,-25,6,12,-3,1,4,7
1514892979818060,-24,10,-30,-20,-4,-1,-2,-7
1514892979818060,-5,-10,-6,0,2,-5,-3,1
1514892979824565,-7,21,40,36,3,1,1,-4
1514892979824565,-3,-30,-22,-3,-10,-4,0,1
1514892979841076,8,-1,0,-25,11,0,-1,2
1514892979841076,14,0,16,-2,11,7,2,5
1514892979842577,-17,17,-41,-24,-10,-5,-4,-6
1514892979842577,-3,11,42,24,4,2,4,11
1514892979864103,8,1,27,12,-10,-3,-4,-11
1514892979864103,-2,-1,-47,-18,2,2,-2,-1
1514892979865603,2,-37,14,11,1,-1,-1,7
1514892979865603,-21,23,45,-15,-6,0,4,-3
1514892979877114,7,-1,0,2,-6,-4,-3,14
1514892979877114,0,1,-13,-7,1,-3,-4,-20
1514892979886109,19,6,38,-5,-9,-3,-2,3
1514892979886109,-16,-35,-47,-15,0,1,2,-4
1514892979901118,9,31,20,20,2,-4,-5,-1
1514892979901118,-16,-19,-20,-22,-3,-3,-6,1
1514892979902635,-8,5,8,19,-12,-5,-3,-3
1514892979902635,24,9,-8,-19,4,3,0,0
1514892979923635,-10,-2,-19,-3,2,-2,-2,-4
1514892979923635,14,8,-12,0,-7,-1,2,11
1514892979925136,-6,-18,21,9,4,-2,-2,-4
1514892979925136,-1,19,0,3,5,2,2,-3
1514892979937145,14,16,-36,-3,-8,-3,-1,-2
1514892979937145,-2,-24,-32,-5,-3,0,0,5
1514892979946150,13,7,44,21,6,3,6,-3
1514892979946150,1,-7,3,-13,8,-1,-1,5
1514892979961172,-8,10,16,24,2,0,-2,-11
1514892979961172,29,18,17,-30,0,-1,-1,-4
1514892979963663,-20,-13,-35,-7,-13,-6,-6,-14
1514892979963663,7,12,21,11,-9,-7,-4,-3
1514892979983687,-10,-13,-7,-19,9,6,4,4
1514892979983687,-8,6,27,-4,-4,-3,-2,5
1514892979987181,9,-14,-31,7,3,4,6,1
1514892979987181,1,8,52,-2,-12,-7,-6,-3
1514892979997196,-10,-7,-56,0,-4,-1,-2,-5
1514892979997196,-6,-15,-8,-12,8,3,3,5
1514892980006203,7,1,-5,-20,-6,-1,0,9
1514892980006203,-17,-2,-9,23,-7,-7,-10,-8
1514892980021203,12,14,49,-3,4,0,4,0
1514892980021203,2,10,26,23,1,-1,-2,-5
1514892980022705,1,-3,-31,-20,-3,-2,-2,1
1514892980022705,3,6,19,-9,-7,-1,0,-4
1514892980057746,-5,-9,-3,11,8,-1,-4,6
1514892980057746,21,-5,26,18,1,-3,0,0
1514892980069750,-4,4,-7,-3,2,2,0,2
1514892980069750,1,4,-9,-4,0,2,1,2
1514892980070740,-6,-11,-7,13,-5,-2,-3,-2
1514892980070740,-12,-2,-16,-5,-4,3,3,-2
1514892980081756,-3,10,2,-7,-6,-6,-4,-7
1514892980081756,-9,-14,1,-2,21,9,5,1
1514892980082246,5,0,7,-4,-7,0,3,3
1514892980082246,-9,5,-14,-3,-1,-4,-4,-2
1514892980084258,-3,-22,-3,-4,-11,-2,3,1
1514892980084258,0,11,-6,-12,-3,0,-1,14
1514892980103775,8,-7,10,-2,-2,-1,0,-3
1514892980103775,-3,-2,2,11,2,2,0,1
1514892980105264,-7,6,5,13,-2,-5,-4,-5
1514892980105264,7,-8,-11,-7,0,-1,2,2
1514892980117271,-8,-5,-11,-15,-5,-5,-5,-4
1514892980117271,-10,8,9,-9,-10,-4,-1,0
1514892980126278,20,-7,-28,5,8,4,2,-3
1514892980126278,-1,8,18,5,1,1,0,-6
1514892980141301,4,-5,-9,2,-4,1,-1,-1
1514892980141301,-6,6,15,2,-1,1,3,-1
1514892980143300,-11,-16,-41,-22,-8,-4,-4,-1
1514892980143300,-1,-1,-10,31,19,3,-3,-3
1514892980163804,-1,-1,-23,-27,-9,-4,-4,-6
1514892980163804,-1,-2,16,12,6,-2,-5,0
1514892980166306,1,4,49,3,-9,-4,-3,6
1514892980166306,4,-8,-64,-21,-9,-3,-3,-1
1514892980177324,-13,-16,25,1,6,1,-2,2
1514892980177324,-6,5,-49,-12,-7,-3,0,-12
1514892980186320,-3,-8,-1,-6,2,-1,-3,-5
1514892980186320,2,21,42,25,3,-2,-1,-5
1514892980200830,7,-17,-31,-5,-5,-4,-3,-5
1514892980200830,8,-14,4,-6,-6,-2,0,5
1514892980202344,0,9,8,40,0,-1,-1,0
1514892980202344,6,-2,-27,-40,7,5,1,-3
1514892980223856,-12,-10,5,20,-3,-3,-3,-6
1514892980223856,3,4,26,-18,-14,-5,-4,3
1514892980225348,-18,-9,-43,14,25,9,7,-7
1514892980225348,-16,-12,16,7,-7,-4,-5,-3
1514892980237370,3,9,31,-11,-7,-2,-1,4
1514892980237370,-9,-12,4,13,12,-2,-5,-6
1514892980252367,4,30,0,-12,-14,-6,-1,4
1514892980252367,4,5,18,6,-9,-1,0,-2
1514892980260873,-6,-8,-11,-10,1,2,2,-1
1514892980260873,5,45,57,24,-3,-2,-2,-2
1514892980262874,-2,-36,-3,-7,9,4,-3,-4
1514892980262874,-1,-9,-22,12,-2,-2,1,-2
1514892980283389,1,-5,-25,-36,0,3,3,1
1514892980283389,10,3,27,22,1,-1,-3,10
1514892980285390,-21,-1,-19,-13,-6,-4,-3,-12
1514892980285390,10,2,-1,16,-1,0,1,-5
1514892980305925,15,3,18,5,3,1,4,15
1514892980305925,-9,-16,-20,-12,-1,0,1,-11
1514892980307906,-1,19,9,-5,-4,-5,-5,-1
1514892980307906,-3,-32,-8,-6,-11,-4,-3,1
1514892980320916,-18,31,40,30,5,0,1,-9
1514892980320916,6,-2,-51,-32,4,-2,2,11
1514892980322416,8,-5,-1,-1,-6,-3,-4,-16
1514892980322416,-18,0,-6,5,-3,-4,-1,-1
1514892980342940,9,13,0,-14,-3,-1,0,1
1514892980342940,-4,-13,-43,-11,-3,3,4,3
1514892980343942,-6,16,58,15,5,1,1,2
1514892980343942,5,-11,-26,-4,4,-2,0,1
1514892980365446,-5,1,-5,-2,5,2,-2,-6
1514892980365446,-2,-4,-8,18,1,-2,-2,-7
1514892980365956,-1,1,6,-25,-10,-3,-1,7
1514892980365956,-10,10,36,-10,-4,-1,-2,-7
1514892980380958,-1,-19,-48,30,8,1,-1,-4
1514892980380958,2,5,-8,-39,-5,-7,-5,-4
1514892980382459,9,-21,-11,8,1,6,9,18
1514892980382459,-13,15,-3,5,-2,-1,0,-8
1514892980403475,-1,11,8,-13,-6,-2,2,-2
1514892980403475,4,8,16,14,1,2,-2,11
1514892980404475,-1,-18,0,14,-1,-4,-5,-7
1514892980404475,1,0,3,-17,-4,1,5,1
1514892980425489,4,-14,-49,-17,-9,-7,-5,-1
1514892980425489,-9,-1,3,19,0,-3,-5,-5
1514892980425990,6,-1,45,-16,-3,-3,-4,3
1514892980425990,10,2,-5,7,6,3,1,5
1514892980440500,-9,-6,-4,-15,-11,-4,-5,-6
1514892980440500,1,-13,-11,-10,-3,1,-2,-3
1514892980441000,2,4,-42,7,5,4,3,3
1514892980441000,-7,14,38,1,-1,-4,-6,-6
1514892980463026,14,21,11,-3,2,2,3,3
1514892980463026,-14,2,-2,5,-4,1,0,-2
1514892980464026,5,-20,-25,-18,-2,-3,-3,-5
1514892980464026,-2,0,10,-3,0,-2,-2,3
1514892980485541,-14,-15,-13,4,-7,-7,-8,-3
1514892980485541,0,9,34,1,5,3,4,-4
1514892980486047,-15,-9,12,13,-2,-1,1,-3
1514892980486047,22,-3,-23,-7,2,1,0,10
1514892980501052,-4,2,14,3,-6,-4,-4,-3
1514892980501052,-8,-22,-34,-12,4,-1,0,-9
1514892980503045,-8,13,-9,14,6,2,-1,1
1514892980503045,33,6,41,24,-6,-1,-1,-15
1514892980531577,-13,-5,11,2,3,2,2,-1
1514892980531577,4,2,-24,-33,-3,-2,0,0
1514892980532065,-5,1,-16,-3,0,2,4,-1
1514892980532065,-2,-11,-9,-2,3,-1,-3,-3
1514892980553581,7,17,19,3,-3,1,1,1
1514892980553581,-12,-17,0,15,0,-1,-1,-8
1514892980554582,3,13,17,-20,-7,-2,-3,2
1514892980554582,-22,-6,-9,9,6,1,-1,-7
1514892980560589,12,14,21,5,5,2,0,2
1514892980560589,-10,-9,-37,3,-4,-3,-5,2
1514892980561088,3,0,-23,-29,-13,-8,-4,-3
1514892980561088,-1,8,10,-5,4,2,2,3
1514892980583121,-9,-6,-17,-15,-11,-4,-3,-6
1514892980583121,14,27,22,28,4,1,-1,0
1514892980583602,1,-21,-44,-26,-3,-1,-4,0
1514892980583602,-8,2,27,9,-6,-3,2,-4
1514892980605616,6,8,8,-6,8,1,-2,2
1514892980605616,-3,-13,-17,-10,-10,-2,-1,-1
1514892980606117,11,10,56,18,1,1,4,3
1514892980606117,-16,2,-34,-7,7,8,9,6
1514892980620638,-1,-15,-8,14,-3,-5,-4,1
1514892980620638,2,0,-15,-28,3,1,-1,2
1514892980621628,-1,-20,12,-3,-4,-4,-2,-3
1514892980621628,37,-4,-40,-7,-2,-1,-3,4
1514892980642643,-18,3,30,27,0,0,-2,2
1514892980642643,-15,1,-12,-14,-11,-3,-3,-31
1514892980643657,2,11,2,17,13,2,-2,0
1514892980643657,5,0,8,-23,-5,-4,-6,0
1514892980665171,2,0,7,-12,-17,-3,-1,-1
1514892980665171,4,-35,-1,26,21,6,4,8
1514892980666160,-1,20,-36,-13,-4,-1,1,-1
1514892980666160,-14,-14,-26,-2,-14,-10,-5,-4
1514892980680170,6,-8,-6,-9,8,1,1,1
1514892980680170,-1,10,12,-8,-7,-3,-4,2
1514892980681171,-5,-13,12,12,-8,-3,-2,-3
1514892980681171,-11,4,-6,-6,9,2,-3,1
1514892980711706,-1,-6,-45,-20,-1,-1,-2,-1
1514892980711706,-1,-18,55,35,-1,-6,-4,3
1514892980713202,-3,7,19,26,3,1,-2,0
1514892980713202,-4,4,-30,-39,-9,-7,-6,-4
1514892980725211,-4,-5,31,15,5,1,1,-3
1514892980725211,5,5,-34,-5,5,4,6,1
1514892980726212,-7,-11,-7,-14,2,-2,-3,-2
1514892980726212,7,-4,12,12,-3,0,2,-5
1514892980740712,18,-3,-24,12,2,3,2,4
1514892980740712,1,-2,-9,-27,-7,-3,-2,2
1514892980747717,7,-3,7,-9,-4,-1,0,4
1514892980747717,-36,13,29,17,2,0,-1,-4
1514892980762727,2,4,3,-2,3,-2,-1,-3
1514892980762727,-4,17,-12,0,-6,-3,-1,0
1514892980763728,-1,-19,-23,-8,4,-2,0,-11
1514892980763728,-4,-31,-18,6,-3,-1,-2,6
1514892980785243,3,3,-1,-22,-1,0,-4,-9
1514892980785243,-9,5,-4,11,-6,-6,-6,-2
1514892980786245,-11,-6,0,-12,-4,-2,-3,-1
1514892980786245,12,3,-7,-2,6,-1,2,6
1514892980800254,-12,2,16,23,-2,-8,-4,-8
1514892980800254,5,-8,-11,-16,-6,-2,0,4
1514892980801254,-2,-3,11,5,-2,0,1,-2
1514892980801254,3,16,23,14,10,0,-6,-5
1514892980822770,-4,-7,-4,-8,-5,3,2,1
1514892980822770,4,-4,3,-7,3,2,-1,1
1514892980824771,-21,-12,-28,-3,-5,-8,-10,-5
1514892980824771,21,6,3,-8,-7,-1,-1,1
1514892980845286,-2,-3,-6,22,1,-3,-1,0
1514892980845286,2,-8,-25,-33,-3,-3,-5,2
1514892980846286,-19,-1,-38,-17,-2,2,-1,-1
1514892980846286,8,17,60,22,-1,-5,-3,3
1514892980860296,-17,0,-7,8,2,-2,-1,-7
1514892980860296,-2,-7,3,3,0,2,-1,-5
1514892980861297,15,14,17,3,2,-1,-2,1
1514892980861297,-16,-24,-30,-19,-13,-3,0,-2
1514892980882812,2,-4,-8,14,10,3,-1,4
1514892980882812,-6,-5,7,-18,-2,-2,1,3
1514892980883821,11,25,104,34,6,2,2,2
1514892980883821,0,-5,-54,-14,-13,-2,-1,-3
1514892980905328,-4,-11,-44,-4,10,5,6,1
1514892980905328,-6,-15,-9,4,3,0,-2,-1
1514892980906329,4,-7,-12,8,-3,-5,-5,-4
1514892980906329,-5,24,28,-33,-12,-3,-2,-1
1514892980928344,-11,-32,-13,4,-1,-1,-1,2
1514892980928344,11,7,13,10,2,3,2,2
1514892980929361,-2,-6,29,12,-1,2,2,1
1514892980929361,-11,5,-5,17,4,-1,-2,-1
1514892980942865,14,15,-4,-25,-3,4,3,-1
1514892980942865,7,14,3,7,0,-4,-3,3
1514892980943355,-12,-5,-19,-10,-8,0,2,-4
1514892980943355,-5,-7,-46,-10,9,3,4,0
1514892980981901,4,10,25,-2,-4,-4,-7,0
1514892980981901,-8,1,50,25,-4,-1,1,-7
1514892980982383,7,5,-12,-24,-20,-8,-1,4
1514892980982383,1,-9,-18,24,27,8,-2,-1
1514892980983886,2,25,20,-12,-9,-4,-4,-9
1514892980983886,4,-20,-4,2,-1,-1,0,3
1514892980987887,-15,-14,-25,-12,-4,-1,0,1
1514892980987887,-7,2,64,27,-2,-6,-1,-4
1514892981011422,12,20,-4,-22,-6,1,0,10
1514892981011422,-7,-8,-37,-8,3,1,-2,-3
1514892981011926,8,-3,-12,-5,7,4,8,1
1514892981011926,2,3,1,0,-8,-7,-2,-1
1514892981025915,-20,5,-8,14,-4,-6,-8,-8
1514892981025915,9,-13,17,-11,-6,0,1,-2
1514892981026414,6,10,-34,-10,11,8,2,0
1514892981026414,-4,-10,-21,4,-2,-4,-5,-1
1514892981039917,-9,1,36,-14,-3,-6,-8,-5
1514892981039917,-9,-1,9,25,-5,-3,0,-2
1514892981047923,-3,7,14,12,13,1,2,-3
1514892981047923,-1,-43,-9,-7,-7,-2,-3,1
1514892981072439,5,-4,-17,-36,-5,-1,0,2
1514892981072439,-1,13,26,24,7,1,0,-1
1514892981073945,6,-12,28,18,-2,-1,-5,2
1514892981073945,1,13,-56,-26,-10,-5,2,1
1514892981085447,7,-6,10,-2,0,-1,-3,-10
1514892981085447,-11,-20,-46,-9,2,-2,-4,-5
1514892981086948,1,-5,83,7,-4,-5,-2,-3
1514892981086948,-15,10,-38,-1,5,0,-2,-3
1514892981099959,23,4,-6,-1,-3,3,4,7
1514892981099959,2,6,-7,-9,0,-2,-1,-1
1514892981108464,-19,-7,7,7,-6,-2,-5,-2
1514892981108464,10,15,18,1,1,3,4,0
1514892981123976,-7,-14,-1,21,-2,-1,1,2
1514892981123976,-9,-5,6,-5,10,1,0,-2
1514892981124489,12,-6,-14,11,0,0,5,7
1514892981124489,3,3,2,-31,-8,-1,-4,1
1514892981145490,-12,21,36,16,-5,-2,0,2
1514892981145490,-2,-5,-16,-10,1,0,3,0
1514892981145992,-4,-20,-34,-19,-7,-2,-4,-2
1514892981145992,3,19,-2,-11,-1,3,-1,-2
1514892981160001,2,-4,34,26,3,-5,-6,0
1514892981160001,-1,7,-46,-15,-11,-3,-5,0
1514892981167505,5,-9,4,17,2,0,5,6
1514892981167505,4,4,-3,1,1,-1,-2,-12
1514892981183018,-2,-10,9,-9,9,5,-1,-2
1514892981183018,0,3,-56,-8,-7,0,2,-3
1514892981183519,2,3,13,-4,-4,-4,-6,-12
1514892981183519,-6,-12,-29,8,-2,0,2,-1
1514892981206034,-5,5,3,10,2,-4,-3,-3
1514892981206034,25,-4,48,4,2,3,4,8
1514892981207039,-19,5,-25,0,2,0,1,-6
1514892981207039,4,-2,5,-11,2,0,-2,1
1514892981219542,-2,6,2,18,4,-1,1,-3
1514892981219542,-11,-6,14,-6,-9,-3,-4,-5
1514892981228549,4,12,27,1,0,-4,-2,-3
1514892981228549,5,-2,9,-18,-5,-3,0,-1
1514892981243060,-10,-6,-100,-40,-2,2,7,5
1514892981243060,-4,-5,92,53,14,-3,-7,-4
1514892981243559,12,-6,-52,-17,-3,0,1,1
1514892981243559,-8,-9,-9,11,-2,0,-3,-2
1514892981265575,0,14,13,-26,-9,-1,-2,-3
1514892981265575,-11,-4,27,19,-2,-3,-3,-9
1514892981266077,-5,0,17,2,5,-1,-5,-3
1514892981266077,2,0,-55,9,-3,5,3,1
1514892981288592,-1,-29,4,-7,4,-4,-4,-6
1514892981288592,2,23,31,11,-7,-2,-5,-1
1514892981289593,-11,6,-45,-34,-1,1,-3,-3
1514892981289593,3,-3,19,14,0,-4,-3,-2
1514892981303101,-2,1,32,-2,-10,-9,-7,-3
1514892981303101,5,-3,-11,14,17,10,7,5
1514892981303601,-4,-13,-28,-3,2,2,2,1
1514892981303601,0,1,28,3,-11,-8,-6,0
1514892981325618,4,15,-11,5,1,4,2,1
1514892981325618,1,-13,-5,-40,-12,-7,-5,2
1514892981326120,-8,0,-16,3,-1,2,-4,-6
1514892981326120,2,3,24,-16,6,7,6,1
1514892981348633,-19,-15,-47,1,-5,-6,-4,-4
1514892981348633,4,16,46,-4,-4,-2,-1,0
1514892981349634,2,2,-2,23,-6,-6,-6,-1
1514892981349634,1,-1,-15,-20,7,2,1,5
1514892981363145,4,-1,13,0,3,2,2,-3
1514892981363145,1,12,-66,-10,0,-1,1,2
1514892981363646,-1,-35,50,-22,-16,-5,-1,-1
1514892981363646,8,17,82,76,19,2,-5,-2
1514892981386661,11,-13,-37,-35,-8,4,5,4
1514892981386661,-2,3,-45,-16,-4,-2,-1,0
1514892981387660,3,-1,15,27,11,0,0,-2
1514892981387660,1,1,-10,-13,-10,-6,-4,-3
1514892981409179,-22,6,7,6,2,1,2,5
1514892981409179,-4,11,15,-12,-11,-12,-9,-18
1514892981409680,7,28,-10,33,0,4,3,3
1514892981409680,-20,-43,-42,-73,-4,-1,1,3
1514892981423688,10,8,33,20,-1,-5,-7,1
1514892981423688,-6,-20,-14,-7,1,6,9,-1
1514892981423688,1,12,44,-5,-4,-4,0,0
1514892981423688,5,7,0,31,5,-4,-8,-4
1514892981445201,7,4,3,-1,-1,2,0,-6
1514892981445201,-17,-18,31,-8,-4,-2,-3,-2
1514892981446202,4,-7,-54,-8,-7,-6,-4,-3
1514892981446202,-1,14,8,8,8,4,1,1
1514892981468217,-9,-9,-24,-5,-4,-4,-6,-4
1514892981468217,5,10,18,31,3,-2,3,2
1514892981469218,-1,-24,-56,-45,-9,-1,-1,2
1514892981469218,-12,23,70,0,-16,-6,-2,-6
1514892981483728,-2,-15,-4,10,2,0,-4,-4
1514892981483728,22,-14,-49,-9,3,4,1,5
1514892981484729,-9,-14,-42,-10,2,0,2,-2
1514892981484729,1,7,-14,-4,-2,-3,-1,3
1514892981505756,5,3,71,16,0,-1,0,-1
1514892981505756,-5,-8,-24,2,-2,-1,-1,1
1514892981506257,5,-4,35,-13,2,-3,-7,-1
1514892981506257,2,5,-9,17,3,2,2,-6
1514892981528261,1,5,-10,-18,-6,-3,-1,-3
1514892981528261,-1,-5,0,-15,-5,0,0,2
1514892981529261,0,1,7,17,6,0,-3,-1
1514892981529261,-2,2,10,-10,-8,-5,-5,-1
1514892981542782,-5,5,-16,3,0,0,1,2
1514892981542782,0,-1,4,-4,-3,-2,-1,-4
1514892981543780,-5,-2,2,3,2,2,1,-1
1514892981543780,-4,-9,-7,2,-4,-1,-3,-2
1514892981565298,5,4,-24,-6,-1,1,1,1
1514892981565298,-6,-2,-6,-3,0,-2,-3,4
1514892981566309,-3,4,17,8,-1,0,1,-7
1514892981566309,2,-6,-14,-7,-2,-1,-3,1
1514892981588306,3,5,-11,1,0,-1,-1,-2
1514892981588306,-4,-4,7,-1,-1,1,0,1
1514892981589305,-6,-7,4,-2,-2,-1,2,-2
1514892981589305,2,-4,-7,-3,-3,-3,0,1
1514892981602827,4,7,0,3,4,0,-1,2
1514892981602827,-5,-6,5,6,-1,-1,-1,-5
1514892981603816,-2,1,-1,-4,1,-1,-1,2
1514892981603816,-5,-4,-7,-2,-2,1,0,-1
1514892981625328,-7,0,-8,-3,-3,-1,-2,-1
1514892981625328,-2,-3,6,5,5,-2,-2,-3
1514892981626329,4,2,-1,0,1,0,1,1
1514892981626329,2,-2,0,2,-1,0,1,-1
1514892981649345,2,2,-8,-7,-2,0,-2,-1
1514892981649345,-2,-3,-23,-11,-2,-2,-2,0
1514892981650846,-2,2,33,3,-1,0,0,1
1514892981650846,4,3,10,11,0,-2,-1,-1
1514892981663355,1,-2,-4,-2,3,0,-3,-3
1514892981663355,-2,-3,-7,-3,0,-1,0,-2
1514892981663855,0,2,-3,1,-3,0,-1,0
1514892981663855,-3,-4,-18,-12,-4,0,-1,-1
1514892981685371,2,-4,4,3,-3,-1,0,-2
1514892981685371,-1,-1,0,4,2,2,-1,0
1514892981685871,2,-3,-1,3,-4,-2,1,-1
1514892981685871,0,3,5,-6,-1,-1,1,0
1514892981708387,1,4,11,3,-3,-3,-2,1
1514892981708387,-2,-12,-7,-9,-6,-6,-2,-2
1514892981709388,-1,-1,-9,0,0,1,-1,-1
1514892981709388,-4,-3,-10,1,0,-2,-1,-2
1514892981723397,2,3,12,2,2,3,1,0
1514892981723397,-1,-2,0,6,3,3,0,-2
1514892981724398,-3,-3,-4,-4,-4,-5,-4,-2
1514892981724398,-2,2,9,-10,-6,-2,0,-2
1514892981745413,0,-1,-12,7,8,1,-2,-1
1514892981745413,-3,-11,-1,2,1,0,0,-2
1514892981745914,1,-5,-11,-14,-8,-3,-2,0
1514892981745914,2,1,10,15,5,0,-2,0
1514892981768444,0,-6,-12,-14,-3,0,2,3
1514892981768444,-3,2,1,-4,-2,0,-2,-1
1514892981769444,1,2,-1,-11,0,-2,-1,1
1514892981769444,-1,-6,-20,8,-3,-1,0,0
1514892981790945,2,10,35,-11,-6,-3,-2,-4
1514892981790945,0,-2,-19,-3,-2,-1,-2,0
1514892981791947,0,-1,-12,-4,-3,-1,-1,1
1514892981791947,-7,-2,-2,-6,-4,-3,-2,-4
1514892981805457,-2,-8,-16,7,1,-2,-3,-2
1514892981805457,-4,-1,16,-6,-1,-3,-3,-3
1514892981805963,-1,0,10,6,0,-1,-1,-3
1514892981805963,0,2,-25,-6,-3,-2,-1,0
1514892981828482,-1,-1,0,5,3,1,-2,0
1514892981828482,-1,-3,4,-12,-4,-4,-1,-2
1514892981829482,-2,-4,-8,2,4,2,0,0
1514892981829482,0,2,-1,0,2,0,-2,-2
1514892981851491,-3,0,4,-5,-6,-2,0,0
1514892981851491,1,2,23,2,-2,2,0,-1
1514892981851989,-2,-3,-65,-2,4,1,-1,-1
1514892981851989,0,5,19,-4,-1,1,-2,-1
1514892981865539,2,0,-6,5,-1,-2,0,0
1514892981865539,1,3,-13,-8,-1,-3,-2,-2
1514892981865998,0,0,38,8,-1,-3,0,-1
1514892981865998,1,2,-17,-20,-8,-1,-2,-1
1514892981889015,3,1,-26,13,3,0,-2,0
1514892981889015,-1,-4,16,0,1,0,2,-2
1514892981889515,-4,3,8,2,-1,-1,-2,-2
1514892981889515,-2,-3,-11,0,0,-1,0,-1
1514892981902036,-1,-2,14,-4,-3,-1,-2,-2
1514892981902036,-4,-4,-12,1,-2,-1,-1,-1
1514892981918044,3,1,5,1,1,1,0,2
1514892981918044,-2,-5,6,-2,-3,-1,-1,-2
1514892981928542,2,0,-12,-6,-2,-3,-2,0
1514892981928542,-1,3,29,7,-3,-3,-3,-1
1514892981929543,-3,-3,-35,-8,-1,0,0,-2
1514892981929543,0,2,-9,1,5,-1,-2,0
1514892981948558,-3,-7,32,-1,-7,-2,-2,-2
1514892981948558,0,-1,-11,3,1,1,0,-1
1514892981949558,0,3,20,-1,0,0,-2,-1
1514892981949558,1,2,-10,0,-3,-4,-1,-1
1514892981962076,-1,-2,-17,-8,-3,-1,-2,-1
1514892981962076,1,-2,-9,-6,-4,-2,-1,-1
1514892981970585,2,2,17,8,1,-1,0,0
1514892981970585,-3,-1,6,3,1,-1,-1,-1
1514892981985595,0,-2,-5,-2,0,-1,1,-1
1514892981985595,-2,0,7,0,-4,-1,-2,1
1514892981987116,1,2,-7,-6,0,2,-2,-1
1514892981987116,0,-2,9,4,0,-2,1,0
1514892982008600,-2,-4,0,-1,-3,-1,-1,-1
1514892982008600,-3,-6,-19,-4,0,0,-1,-1
1514892982009111,0,-1,3,2,-4,-3,0,-2
1514892982009111,1,1,5,-9,-4,0,0,1
1514892982038620,-3,-3,-11,-5,0,-1,-1,0
1514892982038620,-1,-3,3,5,-1,-2,-1,0
1514892982039120,-2,3,10,-3,-3,-1,-3,-1
1514892982039120,-1,0,4,4,5,0,0,0
1514892982053631,-3,-4,-15,-1,-3,-1,0,-1
1514892982053631,-3,-2,3,-1,0,0,-1,-1
1514892982054633,0,1,3,1,-2,-1,0,1
1514892982054633,0,1,3,1,-2,-2,-1,-3
1514892982069142,1,4,-2,-7,-6,-1,-1,-1
1514892982069142,2,-1,0,5,5,2,0,1
1514892982070142,0,0,-1,-1,1,-1,0,-1
1514892982070142,-2,0,-2,-1,-2,-1,-3,-2
1514892982082651,-1,-2,-1,-4,-4,-3,-2,-1
1514892982082651,-4,-5,-7,4,-2,-3,-1,-2
1514892982090158,0,-1,12,3,-2,-2,-1,-2
1514892982090158,1,3,-8,-20,-1,-1,-1,-1
1514892982105167,-5,-4,-9,0,-2,-3,-1,-2
1514892982105167,-2,1,9,-6,-1,-2,-1,0
1514892982106168,-4,-4,-7,4,-2,0,-2,-1
1514892982106168,-2,-3,-24,4,-3,-1,-2,0
1514892982128684,-1,0,32,-8,-2,-1,0,-1
1514892982128684,-1,0,-2,-1,-1,1,0,-3
1514892982129191,-1,2,-3,-4,0,-2,-1,-3
1514892982129191,2,0,5,3,-2,-2,-2,0
1514892982142193,2,-3,-18,1,0,0,-1,1
1514892982142193,0,-4,-4,2,2,-1,-1,0
1514892982150199,-1,3,4,1,0,-2,-2,1
1514892982150199,-1,2,1,-7,-3,-1,-2,-3
1514892982165237,-5,-11,-8,4,1,0,0,-1
1514892982165237,-3,-6,-1,-1,-3,-2,-1,-1
1514892982166223,-1,-3,-6,-4,-3,-3,0,0
1514892982166223,2,2,9,10,2,-2,0,0
1514892982189227,4,4,-3,-9,-1,0,-3,-1
1514892982189227,-3,-8,-12,-6,-3,0,-1,0
1514892982190738,-11,-4,4,6,0,-2,-1,-4
1514892982190738,-3,-5,-2,-6,-4,-3,-2,-1
1514892982210744,-1,-1,9,12,4,0,1,-1
1514892982210744,2,-1,-7,-6,-4,1,-2,-1
1514892982211742,1,2,-4,-16,-4,0,0,0
1514892982211742,-3,1,7,-2,-3,-1,-1,0
1514892982225264,0,-2,-4,2,1,1,-2,0
1514892982225264,0,2,-1,3,3,0,0,0
1514892982226262,1,4,5,9,0,-3,0,0
1514892982226262,-1,1,-1,-9,0,1,-1,-2
1514892982248268,-2,-6,-22,-4,-3,-3,-1,0
1514892982248268,2,-4,28,-2,-2,-2,-1,-1
1514892982249269,0,3,4,-1,1,-1,-2,-2
1514892982249269,-5,-1,-4,1,-4,0,-2,-1
1514892982271285,-2,3,0,0,-1,0,-1,-2
1514892982271285,-3,-5,-14,1,0,-1,0,-2
1514892982271785,-2,-4,-9,-4,-1,0,0,-1
1514892982271785,-1,1,6,1,0,0,0,0
1514892982285294,-1,-5,-7,1,0,0,0,-4
1514892982285294,-1,0,1,-1,-3,-2,-1,-2
1514892982286295,4,1,0,-4,-4,-2,0,0
1514892982286295,-2,0,-2,4,1,0,0,-1
1514892982308317,-4,-3,5,-1,-2,-2,0,0
1514892982308317,0,0,-2,-1,-4,-3,1,-1
1514892982309332,0,1,-1,-4,-1,-2,-1,0
1514892982309332,-2,-1,-1,2,1,-2,-1,-2
1514892982330837,1,1,5,1,1,-1,-2,-1
1514892982330837,-1,1,3,-2,-1,-1,-1,0
1514892982331828,-6,-3,-15,-5,-2,-1,-2,0
1514892982331828,6,2,5,-4,-5,-2,-2,-1
1514892982353352,-2,-8,-6,-2,-1,-1,-3,-3
1514892982353352,0,0,-2,0,-1,0,0,-2
1514892982353846,-1,4,2,-1,0,-2,0,0
1514892982353846,-2,2,3,1,0,-1,-1,-1
1514892982367854,1,0,3,-3,-2,-2,-2,0
1514892982367854,0,-3,-4,-2,-1,0,-3,-3
1514892982375359,2,0,-1,-2,0,-1,-2,0
1514892982375359,-3,-1,-1,0,-1,-1,-1,0
1514892982391871,-2,-4,-1,-3,-1,1,1,-2
1514892982391871,-1,-3,-4,0,0,1,0,-3
1514892982392877,0,0,-4,-3,-2,0,0,-1
1514892982392877,0,1,0,0,-2,-2,-1,-2
1514892982404880,-2,-3,0,-1,0,-3,-2,0
1514892982404880,-3,-4,-1,0,0,-2,-3,0
1514892982413394,-2,-1,0,0,-2,-2,-1,-2
1514892982413394,1,2,-2,1,-2,0,-2,0
1514892982428396,-3,-7,-2,-3,-1,0,0,-1
1514892982428396,-1,-4,-2,-2,-2,-1,-2,-3
1514892982429399,0,-1,-2,0,0,-1,-1,-1
1514892982429399,0,0,-1,-1,-1,-1,-1,-2
1514892982450912,1,3,4,-2,-1,-1,2,-1
1514892982450912,-1,-4,-3,4,2,-1,-2,0
1514892982453415,-2,0,-2,-1,-2,0,-2,-2
1514892982453415,-1,-1,-2,-1,0,0,-2,-1
1514892982473428,-1,-3,-1,-4,-5,-1,-1,-2
1514892982473428,-3,-4,-2,-2,-2,-2,1,0
1514892982481933,0,-1,-1,1,0,-2,-1,-1
1514892982481933,-2,0,1,0,-1,0,-2,0
1514892982488441,0,0,0,-1,0,-2,1,-1
1514892982488441,-2,-3,-2,-2,-2,0,-2,1
1514892982489939,-1,2,1,-1,-1,-2,-1,-1
1514892982489939,-2,0,-1,-2,-2,-1,1,-1
1514892982510964,-1,-3,-1,-1,-1,1,0,-3
1514892982510964,0,-3,-1,0,-2,-1,-1,-2
1514892982512465,-1,0,0,-2,-1,1,1,0
1514892982512465,0,0,-1,-1,0,-1,-1,1
1514892982533490,1,-1,-1,-2,1,-1,-3,1
1514892982533490,-2,-4,1,-2,-1,-2,-1,-1
1514892982534994,-2,-1,1,-1,0,-1,-4,-3
1514892982534994,1,1,-1,0,1,0,1,-1
1514892982548502,-5,-5,-2,1,1,-1,-2,-1
1514892982548502,-2,-3,-2,-1,0,-1,0,0
1514892982549982,-3,0,-2,-2,-5,1,0,-1
1514892982549982,0,0,-1,0,-1,-2,-3,-3
1514892982571030,-2,-3,0,-1,0,-1,-4,-1
1514892982571030,-1,-1,1,-2,-4,0,-2,-1
1514892982572529,-1,0,-1,-1,-1,1,-1,-2
1514892982572529,0,-2,-2,-1,-1,0,-2,1
1514892982584553,1,-2,-3,-1,-2,-2,-1,-1
1514892982584553,-2,-1,-2,-3,0,-2,-1,-1
1514892982593543,0,2,0,-1,-1,0,-1,-2
1514892982593543,-1,0,-1,-1,0,-2,-1,0
1514892982608554,-1,-2,-2,0,-1,0,0,-1
1514892982608554,2,-3,-1,1,-2,-2,0,0
1514892982610067,0,1,-2,-2,0,-2,0,-2
1514892982610067,-2,2,-2,0,-2,-1,-1,-1
1514892982631080,-2,-2,-1,0,0,-1,-1,-2
1514892982631080,-2,-3,0,-1,-1,-1,-1,-4
1514892982632581,0,1,-2,-1,-1,-2,-1,1
1514892982632581,1,-1,-2,-1,0,-1,-2,0
1514892982644589,-2,-1,0,-1,0,0,-2,-2
1514892982644589,1,-2,1,1,-2,-3,-2,-1
1514892982661091,-2,-1,-2,-1,-2,-2,-1,-1
1514892982661091,-3,1,-2,-2,-1,0,0,-2
1514892982669097,-2,-4,-1,-2,-1,1,0,-1
1514892982669097,-1,0,0,1,1,0,-1,-1
1514892982671107,-1,-4,-2,-1,-3,-1,-2,-2
1514892982671107,0,1,-1,-1,-1,-2,-2,0
1514892982691128,-1,-3,-2,0,-2,-2,-1,1
1514892982691128,-3,-3,0,-1,-2,1,0,2
1514892982692628,0,1,-1,-1,0,-1,-1,0
1514892982692628,-2,1,-1,-2,-2,-1,0,-1
1514892982704627,-1,-3,0,-1,-1,-5,-1,0
1514892982704627,-2,-3,-1,0,-1,-1,1,0
1514892982713629,-1,2,-1,-1,0,-1,0,-2
1514892982713629,0,-1,-2,-1,0,-1,0,-1
1514892982728651,1,-1,-2,-1,-2,-1,0,0
1514892982728651,-2,-1,0,-2,-1,-2,0,-1
1514892982730150,-1,1,-1,-1,0,-1,-1,0
1514892982730150,-1,0,-1,-1,-1,-1,-1,-4
1514892982751158,-1,-3,-1,-1,-1,-2,0,-1
1514892982751158,-1,-3,0,-1,-1,1,-1,-1
1514892982752656,1,0,-1,-2,0,-2,-3,-1
1514892982752656,0,0,1,-1,-1,0,-1,1
1514892982764664,0,-1,-2,1,-2,2,-2,-1
1514892982764664,-2,-3,-2,-1,0,-1,-1,-1
1514892982773671,-1,2,-1,-1,-3,-2,-1,0
1514892982773671,0,0,-2,-2,-1,-4,0,-2
1514892982789682,0,-2,0,0,-1,-1,0,-1
1514892982789682,0,-2,-2,-1,-2,-1,-1,-1
1514892982791183,-2,-1,-1,0,0,0,-1,-2
1514892982791183,-1,0,-1,-1,-1,-2,-1,0
1514892982811200,-2,0,0,0,-1,0,-1,-1
1514892982811200,1,-2,0,-1,1,-2,-1,-1
1514892982812723,-1,0,-1,-1,1,-1,0,0
1514892982812723,-2,-2,-2,-1,-2,0,-1,-2
1514892982824716,0,-4,0,-1,-1,0,0,-1
1514892982824716,-1,-2,-1,0,-1,0,-1,0
1514892982839718,-1,0,0,0,0,-2,-1,-1
1514892982839718,-1,0,-1,-1,-1,-1,-1,0
1514892982848739,-1,-2,-2,-2,-1,-1,-1,-1
1514892982848739,-1,-3,-1,-1,0,-2,-1,-1
1514892982851229,-2,-1,-2,-2,-1,-2,-1,0
1514892982851229,1,1,-2,-2,-3,-1,-2,-2
1514892982871741,-1,-3,-1,-2,0,1,-1,-1
1514892982871741,-1,-4,0,0,-2,0,0,-2
1514892982873241,-2,2,-2,-1,-1,-2,-2,-1
1514892982873241,-1,1,-2,-2,-1,-1,-1,1
1514892982884749,-2,-2,-2,-1,-1,-1,-1,-2
1514892982884749,-2,-2,-3,-2,0,-1,-2,-1
1514892982893756,-1,-1,-1,-1,-2,0,-1,-1
1514892982893756,-1,0,-1,-1,-2,-1,-2,-2
1514892982909277,-2,-4,-2,0,-1,-2,-1,-2
1514892982909277,-1,-2,-1,-1,0,-2,-2,0
1514892982912779,0,0,-1,-1,-4,-1,-1,-1
1514892982912779,0,0,-1,-2,-2,-2,0,1
1514892982930782,-1,-3,-1,-2,0,-2,-1,-2
1514892982930782,-2,-1,-1,0,-1,-1,0,-2
1514892982933284,-1,1,-2,-3,0,-1,-2,-2
1514892982933284,-1,0,-1,-3,-2,0,-1,-3
1514892982944792,0,-1,-1,0,-1,-1,-2,-1
1514892982944792,-2,-1,-2,0,-2,-1,1,0
1514892982953798,0,-1,-1,-1,-1,-2,0,1
1514892982953798,-2,-2,-2,-2,-1,-1,-1,-1
1514892982968809,-1,-4,-1,-1,-2,-2,0,0
1514892982968809,-1,-2,0,-1,-2,-2,-1,-1
1514892982971812,-2,-1,-1,-3,-1,0,-3,-2
1514892982971812,-2,0,-1,-2,1,-2,-2,-1
1514892982990826,0,-2,-1,-1,1,-1,-1,1
1514892982990826,0,-2,-2,-1,-1,1,-1,-1
1514892982992828,0,0,-1,-1,-2,-1,0,-2
1514892982992828,0,-1,-2,-1,-2,-2,-2,-1
1514892983005835,-2,-1,1,-1,0,-1,-1,-2
1514892983005835,-3,0,-1,-1,-1,-2,-1,-1
1514892983013841,0,-1,-1,0,-2,-2,1,2
1514892983013841,0,-2,-1,-1,-3,-1,0,0
1514892983028352,-2,-2,-2,-1,-1,1,0,-3
1514892983028352,-1,-2,-1,0,-1,-1,-2,-1
1514892983030352,0,1,1,-1,0,-1,-2,0
1514892983030352,-2,-1,0,0,-2,-1,0,-2
1514892983050866,0,-2,0,0,-2,-2,0,-1
1514892983050866,-2,-1,0,-2,-2,0,1,0
1514892983052367,-2,-1,-1,0,-2,-2,-3,-3
1514892983052367,-2,-2,-2,0,0,-1,-2,-1
1514892983064876,0,-3,-1,-3,-1,-1,-1,-1
1514892983064876,-1,-2,-1,-1,1,0,-2,-2
1514892983073383,0,0,-2,-1,-1,-2,-2,-1
1514892983073383,-1,1,-1,-1,-1,-2,0,-1
1514892983089394,-4,-1,-2,0,-1,-1,0,1
1514892983089394,0,0,1,-2,1,-1,-1,0
1514892983092896,-3,-1,-1,0,-2,0,0,-2
1514892983092896,0,-1,-2,0,-1,-1,1,-1
1514892983110909,-1,-2,0,-1,-3,-1,-1,-1
1514892983110909,-2,-2,-2,0,-1,0,1,0
1514892983112419,0,1,-1,-3,2,-1,-1,-1
1514892983112419,-1,1,-2,-2,-1,-3,-2,0
1514892983124418,-2,-1,-2,0,0,0,0,-1
1514892983124418,-2,-3,-2,-1,-1,-1,-1,-3
1514892983133925,0,0,-2,0,0,-1,-2,1
1514892983133925,0,-2,-1,-1,-1,-1,-1,-2
1514892983148937,-1,-1,-1,-2,-3,-2,0,1
1514892983148937,0,-2,0,0,-1,0,0,-1
1514892983150438,-3,-1,-2,-1,1,0,-1,-2
1514892983150438,-1,-1,0,-1,0,-2,-1,-1
1514892983170951,0,-2,-2,-1,-1,0,-1,-2
1514892983170951,-1,-2,-1,0,-2,-1,-1,-1
1514892983172454,1,1,-1,-1,-3,-1,0,0
1514892983172454,-2,-3,-2,-2,-2,-2,-3,-1
1514892983193469,-4,-2,1,0,0,-3,-2,-2
1514892983193469,-3,-2,-3,-2,-1,-5,-13,-1
1514892983196973,-2,1,-1,0,-2,3,15,2
1514892983196973,-2,-1,-2,-1,-1,-1,-2,-1
1514892983208478,1,-2,-1,-2,0,-1,1,-1
1514892983208478,0,1,-2,-1,-1,-2,0,-1
1514892983209979,-1,1,0,0,-2,-3,-2,-1
1514892983209979,-1,-1,0,0,-1,-1,0,-1
1514892983231495,0,-2,-1,-1,0,0,-2,-1
1514892983231495,-2,-2,-1,-1,0,1,3,-1
1514892983233496,0,0,0,-2,-2,-2,-4,-1
1514892983233496,-2,0,-2,-2,-3,0,2,-1
1514892983253510,-1,-2,-2,0,-1,0,-3,-2
1514892983253510,-1,0,-1,-2,-2,-1,1,0
1514892983255011,-2,0,-1,0,-3,-2,-3,-1
1514892983255011,0,0,-3,-4,-1,-1,-2,-1
1514892983268521,-1,-1,-2,0,-1,-2,-1,-2
1514892983268521,0,-2,-2,0,0,3,1,-3
1514892983272023,-2,0,-1,-1,0,0,-2,-1
1514892983272023,-1,-1,-1,-2,0,0,-2,-1
1514892983291051,1,-2,-3,1,-1,-1,-1,0
1514892983291051,-1,0,6,-3,-1,-2,0,-1
1514892983292539,1,0,-4,-10,-4,-1,-3,-1
1514892983292539,-1,-4,1,3,1,0,-1,-2
1514892983313575,-2,-2,-2,-4,-2,-1,0,-2
1514892983313575,-1,-1,-3,4,0,-4,-1,-1
1514892983315079,-2,1,-1,1,-1,-1,-1,-2
1514892983315079,-1,-1,-1,-5,-3,0,-2,-1
1514892983328067,0,0,1,3,0,1,-1,-2
1514892983328067,2,-1,-1,-2,0,-3,1,1
1514892983334577,-1,0,-1,0,0,-1,-4,0
1514892983334577,0,-1,-3,1,-1,1,-1,0
1514892983351090,-3,-3,1,0,0,0,-1,-1
1514892983351090,-1,1,0,0,-2,0,-1,-2
1514892983352589,1,1,-3,-3,-1,-1,-1,-3
1514892983352589,-1,-3,1,1,-1,-2,-2,-1
1514892983372601,0,-2,0,-2,-1,-1,0,-1
1514892983372601,-1,-2,-1,-2,0,0,-1,0
1514892983381112,0,-1,-1,2,0,-1,-1,-1
1514892983381112,0,-2,-1,-2,-3,-1,-1,-3
1514892983388606,-2,-2,-2,-3,0,-4,0,0
1514892983388606,-1,-2,-1,-1,-2,1,-1,-1
1514892983396123,0,0,-1,-1,-1,0,0,-2
1514892983396123,-1,-1,0,-1,-2,-1,0,0
1514892983412132,-3,-1,-1,-3,0,-2,0,-1
1514892983412132,-2,-1,-1,0,0,0,-1,-2
1514892983415624,-2,-1,0,-1,0,-2,-2,0
1514892983415624,-1,0,1,-1,-1,-3,-1,-1
1514892983433660,1,-3,-1,0,1,0,-1,1
1514892983433660,0,-2,-2,-2,-1,-2,-1,-1
1514892983435138,-2,0,-1,-1,-1,-1,-1,-1
1514892983435138,-1,-4,-3,-1,-1,0,-1,-2
1514892983447650,-1,-2,-1,-1,-3,-1,-2,-2
1514892983447650,-1,1,-2,-2,-3,0,-1,-1
1514892983454653,-1,1,-1,-1,0,-3,-1,0
1514892983454653,-2,-1,-2,-2,-2,-1,-3,0
1514892983471166,-2,-2,-1,-2,-1,-1,-1,-2
1514892983471166,0,1,4,1,0,-2,-1,-1
1514892983472666,-1,-1,-4,-5,-1,0,1,-1
1514892983472666,-1,-1,-2,-2,1,-1,-1,-1
1514892983493695,-1,-2,-1,0,-1,0,-1,-2
1514892983493695,-1,1,-1,-1,-1,-2,0,-1
1514892983497182,0,0,-1,2,-1,0,-1,-1
1514892983497182,-1,-1,-1,-3,-2,0,-1,-1
1514892983507690,-1,-3,0,-4,-2,-2,0,0
1514892983507690,-2,-1,-1,-2,0,-1,0,0
1514892983514698,-2,0,-1,-1,-1,-2,-1,1
1514892983514698,0,-2,-1,-2,-1,0,0,-1
1514892983531264,-1,-1,-1,-1,-1,0,0,-1
1514892983531264,-1,2,0,3,1,-1,1,-1
1514892983533711,-1,0,-1,-5,-2,-1,0,-2
1514892983533711,-1,0,0,4,1,-1,0,-2
1514892983553224,-2,-3,-1,-2,-2,0,-1,0
1514892983553224,0,-1,-3,-1,-1,0,-3,0
1514892983555224,-1,-1,-1,-1,-1,0,-2,-1
1514892983555224,-2,-1,-1,-3,0,-1,-2,-2
1514892983567252,-2,-3,-1,-1,0,-1,-1,0
1514892983567252,-1,1,-2,-3,0,-1,-1,-1
1514892983583744,0,0,1,0,-1,-2,-3,-3
1514892983583744,1,-2,0,-1,0,-1,-1,-1
1514892983590748,-1,-2,-2,2,-1,1,0,-1
1514892983590748,0,-1,-1,-2,-2,-2,0,-1
1514892983592750,-1,0,0,-1,-1,-2,-3,0
1514892983592750,0,-2,-1,0,-2,0,-1,-1
1514892983613275,-2,-2,-1,0,-1,-2,-3,-2
1514892983613275,-1,-1,-1,-2,-4,-1,0,1
1514892983615276,0,1,0,2,0,0,0,-2
1514892983615276,-1,-3,-2,-2,-1,-2,0,-1
1514892983628284,-2,0,-1,0,-2,-2,-2,-2
1514892983628284,-2,-2,-1,-1,-2,-3,-1,-1
1514892983636290,-1,1,0,-1,0,-1,-2,-2
1514892983636290,-2,-2,-2,-2,-2,-1,-2,-1
1514892983650291,0,-1,-2,-2,0,-3,-3,1
1514892983650291,-1,0,-1,-1,-2,-1,-3,-1
1514892983658797,0,-1,-2,-1,-3,-1,-1,0
1514892983658797,-2,-2,1,0,0,-2,0,-1
1514892983673317,0,-4,0,-3,-2,0,0,-3
1514892983673317,0,1,-2,-2,-4,0,-1,-2
1514892983675310,0,0,-1,0,-1,-1,0,-1
1514892983675310,-2,-1,-1,0,-1,-3,-1,-2
1514892983687825,-2,-1,-1,-1,0,-3,0,-1
1514892983687825,-1,-1,-1,-3,-1,0,0,-1
1514892983703828,-2,2,0,-3,-2,-1,-1,0
1514892983703828,-1,-2,-1,1,3,-1,0,0
1514892983711833,-2,-4,0,-1,-2,-1,-1,-2
1514892983711833,-1,1,-1,0,0,-1,0,-2
1514892983713835,0,-1,-1,-2,-1,-2,-1,-4
1514892983713835,1,-2,0,-1,0,0,0,-3
1514892983740861,1,-2,-1,-1,-1,-1,0,1
1514892983740861,-2,0,-2,-1,-1,1,-2,1
1514892983742356,-1,-1,-2,-1,-1,0,-1,-2
1514892983742356,-2,-2,-2,-2,-2,0,-2,0
1514892983746862,-2,-2,-3,-2,0,-1,1,-1
1514892983746862,-1,0,0,2,0,-1,-1,-1
1514892983755864,-2,1,-2,-1,-2,-3,0,-1
1514892983755864,-3,0,-2,-1,0,0,-2,-1
1514892983771397,-2,-2,0,-2,-1,-1,-2,-1
1514892983771397,-1,-1,0,-3,-2,-1,-2,-1
1514892983772378,0,-1,-1,0,1,2,-1,1
1514892983772378,-1,-2,0,0,-4,-2,-3,0
1514892983793408,-1,-3,-1,1,1,-2,1,-2
1514892983793408,-2,0,-2,-2,1,0,0,1
1514892983796894,0,-2,-2,-2,0,0,-1,-1
1514892983796894,-1,-4,-1,-2,-3,-2,-1,-1
1514892983806901,-2,-2,0,-2,-2,-1,-1,-2
1514892983806901,0,2,-1,0,-1,-2,-1,-1
1514892983815907,-2,3,-2,-2,-2,-1,0,1
1514892983815907,-1,-3,-2,0,0,1,-1,-1
1514892983830919,-1,-3,-1,-2,-1,0,-1,-2
1514892983830919,0,0,0,1,1,-1,-2,-2
1514892983832921,0,1,-1,-4,-3,0,-1,1
1514892983832921,0,-1,-1,0,-1,-2,0,-1
1514892983853434,-1,-3,-1,0,-2,-1,0,0
1514892983853434,-2,1,-1,-2,-3,1,-2,-2
1514892983859438,-1,-1,-2,1,0,-1,-1,-1
1514892983859438,0,-5,-2,-3,0,-2,0,-2
1514892983866944,0,-4,-2,1,-1,0,-1,-3
1514892983866944,-1,0,-2,-2,-2,-3,0,-2
1514892983876950,-1,1,-1,0,-1,-2,-2,-2
1514892983876950,-3,-4,-1,-2,-2,0,-2,-1
1514892983890960,1,-1,0,0,0,-2,-1,-1
1514892983890960,-1,1,0,-2,1,-2,-1,0
1514892983892461,-2,1,-1,-1,-2,-2,-1,1
1514892983892461,-2,-1,-2,-1,-1,-2,0,-1
1514892983914979,-1,-3,-1,-3,-1,-2,-1,-1
1514892983914979,2,1,-1,0,-1,0,-2,1
1514892983918995,-1,1,0,0,-1,-1,-1,-2
1514892983918995,-1,-2,-3,-2,-1,-2,-2,-1
1514892983926986,-2,-3,-1,0,-2,-2,-1,-1
1514892983926986,-2,-1,-3,-2,-2,-1,-1,-2
1514892983936001,1,0,1,-1,-1,-3,-2,-2
1514892983936001,0,-2,0,-1,1,1,-1,-2
1514892983951504,0,-2,0,1,-1,0,0,-2
1514892983951504,-1,0,-2,-2,-1,-2,0,-2
1514892983953019,0,0,-1,-2,1,-1,0,-1
1514892983953019,-2,-2,-1,-3,-4,-1,-1,0
1514892983973023,-3,-2,-1,1,2,-1,-1,0
1514892983973023,-2,2,-2,-1,-1,-1,-1,-2
1514892983979533,-3,0,-1,10,-3,0,0,0
1514892983979533,0,-2,0,-13,2,-1,-1,-2
1514892983987029,-3,-4,-3,-2,-3,-1,-2,-3
1514892983987029,1,0,0,-2,0,0,-1,-2
1514892983996035,0,0,-1,-3,-2,-3,-1,0
1514892983996035,1,-2,-1,4,-2,-1,0,-2
1514892984011054,-2,-2,0,1,-2,-2,-1,-1
1514892984011054,0,1,0,-3,-2,-2,-2,-2
1514892984012546,-2,0,0,-3,-3,-1,-3,-2
1514892984012546,-1,-2,-1,3,-1,-1,-1,-1
1514892984033588,-1,-2,-2,-5,-2,-2,-2,2
1514892984033588,0,1,-2,3,1,-1,-1,0
1514892984035062,1,1,-2,-7,-3,-1,0,-2
1514892984035062,-2,-1,-1,1,-2,-1,-2,0
1514892984047086,1,-2,-1,-1,-1,1,-1,-2
1514892984047086,-3,0,-1,-2,-2,-1,-1,0
1514892984056077,0,1,-2,-3,-1,-2,-2,-3
1514892984056077,0,-1,-1,0,-1,-1,-1,-2
1514892984070599,0,-2,-1,1,0,-1,0,-2
1514892984070599,-1,-1,-2,0,0,-2,-1,1
1514892984077101,-2,0,0,-3,0,-1,1,-1
1514892984077101,0,-2,-2,1,-3,1,-3,1
1514892984093613,-1,-2,1,8,-1,0,-2,1
1514892984093613,0,-1,-2,-8,2,-1,-1,-2
1514892984095105,-1,-1,0,-1,0,-2,-2,-1
1514892984095105,-2,-3,-1,-4,-2,-3,0,-1
1514892984117123,-1,-1,-2,-2,0,-1,0,-2
1514892984117123,1,1,1,1,-3,0,-2,-1
1514892984118621,0,0,-1,0,0,0,-1,-1
1514892984118621,-1,-2,-1,2,-2,0,-2,-2
1514892984130129,-2,-3,1,-3,0,0,-1,0
1514892984130129,-2,-1,-2,-2,-2,1,-1,-1
1514892984138636,-1,0,-2,-1,-1,-1,-2,-1
1514892984138636,-1,-1,0,0,-1,-1,-1,0
1514892984153646,-1,-3,0,-2,-1,0,0,-3
1514892984153646,-2,0,-1,-3,-2,-2,0,-1
1514892984155159,-1,1,-1,1,-1,-2,-1,-1
1514892984155159,-1,-3,-1,0,-2,-1,-2,-1
1514892984176171,0,-2,-3,-1,0,0,-2,-2
1514892984176171,-1,1,0,0,1,-1,-2,0
1514892984177673,0,-1,-1,-3,-2,0,-2,-1
1514892984177673,-1,-2,-1,-1,0,-1,0,-1
1514892984191183,0,-1,-1,-1,0,1,-1,-1
1514892984191183,0,0,0,3,-1,0,-3,-1
1514892984192683,-1,2,-1,-3,-1,0,-1,-1
1514892984192683,0,-3,0,-2,0,-2,0,-1
1514892984213704,-1,-2,2,3,-2,-2,0,1
1514892984213704,-2,-1,-4,-5,0,1,-1,-2
1514892984215190,1,0,-1,-1,-1,-1,0,0
1514892984215190,-2,-3,-1,-2,1,2,0,-2
1514892984236204,-2,-3,-4,-4,-1,-1,-1,-2
1514892984236204,0,0,0,2,-3,0,-1,-1
1514892984237707,-1,1,-2,-2,-2,0,-1,-1
1514892984237707,-2,-1,-2,4,-3,-2,-1,1
1514892984250217,0,-2,-2,-3,-3,-1,-2,2
1514892984250217,-1,1,-2,-1,-2,-1,-1,-2
1514892984257219,-1,0,-3,-3,-1,-1,-1,0
1514892984257219,0,-4,-1,-1,-1,-2,0,-1
1514892984273240,-3,-4,-1,-1,-1,-1,0,-2
1514892984273240,-2,0,0,-2,-2,-1,0,0
1514892984275243,-2,0,-2,0,-3,-2,-1,-1
1514892984275243,0,-1,1,-3,0,-1,-1,-2
1514892984303752,-1,-2,-1,0,0,0,0,-2
1514892984303752,-1,0,-2,-2,-2,-1,-1,-2
1514892984307264,1,2,-2,1,0,-1,-2,0
1514892984307264,0,-2,-1,-3,0,-1,0,-1
1514892984311267,-2,-4,-2,-2,-1,-1,-1,-2
1514892984311267,0,2,-1,-2,-2,-2,0,0
1514892984317261,-2,1,0,0,3,-1,-2,0
1514892984317261,-2,-2,-1,-2,-1,-2,0,-1
1514892984333282,-2,-2,-2,2,-1,0,0,-1
1514892984333282,-4,-1,-2,0,-3,-2,-2,-2
1514892984335275,-2,-1,-1,-1,-2,0,-2,-2
1514892984335275,-1,-1,-1,0,-2,-2,-3,-1
1514892984355790,0,-2,0,-3,0,-2,0,-3
1514892984355790,0,2,-1,1,0,0,0,-1
1514892984357790,0,0,-1,-2,-2,-1,-1,-1
1514892984357790,-1,-3,-1,-2,-3,-1,-1,-1
1514892984370299,-1,-2,-1,6,0,-1,-1,-1
1514892984370299,-2,1,-2,-12,-1,-1,-1,0
1514892984377306,-2,1,-2,-4,-4,-2,-1,-3
1514892984377306,-1,-1,-2,3,1,-1,-1,-2
1514892984392315,0,-2,-2,-5,-1,-1,0,0
1514892984392315,0,1,-2,3,0,-1,0,0
1514892984401320,-1,1,-1,-1,1,-1,-2,-1
1514892984401320,-2,-4,0,-6,-1,0,-1,-1
1514892984415330,-2,-3,0,-1,-2,-1,0,0
1514892984415330,2,1,0,4,1,-3,-2,-2
1514892984423337,1,0,-1,-3,-1,-2,-1,0
1514892984423337,0,-3,-2,0,-2,-1,0,0
1514892984430341,-2,-2,0,0,-1,-1,-1,1
1514892984430341,-1,0,-1,-1,-2,-2,-2,-1
1514892984436846,0,-1,-1,-2,-2,0,0,-2
1514892984436846,-1,-3,-1,0,-1,-1,-2,-2
1514892984453358,-1,-3,-2,-4,-3,-1,-2,1
1514892984453358,-1,1,-1,0,-1,-2,-1,-1
1514892984455862,0,1,0,3,0,1,0,0
1514892984455862,0,-2,-2,-4,-2,-1,0,-1
1514892984475874,-1,-1,-1,1,0,0,0,-2
1514892984475874,-2,-1,0,3,1,0,-1,-2
1514892984477375,1,-1,-2,-1,0,0,-1,-3
1514892984477375,0,-1,-2,1,0,-1,-1,-2
1514892984490389,-2,-3,1,-10,0,0,-2,-1
1514892984490389,-1,-2,-3,-4,-2,0,-1,0
1514892984496888,0,1,-1,0,-3,-2,-1,-1
1514892984496888,-2,-2,-2,-5,-1,-1,0,-1
1514892984513907,-1,-1,0,6,1,-2,-1,-2
1514892984513907,0,0,0,1,0,-3,0,-1
1514892984515405,0,-1,-1,-5,-1,-1,-2,-2
1514892984515405,-1,-2,-2,2,-2,-1,-1,-2
1514892984536416,-1,-2,0,0,-2,-1,0,-2
1514892984536416,-2,-1,0,-2,-1,-1,0,-2
1514892984537917,-1,0,-2,-1,-2,-1,-2,-1
1514892984537917,-2,-1,-1,1,0,0,0,0
1514892984550426,0,0,-2,-3,0,2,-1,1
1514892984550426,-1,-1,0,0,-1,0,0,-1
1514892984556931,-1,0,-2,-1,-1,-2,-1,-1
1514892984556931,-1,-2,0,-1,-2,-1,1,0
1514892984573442,-4,-3,-3,-1,-2,-1,-1,-1
1514892984573442,-2,2,-1,0,-4,-4,-2,-1
1514892984574944,0,-2,1,-1,-2,-1,0,0
1514892984574944,0,-4,-2,-1,-2,-1,-2,-1
1514892984595971,1,-2,-2,0,-2,-1,1,-1
1514892984595971,0,-2,-1,-2,-2,-1,-1,1
1514892984597471,-1,-1,-2,-2,-1,-3,0,-1
1514892984597471,-1,-1,-1,1,3,-2,1,-3
1514892984609982,-2,-2,-1,-1,-3,-2,0,-1
1514892984609982,-2,0,-3,-3,0,0,-1,-1
1514892984618475,-1,-2,-1,-2,0,-1,-1,-2
1514892984618475,-1,-1,-1,0,1,2,-1,0
1514892984633485,-1,-2,0,-1,0,0,0,-1
1514892984633485,-1,1,-1,-1,0,-2,-2,0
1514892984634987,-2,-1,-2,3,-2,-2,-2,0
1514892984634987,-3,-1,1,-3,-1,-3,0,-1
1514892984656001,-2,0,-1,0,0,-3,-2,-3
1514892984656001,0,0,-2,-3,-1,-1,-2,-2
1514892984657502,0,1,-1,-3,-1,-1,-1,-1
1514892984657502,-1,-3,-1,2,-1,-1,-1,-2
1514892984669510,-2,-1,-1,-1,-1,0,-2,0
1514892984669510,1,0,0,-4,-3,-1,-1,-4
1514892984678521,-1,0,0,5,2,2,-1,0
1514892984678521,-1,-2,-2,-1,-1,-2,-2,-1
1514892984693540,0,-1,-1,-1,-1,-1,-1,-1
1514892984693540,-3,1,-1,-1,-1,-1,-1,0
1514892984695040,0,0,-1,-3,-2,-2,0,-1
1514892984695040,-2,-2,2,13,-2,-2,0,0
1514892984716553,-2,-1,-1,-12,2,-1,0,1
1514892984716553,0,1,-1,-1,-1,-2,-2,0
1514892984720056,-3,-1,-1,-2,-1,-2,-2,-2
1514892984720056,-1,-2,-1,1,-2,-1,-1,0
1514892984729562,0,-1,-1,2,-2,-2,0,0
1514892984729562,0,0,0,0,-2,0,-2,-1
1514892984739064,-2,-2,0,-6,-3,1,-1,1
1514892984739064,0,-1,-2,-4,-1,-1,-2,0
1514892984753585,-3,-1,-1,3,0,-2,-1,-1
1514892984753585,-2,-1,-2,-3,0,-1,1,-3
1514892984755072,-1,-1,-1,-1,-1,-1,-1,-1
1514892984755072,-1,-2,-2,-6,0,-1,-1,-1
1514892984775084,1,0,-2,0,0,-1,1,0
1514892984775084,-1,0,-2,3,-3,-2,0,-1
1514892984783590,0,-1,-1,-4,-2,-2,-1,-3
1514892984783590,-2,-2,-1,-3,-2,0,0,-2
1514892984790096,-2,-1,-1,0,-1,-2,-2,-1
1514892984790096,-1,2,-1,1,0,-1,-2,0
1514892984798611,-1,-3,-2,-1,-1,-3,-2,0
1514892984798611,-2,-1,1,-3,-1,-2,-2,-1
1514892984813622,-2,0,-1,1,-2,-1,-1,-3
1514892984813622,0,0,-2,1,2,-2,-2,-3
1514892984815128,3,-1,-3,0,-1,-2,-2,1
1514892984815128,-1,-4,-1,-1,1,-2,0,-1
1514892984836131,0,0,0,-3,-3,1,-1,1
1514892984836131,-2,1,-1,-4,-2,0,-1,-1
1514892984837630,-2,-1,-2,1,-1,1,-2,-3
1514892984837630,-1,-2,0,-3,-2,-1,-2,-1
1514892984858645,0,-1,1,0,1,0,0,-1
1514892984858645,-1,-2,-1,-2,-2,-1,-1,1
1514892984860146,-2,-1,1,-2,0,0,-1,0
1514892984860146,-2,-2,-2,-1,-2,0,-2,-1
1514892984873655,-2,1,-2,9,0,0,-1,0
1514892984873655,0,1,-2,-15,0,-2,-1,-1
1514892984875156,-2,-4,-1,-2,-1,-1,0,-1
1514892984875156,-1,-2,-3,-1,-1,-2,0,-1
1514892984896183,1,0,-1,0,-1,-2,0,-1
1514892984896183,1,-1,0,4,-2,-2,-1,-1
1514892984897685,-1,0,-2,-3,-2,-3,0,0
1514892984897685,0,-2,0,-2,1,-2,-1,-2
1514892984910181,-2,-1,0,-1,-4,0,-1,-3
1514892984910181,-2,0,-1,3,0,0,0,1
1514892984918698,0,-1,-2,-1,1,0,-2,0
1514892984918698,-1,-2,1,-1,-2,0,-2,0
1514892984933697,0,-1,-2,-2,-3,-5,0,-1
1514892984933697,0,-2,-2,0,-3,-1,-2,0
1514892984935198,-3,-2,-1,-1,-2,-2,-1,0
1514892984935198,0,-2,0,-1,-1,-3,-1,0
1514892984956213,0,0,-1,-4,0,-2,-2,-1
1514892984956213,0,1,-1,-1,-1,-1,0,0
1514892984957724,-1,1,-1,-2,-1,-2,-1,-2
1514892984957724,-1,-1,-2,-2,-2,0,0,-2
1514892984970241,-1,-1,1,-4,-2,-1,0,-2
1514892984970241,-2,-1,0,1,0,-1,-2,-1
1514892984978744,-2,-3,-1,0,0,0,0,-2
1514892984978744,-2,-1,0,-1,0,-1,-2,-2
1514892984993249,-2,0,-3,-1,0,-1,1,0
1514892984993249,-1,1,-1,0,-1,1,-2,0
1514892984995250,0,-2,0,1,1,-2,-1,1
1514892984995250,-1,-2,-1,-1,0,-2,-1,1
1514892985015767,-3,-1,-1,0,1,-2,-3,-1
1514892985015767,-1,0,0,1,-3,-1,-1,-3
1514892985017769,-2,-1,-1,-4,-5,-1,-1,-1
1514892985017769,1,-2,0,6,3,0,-1,1
1514892985038271,0,1,-2,0,-1,0,-1,-1
1514892985038271,1,1,-2,-1,1,0,-1,-2
1514892985044775,-3,-2,0,-1,-2,-1,-3,-3
1514892985044775,-1,-3,-2,-3,-3,-2,0,-1
1514892985053293,-1,-1,-1,0,-1,-1,-1,-2
1514892985053293,-2,-3,-1,1,-1,-1,-2,-3
1514892985059787,-1,-1,-2,-8,0,-2,0,0
1514892985059787,0,-3,-2,-7,-1,0,-2,-2
1514892985075807,1,0,0,-1,-1,-1,-2,-2
1514892985075807,0,1,-1,-4,-2,-2,1,-1
1514892985077805,0,0,0,3,-3,1,1,-1
1514892985077805,-4,-3,-1,1,0,0,0,0
1514892985098323,0,0,-2,-3,-1,-2,0,0
1514892985098323,0,0,-1,1,-1,-1,-1,-1
1514892985099824,0,-1,-2,-1,-2,-3,-3,-1
1514892985099824,-2,1,1,1,-1,1,0,-2
1514892985113329,0,0,0,-2,-3,-2,0,0
1514892985113329,-2,0,0,0,0,-1,-1,-1
1514892985114835,-3,-2,-2,1,-1,0,-2,-1
1514892985114835,0,-2,-2,-5,-2,-2,-3,0
1514892985135896,-2,1,-2,3,3,-1,0,0
1514892985135896,-1,0,-2,-2,-1,0,0,0
1514892985137351,-2,-4,0,-3,-1,-1,-1,-1
1514892985137351,-1,-2,-1,-1,-3,0,-2,-2
1514892985158357,0,-2,0,0,0,2,-1,-2
1514892985158357,0,0,0,-1,-1,-2,-1,1
1514892985159857,-1,-2,-2,-1,0,-2,-1,-1
1514892985159857,0,-3,-2,1,0,-1,-1,-3
1514892985173377,-1,-2,-2,-3,-2,-1,-1,-1
1514892985173377,0,-1,-2,-3,-2,-1,-1,-2
1514892985174877,-1,-1,-1,0,-1,0,-1,-1
1514892985174877,-1,-3,-2,-1,-3,-3,1,0
1514892985195882,-1,-1,-1,-2,-1,-1,-1,-1
1514892985195882,-1,1,-2,12,-1,1,-2,-1
1514892985197383,0,-3,-4,-11,0,-2,-1,-1
1514892985197383,0,-1,-1,1,2,0,-2,-2
1514892985218399,-1,-1,0,-1,-1,-2,-2,-1
1514892985218399,-1,0,-3,-1,0,-1,0,-1
1514892985219909,0,-3,-2,2,-1,-1,0,1
1514892985219909,-1,-2,-4,0,-1,1,0,0
1514892985232909,0,0,-2,1,-2,-1,0,-1
1514892985232909,-2,0,-1,-6,-1,-1,-1,-1
1514892985239413,0,-2,0,2,-2,-1,-1,-2
1514892985239413,-2,-3,0,-4,-2,-2,-1,0
1514892985255930,-3,0,0,-1,-1,-1,0,-1
1514892985255930,-2,0,-2,-3,0,-1,-1,-3
1514892985257453,-1,-1,-1,0,-2,-1,0,0
1514892985257453,-2,-2,0,0,-2,-1,-1,-1
1514892985278441,-2,2,-1,-3,0,-1,-3,-3
1514892985278441,-1,2,-2,-4,-2,-4,-1,0
1514892985279942,-2,-3,-3,6,1,-1,-1,-3
1514892985279942,-1,-1,1,-2,-2,-3,-1,-2
1514892985292951,-1,-2,-3,1,-2,-2,-1,-2
1514892985292951,1,-1,-1,-4,-2,1,-1,-1
1514892985299455,0,-2,-1,-1,-1,-2,-1,0
1514892985299455,-3,-3,-3,-2,0,-2,0,-1
1514892985315977,-1,1,0,-1,-1,0,-1,-1
1514892985315977,-1,-1,-2,-2,-2,-1,-3,0
1514892985322473,0,-2,0,16,0,0,0,-1
1514892985322473,-1,-4,0,-13,-1,-1,0,-1
1514892985338484,-1,0,-1,0,-2,-2,-2,-2
1514892985338484,-1,2,0,-2,0,-3,-1,-1
1514892985340485,0,-2,-1,-1,0,0,-2,0
1514892985340485,0,-1,-2,4,1,-2,-2,0
1514892985352996,1,-1,1,1,-1,-1,0,-1
1514892985352996,-2,0,0,-1,0,0,-1,0
1514892985359510,-2,2,-1,-4,-2,-1,-2,-2
1514892985359510,1,-1,-1,0,-2,-1,-1,-1
1514892985376010,-2,0,-2,-4,-1,0,-1,1
1514892985376010,-3,0,-1,2,-1,0,-2,-1
1514892985377511,-2,-3,0,-5,-2,-2,0,0
1514892985377511,-1,-1,0,0,-1,1,-2,-2
1514892985398537,-1,0,0,1,0,0,-1,0
1514892985398537,-1,0,-2,-2,-1,-2,0,0
1514892985400039,1,-2,0,-5,-2,1,0,-2
1514892985400039,1,-2,-2,2,0,-1,-2,-2
1514892985413036,0,2,-1,-1,0,0,-1,-2
1514892985413036,-1,-2,-1,-3,0,-2,-2,-1
1514892985419540,-1,-3,-1,-6,-3,-2,-3,-1
1514892985419540,-3,-3,-1,3,-1,-2,-1,0
1514892985436052,-1,2,-2,0,-1,-2,-2,-1
1514892985436052,2,1,-4,-3,-2,-1,0,-1
1514892985438556,-1,-1,-1,-1,0,-1,-2,0
1514892985438556,0,-2,0,-2,-3,-1,-1,0
1514892985458572,0,0,0,6,2,0,0,0
1514892985458572,0,0,-1,-2,-3,-1,-1,-2
1514892985460069,-1,-3,0,-3,-1,-2,1,-2
1514892985460069,-2,-3,-1,-2,-3,0,-1,0
1514892985472578,-1,0,0,-3,-1,-2,-1,-1
1514892985472578,0,1,-2,-2,0,-1,-1,0
1514892985479583,0,-2,-2,-2,0,-2,-1,-1
1514892985479583,-2,-3,-1,1,-3,-1,0,-1
1514892985496095,-1,2,-2,-2,-4,0,-1,-2
1514892985496095,1,1,-2,0,0,1,0,-3
1514892985497596,-2,-4,-1,-2,0,-1,-1,0
1514892985497596,-3,-4,-1,-2,-1,0,0,-1
1514892985518620,-1,1,-2,-1,1,-2,-2,-1
1514892985518620,0,-1,1,2,2,0,0,1
1514892985520122,0,0,-1,5,-2,-3,-2,-2
1514892985520122,0,-4,-3,-9,-2,0,-2,1
1514892985532120,0,-1,1,-1,-3,0,0,0
1514892985532120,-1,1,0,-5,-2,-1,-1,-1
1514892985541127,-2,-3,0,2,-3,-1,0,-1
1514892985541127,-1,-2,0,3,1,-3,0,-2
1514892985556137,0,1,-2,-5,-3,-2,-1,-1
1514892985556137,-2,1,-2,2,-2,-3,-2,0
1514892985557638,0,-3,-1,-2,1,0,-3,-2
1514892985557638,0,-2,0,-2,-1,0,0,-2
1514892985578652,-1,-2,-2,0,-1,-1,-1,0
1514892985578652,-1,0,-1,-1,0,-1,0,-2
1514892985580166,-2,0,-2,-1,0,1,0,-1
1514892985580166,-1,-2,-1,-2,1,-1,-1,-2
1514892985601178,-2,1,-2,-1,0,-1,-1,-2
1514892985601178,-1,1,-1,-2,-2,-3,-1,1
1514892985604671,-1,-2,-2,-3,-1,-1,-1,0
1514892985604671,-1,-1,0,4,-2,-2,-2,-2
1514892985616180,0,-2,-1,-3,-2,-1,-1,-1
1514892985616180,0,0,-1,-2,-2,-1,-1,-2
1514892985617680,0,-4,0,-3,0,-1,-2,-1
1514892985617680,-2,-3,0,1,-1,-2,-1,-1
1514892985646701,-2,2,-1,-2,-1,-1,-1,-2
1514892985646701,-1,2,-2,-1,2,0,-2,0
1514892985648217,-2,-3,0,-1,-3,-2,-1,-1
1514892985648217,0,-5,-1,0,0,-1,-1,-2
1514892985652242,0,1,0,-6,-2,-2,-2,-1
1514892985652242,0,1,0,-1,-1,-2,-1,-1
1514892985661250,-3,-1,0,4,0,-1,-1,-1
1514892985661250,-3,-2,-4,-6,0,0,0,0
1514892985675761,-2,0,-1,0,-3,-1,0,0
1514892985675761,0,0,-2,-5,-1,0,0,-2
1514892985677762,0,-4,-2,-1,-1,-1,-1,0
1514892985677762,-2,-1,0,3,0,-1,-1,-2
1514892985698288,-1,1,-2,-2,-1,-2,-1,-2
1514892985698288,-1,-1,-2,3,-1,0,-1,-1
1514892985699778,-2,-2,-2,-2,0,-1,-1,-2
1514892985699778,-2,-2,1,-2,0,-1,1,-1
1514892985712286,-1,1,-2,0,-1,1,-2,-1
1514892985712286,-2,1,0,1,-1,-3,-2,-1
1514892985721302,1,-2,-2,-5,-3,0,-1,-1
1514892985721302,-1,-1,0,0,1,1,-2,0
1514892985735830,-2,-1,-1,3,0,-1,0,-1
1514892985735830,-2,3,-1,-2,-4,-1,-2,-1
1514892985738314,-1,-3,-1,-3,-1,1,0,-1
1514892985738314,-1,-4,-2,-2,-2,0,-1,-1
1514892985758347,-2,1,0,0,1,-2,0,0
1514892985758347,-2,0,-3,-6,-2,-2,-1,0
1514892985760319,-2,-3,-1,0,-4,-1,0,-2
1514892985760319,0,-3,-1,-1,0,1,-1,-1
1514892985772329,-1,1,0,2,-2,2,0,0
1514892985772329,-1,0,0,-2,0,-2,0,0
1514892985781335,-1,-1,-1,-3,0,-2,0,-2
1514892985781335,-1,-4,-3,-1,-3,-2,-1,-1
1514892985796346,1,0,-1,-3,-1,-3,-2,0
1514892985796346,-1,0,-1,-2,-1,-1,0,-1
1514892985798348,-1,-2,-3,0,-1,0,-3,-1
1514892985798348,1,-2,-1,0,0,-2,0,-1
1514892985818371,-1,3,-3,-3,-1,-2,-1,1
1514892985818371,0,0,-4,-3,-1,-1,-2,-1
1514892985819872,-1,-2,-1,-1,-1,0,-1,0
1514892985819872,-1,-3,0,1,-1,-2,-1,-2
1514892985831871,-1,0,-3,-4,-1,0,-1,1
1514892985831871,-1,0,0,-1,-3,-2,-2,-1
1514892985841893,-1,-3,0,-1,0,0,-2,-2
1514892985841893,-2,-2,0,-2,-2,-1,-2,0
1514892985863409,-1,-1,-1,0,-2,0,-1,-2
1514892985863409,-2,0,0,-1,-3,-3,-1,0
1514892985864911,-1,-1,0,-3,-2,0,-1,-2
1514892985864911,-1,-1,0,0,1,-1,0,2
1514892985878413,-2,0,-1,2,1,-2,-1,-1
1514892985878413,-1,0,-1,-3,-2,0,0,0
1514892985879915,-1,-4,0,-1,-1,-1,-1,-2
1514892985879915,0,-2,-2,-1,-1,-2,-1,0
1514892985891923,-1,1,1,-1,0,-2,-2,0
1514892985891923,0,0,-2,0,-1,0,-2,0
1514892985900929,-4,-2,-2,-5,-2,-2,-1,0
1514892985900929,-2,-2,0,0,-1,-1,0,-2
1514892985915942,0,-3,-2,-1,-1,-1,-2,-3
1514892985915942,1,1,-1,0,0,-2,-2,-2
1514892985917443,0,-1,-1,-1,0,0,-1,-2
1514892985917443,-1,-2,-1,-1,-2,0,0,-1
1514892985938449,-1,-1,0,-2,-1,0,0,-3
1514892985938449,-1,0,-2,-2,-2,0,-2,-1
1514892985939947,0,-1,0,-1,-1,-2,-1,1
1514892985939947,-2,-2,-1,0,1,0,-1,-1
1514892985951958,-1,1,2,-2,-1,-1,-1,-3
1514892985951958,-1,1,-3,-1,0,-1,0,-2
1514892985960962,-3,-2,-1,-1,-1,-2,-1,-1
1514892985960962,1,-1,-1,-1,-3,-2,-1,-2
1514892985975974,-1,-1,-1,-1,-3,-1,0,-1
1514892985975974,0,0,0,-1,-2,-1,1,-1
1514892985977474,0,-3,-2,-1,-1,-1,-1,-1
1514892985977474,-2,-3,1,-1,1,-1,0,-2
1514892985998489,0,0,-2,-4,-2,0,-1,-1
1514892985998489,1,0,-1,4,-1,0,-1,-1
1514892986000990,-1,-4,-2,1,0,-1,-1,-2
1514892986000990,-3,-2,-2,-2,-2,0,0,1
1514892986029011,-1,0,-1,0,-2,-2,-1,1
1514892986029011,-1,0,0,-2,-1,-2,-2,0
1514892986030011,0,1,1,0,2,-2,0,0
1514892986030011,-2,-1,-1,2,-1,0,-1,-1
1514892986036014,-1,0,-3,-3,0,-1,0,0
1514892986036014,-2,1,-1,-4,-2,-3,-2,-1
1514892986037516,-3,-4,0,2,-1,-1,-1,-1
1514892986037516,-1,-3,1,-1,-1,-2,-2,-3
1514892986059038,-1,0,-1,-1,-1,0,-1,-1
1514892986059038,-2,-2,-1,-1,-3,-1,0,-1
1514892986062534,0,0,-1,15,1,0,0,-1
1514892986062534,-1,-3,-1,-13,1,0,-1,-1
1514892986081060,0,0,-1,0,-2,1,-1,-1
1514892986081060,1,1,-2,-3,-2,0,-2,-2
1514892986082549,-1,-2,1,-3,-4,-1,-3,-1
1514892986082549,-2,-2,-1,4,-2,-2,-3,0
1514892986095060,-2,1,-2,-1,0,-3,-1,0
1514892986095060,-2,-3,0,1,-1,-1,-2,0
1514892986103562,-1,-2,-1,-3,-3,0,-2,-2
1514892986103562,-1,-2,-1,0,-2,-1,-2,-1
1514892986119074,-3,2,0,-5,-2,-3,1,-2
1514892986119074,-1,-2,-1,-1,0,0,0,-2
1514892986121576,0,-2,-1,-3,0,-2,-1,-2
1514892986121576,-1,-2,-1,0,-1,-3,-1,-1
1514892986141090,0,1,0,2,0,-1,-2,-1
1514892986141090,-1,0,-2,-3,-1,-2,-2,-2
1514892986142591,-2,-2,-1,-1,-1,0,1,-1
1514892986142591,-2,-1,-1,2,1,1,0,-2
1514892986156103,0,-1,-1,2,1,-3,0,0
1514892986156103,0,2,0,-1,-3,-3,-2,-1
1514892986162104,-1,-1,-2,-6,-2,-1,-2,0
1514892986162104,-1,-2,-1,1,0,1,0,-2
1514892986178616,-2,-1,-1,0,-1,0,-1,-1
1514892986178616,-1,-1,0,-2,-1,0,-1,0
1514892986180117,-1,-3,-1,-3,1,0,0,-2
1514892986180117,0,-2,-2,-2,0,-1,-1,0
1514892986201635,0,0,-1,-2,-1,-2,-1,-1
1514892986201635,1,-2,0,-3,-3,-1,-2,-2
1514892986203134,-1,-3,-1,1,1,0,-1,1
1514892986203134,-2,-1,-1,0,-2,1,-2,-1
1514892986215141,-3,-3,-2,-2,-4,-1,-2,0
1514892986215141,-3,-1,0,13,-2,-1,0,0
1514892986229652,-2,-1,-3,-14,-1,-1,1,-1
1514892986229652,-3,-3,-1,0,0,-2,0,-2
1514892986238658,-2,0,-2,-2,-3,-1,-1,-2
1514892986238658,-1,-1,-2,-3,-3,-2,-1,1
1514892986240159,-1,-1,-1,2,1,-2,-2,-2
1514892986240159,-1,1,-1,6,1,0,0,0
1514892986261176,-2,1,-1,-2,-2,1,-1,-1
1514892986261176,1,-2,-1,-4,1,-2,-1,0
1514892986262679,-1,-2,0,-1,-3,-1,0,0
1514892986262679,0,0,0,-6,-3,-1,-1,-1
1514892986275184,-1,0,-1,1,-2,1,-1,-1
1514892986275184,0,-2,-2,-3,0,0,-2,-2
1514892986282190,-1,-4,-3,-2,-1,-2,0,0
1514892986282190,-1,0,0,0,0,-2,0,0
1514892986298702,-2,-1,0,-2,-1,-1,0,1
1514892986298702,-1,1,-1,-4,-2,-2,0,-2
1514892986300202,1,-3,1,0,-3,-2,-1,-1
1514892986300202,0,0,-1,-2,-2,-3,0,-2
1514892986321217,-2,0,-1,-1,-2,-1,-2,-1
1514892986321217,-2,-2,-4,-3,1,1,-3,-1
1514892986322718,-3,-3,0,-1,-4,-1,-2,-1
1514892986322718,-1,-1,-1,-1,0,1,0,0
1514892986335226,0,0,-2,1,1,-1,-1,0
1514892986335226,-1,-1,0,-1,-1,0,-1,0
1514892986342233,-2,-1,0,8,-2,-1,0,-2
1514892986342233,-1,-1,-1,-15,-3,-1,0,-1
1514892986359246,1,-1,-2,3,3,-2,-1,-2
1514892986359246,-1,-1,-1,1,0,1,-2,-2
1514892986360745,-1,0,-2,-4,0,-1,-1,-1
1514892986360745,-2,0,0,2,-4,1,-2,0
1514892986381261,-1,-1,-3,-3,-3,-1,-1,0
1514892986381261,-1,-2,-2,-4,-1,-1,0,0
1514892986382759,-1,-3,-1,3,-1,1,-2,-2
1514892986382759,-2,-2,-1,1,-1,-1,-2,-1
1514892986394770,-1,-1,0,-3,-1,0,-3,-1
1514892986394770,-4,-2,-2,-2,-2,-1,-1,-1
1514892986403775,-1,-2,0,-3,-1,-1,-2,-2
1514892986403775,0,1,-2,3,0,0,-1,-2
1514892986418786,0,0,-1,-1,-2,1,-1,-2
1514892986418786,0,0,0,-2,-1,0,0,-2
1514892986420287,-1,-1,-1,-2,-1,0,0,1
1514892986420287,1,-1,-2,2,1,-1,0,-1
1514892986442304,-1,-1,0,-1,-2,-1,0,-1
1514892986442304,-2,-1,-1,0,-2,-1,0,-2
1514892986444804,-1,-1,-3,-4,-1,-1,1,-2
1514892986444804,0,-1,-1,-1,-1,-2,-1,0
1514892986455313,-2,0,-1,-3,-1,-1,-1,-2
1514892986455313,-1,-1,0,0,0,0,-2,-1
1514892986462316,-1,-3,-2,0,0,0,-2,-3
1514892986462316,-1,-1,0,1,0,-2,-2,-3
1514892986478828,0,1,-1,-4,-1,-2,0,-1
1514892986478828,-1,-1,-1,-5,-2,-3,-2,-1
1514892986481330,-1,-2,1,4,-2,-1,1,-1
1514892986481330,-3,-3,-4,-5,-1,0,0,-3
1514892986501343,0,1,-2,0,-3,-1,-1,-1
1514892986501343,0,0,-2,-2,0,-1,-1,-1
1514892986502845,0,0,-2,2,-2,0,-2,0
1514892986502845,0,0,0,0,0,-2,0,-1
1514892986514353,0,0,0,-2,0,-1,0,-1
1514892986514353,-1,-3,-1,1,-1,-2,-1,-1
1514892986523364,0,-1,-1,-3,-1,0,-2,-2
1514892986523364,-1,0,-1,-4,-2,0,-2,0
1514892986538370,-1,-2,-3,2,2,2,-1,0
1514892986538370,-1,-1,0,-1,-2,0,-1,-1
1514892986539871,-3,-3,-1,-2,-1,-2,0,0
1514892986539871,-2,0,0,-2,-2,-1,-2,-1
1514892986560898,-2,0,-1,-2,-2,-1,-1,-3
1514892986560898,-2,-1,0,-1,-1,-1,-1,-1
1514892986562386,-1,-3,-1,-2,-1,-1,0,-2
1514892986562386,0,1,0,0,0,0,-1,0
1514892986574396,0,2,0,0,-2,-3,-3,0
1514892986574396,-2,-3,-1,0,-3,0,-2,1
1514892986583411,-2,-4,-2,-5,-2,-1,0,-1
1514892986583411,-1,-1,-2,-1,-3,-1,-1,-2
1514892986598424,1,0,-1,4,2,-1,0,0
1514892986598424,-1,-1,-1,-2,-2,-2,1,-2
1514892986599913,-1,-1,-2,0,-1,-1,-1,-1
1514892986599913,0,1,0,0,0,-2,0,-1
1514892986620940,-1,0,-1,-4,-3,-2,1,0
1514892986620940,-1,-1,-1,0,1,-2,-2,-3
1514892986622431,-2,-3,0,-2,-2,0,0,-2
1514892986622431,-2,1,-1,2,0,0,-1,-1
1514892986634438,-1,2,-1,-2,-2,1,-1,-3
1514892986634438,-1,-2,-1,2,2,-1,-1,-1
1514892986643944,-1,-2,0,-2,-1,-2,-1,-1
1514892986643944,-1,-1,-2,-1,0,-1,-2,-1
1514892986658455,-1,-1,-2,-2,-3,-2,-1,-1
1514892986658455,-1,-1,1,6,-3,-1,0,-1
1514892986659956,1,-1,-2,-14,1,-1,-1,0
1514892986659956,0,-2,-1,-2,-2,-1,-2,1
1514892986680983,-2,-1,-2,-1,-1,-1,1,-1
1514892986680983,-2,-3,-3,-4,-4,-1,-2,-1
1514892986682488,-2,-1,0,4,-2,-2,1,-1
1514892986682488,-1,0,1,2,-1,-2,0,-1
1514892986694490,0,0,-2,-5,-1,-3,0,-1
1514892986694490,-1,-2,-1,0,1,-1,-1,-2
1514892986703496,0,-1,-2,0,0,-3,-1,0
1514892986703496,-2,1,-1,-2,1,0,-2,-1
1514892986718012,-2,-1,-2,0,-2,0,-1,-1
1514892986718012,-1,-2,-1,-4,-2,-1,0,-1
1514892986732017,-2,-2,-3,0,-1,0,-1,-1
1514892986732017,-1,-1,1,-1,-2,0,-1,-2
1514892986741023,-2,1,-3,1,0,-2,-1,-1
1514892986741023,-1,-2,-2,-4,-2,-1,0,-1
1514892986742524,0,-4,-2,-1,-1,-1,-1,0
1514892986742524,-1,0,-1,-1,-3,-2,-1,-1
1514892986755032,0,1,0,1,-1,0,-1,0
1514892986755032,0,-5,-2,-4,-1,-1,-1,0
1514892986763539,1,-2,2,2,-2,0,-1,-3
1514892986763539,-1,0,-1,-1,-2,2,-2,1
1514892986778539,-1,-2,-1,-2,-2,-1,-2,1
1514892986778539,-1,-3,-2,-2,-1,-2,-1,0
1514892986780041,-3,-3,-3,-1,-1,-2,-2,0
1514892986780041,-1,0,-4,-1,0,-4,-1,-1
1514892986801069,0,1,-2,-3,0,0,-3,-1
1514892986801069,-2,-2,0,-1,-1,0,-1,-1
1514892986802569,-1,-2,-1,-2,-2,-2,-1,-1
1514892986802569,-1,0,-1,0,1,-1,0,1
1514892986815580,-1,0,-1,0,0,0,-3,-1
1514892986815580,-2,-1,-2,0,-1,-1,0,-1
1514892986831578,-1,-3,-1,2,0,0,-3,-1
1514892986831578,-1,0,0,-12,-2,0,0,-2
1514892986837591,-1,-2,-1,-5,-3,-1,-1,-3
1514892986837591,-1,-1,0,1,1,-1,0,1
1514892986838581,-2,-3,1,-3,-1,-3,0,-1
1514892986838581,1,0,-2,6,-2,-1,-2,-3
1514892986860097,0,0,-2,-3,0,0,0,0
1514892986860097,0,-1,0,-6,-2,-1,-1,-2
1514892986861098,-2,-3,0,4,2,0,-1,-1
1514892986861098,0,0,-1,0,-4,0,-3,1
1514892986883113,-1,0,-1,-1,0,-2,1,-1
1514892986883113,-2,-3,-3,-1,-1,-1,-1,-2
1514892986890119,-2,-3,-2,-2,-1,0,-1,0
1514892986890119,-2,0,-1,0,-2,-1,-3,0
1514892986897633,1,1,1,0,-2,1,-1,-1
1514892986897633,-1,-2,-1,1,1,0,0,0
1514892986898624,0,-2,-2,-3,-1,-1,-1,-1
1514892986898624,0,0,0,-3,0,-2,1,-2
1514892986920640,0,3,-1,1,0,-2,-1,-3
1514892986920640,-2,-2,-2,-2,-2,-3,-2,-2
1514892986921640,0,-2,-1,2,-1,-2,-1,-3
1514892986921640,-1,0,0,4,0,-1,-2,-1
1514892986942665,1,-1,-3,-8,-2,-1,-3,-1
1514892986942665,0,-3,-1,0,-2,1,-2,0
1514892986943666,-1,-2,-1,-5,-1,0,0,-1
1514892986943666,0,-1,-1,2,-2,-1,-1,-1
1514892986957702,-3,1,-1,0,-1,0,-1,0
1514892986957702,-1,-2,-1,-2,-1,-1,-1,-1
1514892986958202,-2,-1,-1,-1,0,-1,0,0
1514892986958202,-1,-1,0,-3,-2,-2,-3,0
1514892986980218,-1,0,-1,-3,-3,-1,-1,0
1514892986980218,1,-2,-2,1,3,1,-3,-2
1514892986980718,-1,-2,0,-1,-2,-1,0,-1
1514892986980718,0,0,-1,0,2,-1,1,-3
1514892987003246,-3,-1,-2,-1,-1,-2,-1,-2
1514892987003246,-2,-1,0,0,-2,-1,-1,0
1514892987003734,-3,-2,-2,-1,-2,-2,-2,-2
1514892987003734,-1,1,-4,-5,-3,0,1,-3
1514892987017759,1,-1,-1,2,1,-1,-2,-1
1514892987017759,0,-1,0,0,-1,0,-1,-2
1514892987018755,2,-2,0,2,-1,-1,-1,0
1514892987018755,-1,0,-2,1,-2,-2,0,0
1514892987040273,0,0,-2,1,0,-1,-1,0
1514892987040273,-1,-5,0,-1,-2,-1,0,-3
1514892987040761,-1,-2,1,-3,0,-2,-1,-3
1514892987040761,0,1,-4,-6,-2,-2,-3,-3
1514892987062785,0,1,0,3,-1,-1,-1,1
1514892987062785,0,-1,-2,-4,1,0,-1,1
1514892987063276,-1,-4,-1,3,-2,0,-1,-1
1514892987063276,-2,1,1,2,1,0,-1,-2
1514892987077796,0,2,0,-4,-1,-3,-2,-1
1514892987077796,0,0,-1,1,-3,-1,-2,1
1514892987078802,-3,-3,0,1,1,0,-2,-1
1514892987078802,-1,1,0,-2,-2,-2,-1,0
1514892987100312,0,0,0,-1,-1,-1,-1,-1
1514892987100312,-2,-3,-1,-1,-2,-3,0,0
1514892987100803,-1,-4,-2,-2,-1,-1,0,0
1514892987100803,-3,1,-2,-1,0,-2,-2,-1
1514892987122818,-2,0,-2,1,-1,-1,-2,-2
1514892987122818,0,-2,0,-1,-1,-1,-2,-1
1514892987123318,-1,-2,0,-3,-3,1,-1,-1
1514892987123318,0,1,-1,1,-1,0,1,-2
1514892987137835,-1,2,1,-1,0,-3,1,-1
1514892987137835,0,-3,-2,-3,0,-2,-2,-4
1514892987138830,-2,-4,-1,-3,-1,0,-2,-2
1514892987138830,2,0,1,1,-1,0,0,-1
1514892987160345,0,2,-4,-3,0,1,-3,-1
1514892987160345,-2,-4,-1,-3,0,-1,0,-2
1514892987160846,-1,-1,-1,2,0,-1,-2,-1
1514892987160846,-1,-2,-2,-2,0,-3,-2,-1
1514892987182860,-1,0,0,-3,-2,-2,0,-2
1514892987182860,-3,-3,1,1,1,1,1,0
1514892987183368,-1,-4,-1,-2,-1,-3,0,-3
1514892987183368,1,0,-1,3,0,1,-1,-1
1514892987197871,-1,0,1,-11,-2,-1,-2,-1
1514892987197871,0,-3,-1,2,0,-1,-1,-2
1514892987198371,-2,-1,-2,-3,-2,-1,0,-1
1514892987198371,-1,0,-1,-4,-2,-2,0,0
1514892987219887,-2,0,-2,3,-2,0,-2,-1
1514892987219887,-1,-3,-1,-2,-2,-2,-1,-1
1514892987220888,-1,-1,0,-2,1,0,-3,-2
1514892987220888,-1,0,-2,2,-1,-1,-2,-2
1514892987242903,0,1,0,1,-3,2,0,-1
1514892987242903,-2,0,-2,-2,0,0,-1,0
1514892987244404,-1,-2,1,2,-1,-2,0,0
1514892987244404,-1,1,1,-5,-3,-2,-1,-1
1514892987257914,-1,0,-1,0,-1,-3,-2,-1
1514892987257914,-1,-3,-1,0,-3,-1,-3,-1
1514892987258414,-1,-2,-1,-1,-1,0,1,0
1514892987258414,-2,1,-1,-2,0,0,1,-2
1514892987280429,0,2,-1,-2,-1,-2,-1,-2
1514892987280429,-1,-2,0,1,-3,-2,-2,0
1514892987280932,1,-2,-1,1,1,-1,0,-1
1514892987280932,-2,1,-2,-2,-1,-3,-2,-2
1514892987302455,0,-2,-1,-1,-2,-2,-3,-1
1514892987302455,-2,-3,-2,2,2,0,-1,-1
1514892987310967,-1,-3,-1,-2,-3,-1,-1,1
1514892987310967,-1,1,0,-2,-1,0,0,-1
1514892987317466,-1,2,-1,1,0,-1,0,-2
1514892987317466,-1,-2,0,-2,-2,-1,-1,0
1514892987318466,0,-3,0,14,-1,-2,-1,-1
1514892987318466,1,1,-1,-16,0,-1,-1,-1
1514892987340473,0,0,-1,-2,-2,-2,-2,-2
1514892987340473,1,-3,-1,-1,0,-2,1,-2
1514892987340973,-2,-2,-2,-3,-2,-1,1,0
1514892987340973,-2,1,1,3,-2,-2,-2,-2
1514892987362497,-1,-1,-5,2,1,-1,1,-2
1514892987362497,-1,-3,-3,-4,-2,1,-2,-2
1514892987363499,-3,-3,2,-1,-2,-1,0,-3
1514892987363499,1,-1,0,-2,-1,-2,-2,1
1514892987377508,-1,0,-4,-4,-3,-1,-1,0
1514892987377508,-2,-2,2,0,-3,-3,0,-1
1514892987378500,-3,-1,-8,-7,-3,-4,-2,-2
1514892987378500,-3,-3,-5,0,0,1,0,-1
1514892987400524,0,1,13,2,0,-1,-1,-2
1514892987400524,-1,-2,-22,-5,-3,-2,-1,-1
1514892987407520,-1,-3,5,-1,2,1,1,-1
1514892987407520,-1,1,10,2,-3,-3,-3,-3
1514892987422544,-1,-1,-26,-7,-1,-3,-2,1
1514892987422544,-3,-5,18,16,0,1,1,-2
1514892987423533,-2,-2,-10,-15,2,-1,-2,0
1514892987423533,0,1,2,-3,-3,-2,0,-2
1514892987437544,-1,0,6,2,-1,-1,-2,-2
1514892987437544,-2,-3,-2,-2,0,-1,-1,0
1514892987438552,-1,-1,-4,3,2,-1,0,-1
1514892987438552,-2,0,2,4,-1,0,-1,0
1514892987460057,-1,-3,-3,-4,-1,0,-2,0
1514892987460057,-2,-4,-3,-2,1,1,-2,0
1514892987461058,-3,-4,-1,-6,-4,1,-2,0
1514892987461058,3,5,-3,3,4,0,0,1
1514892987483085,0,-4,-3,-1,-3,-3,0,-1
1514892987483085,-1,-2,-6,-1,0,-1,-1,-2
1514892987484086,0,-1,22,6,1,-2,0,0
1514892987484086,0,2,-19,-1,-2,-3,-1,-1
1514892987497096,-2,-3,-7,-6,-1,-2,-1,-3
1514892987497096,1,-2,-7,-13,-5,-1,0,1
1514892987512594,-3,-3,13,7,0,0,-2,-3
1514892987512594,-1,1,6,0,-1,0,-1,1
1514892987520099,0,4,6,6,-3,-1,-1,-2
1514892987520099,-1,-2,-9,0,-1,0,0,0
1514892987521100,-2,-7,-14,-9,0,0,-1,-1
1514892987521100,1,0,12,3,-3,-3,-1,-1
1514892987542625,-2,4,-1,-1,-3,-1,-2,0
1514892987542625,-1,-1,15,1,-6,-6,-11,-1
1514892987543626,1,0,-15,1,2,0,10,1
1514892987543626,-1,-2,-3,-3,-3,-1,-2,-2
1514892987557125,0,2,7,-14,0,-2,-5,-2
1514892987557125,-3,-5,-4,7,2,6,14,-2
1514892987565140,-2,-4,-6,-20,-5,-6,-14,-4
1514892987565140,-3,-3,-2,-1,-1,5,19,-1
1514892987588649,0,2,0,-3,-2,2,5,0
1514892987588649,0,-1,-1,6,0,-4,-1,-2
1514892987590168,1,-1,14,-1,2,-2,-4,-1
1514892987590168,-4,-2,4,5,-4,-4,-7,-3
1514892987602661,1,1,-11,14,-5,-1,-3,0
1514892987602661,1,-1,10,-7,14,2,-2,0
1514892987604159,1,0,12,2,-7,-2,1,0
1514892987604159,0,4,11,4,0,-1,-5,-1
1514892987617168,1,3,16,5,-3,-4,-2,-1
1514892987617168,-1,-3,-24,-17,-8,-3,-5,-4
1514892987625184,-2,0,4,-7,-2,-1,-6,-2
1514892987625184,0,0,4,5,0,0,-2,3
1514892987640184,-2,-2,-26,-2,0,-4,-7,-1
1514892987640184,-3,-1,18,1,-8,-8,-26,0
1514892987641185,3,5,-11,0,0,-1,2,-1
1514892987641185,-4,-4,-3,5,-1,8,20,2
1514892987662700,-2,-4,9,-5,4,1,6,1
1514892987662700,0,-4,-8,-4,-4,-1,7,0
1514892987663200,-2,-4,-21,-12,-4,-4,-5,0
1514892987663200,0,-1,18,-1,1,-6,-17,-3
1514892987677211,1,6,-13,10,4,2,13,0
1514892987677211,-4,-5,1,-11,-2,0,1,-1
1514892987685217,-2,-4,-2,11,0,1,-1,1
1514892987685217,0,3,-19,-2,-3,-4,-2,-1
1514892987700236,-4,-1,16,-29,-8,-3,-15,-3
1514892987700236,-2,-3,5,27,5,2,13,1
1514892987700726,3,4,14,18,10,6,5,0
1514892987700726,1,-2,-36,-4,-2,1,-4,-1
1514892987722743,-1,-2,27,0,-2,-1,-2,0
1514892987722743,0,-4,-84,-33,-4,-2,0,-2
1514892987723744,-2,-1,26,20,-4,-2,-2,-2
1514892987723744,0,-5,-13,-16,3,0,0,-1
1514892987737267,0,3,24,7,-2,-5,-28,-8
1514892987737267,1,2,10,15,0,8,31,1
1514892987745768,-1,-4,9,-9,-3,-6,-5,-2
1514892987745768,1,2,-18,-4,-8,0,-11,-1
1514892987760280,0,1,-12,-23,1,5,19,2
1514892987760280,0,-1,5,2,5,1,-7,0
1514892987760769,-5,-5,-7,6,-4,-1,0,-4
1514892987760769,-2,2,16,-7,-7,-3,-1,-3
1514892987782794,0,-3,-3,15,6,1,-4,-1
1514892987782794,1,3,-9,-9,-5,-4,-9,-3
1514892987783285,-2,-6,-17,-7,-2,0,6,0
1514892987783285,-2,0,-4,8,5,0,-6,-2
1514892987797310,-2,-7,12,9,9,1,1,0
1514892987797310,-3,-3,-6,19,-9,-4,-6,-3
1514892987805300,0,0,-4,-40,0,-1,-2,0
1514892987805300,-1,-5,-19,-29,-9,-1,1,0
1514892987821322,-1,-1,25,11,-2,-4,0,-3
1514892987821322,-2,-1,-5,-24,0,-4,-18,-3
1514892987822324,-1,2,-8,13,-4,0,1,-2
1514892987822324,0,3,11,24,2,2,17,4
1514892987842827,-2,-2,-11,-24,4,2,14,1
1514892987842827,-1,2,29,0,-12,-5,-19,-4
1514892987843327,0,-1,6,7,-2,-3,-6,-2
1514892987843327,0,-3,-11,8,17,4,-2,0
1514892987866344,-2,-5,-28,-3,-7,-2,-3,-2
1514892987866344,0,1,19,15,-9,-5,4,1
1514892987867845,0,3,19,-27,7,2,0,1
1514892987867845,3,2,-13,-3,-6,-5,-7,1
1514892987879853,-1,-2,-14,-4,-12,-1,4,2
1514892987879853,-3,-5,4,-7,9,1,0,-3
1514892987880856,-1,0,-7,17,-10,-4,0,-2
1514892987880856,-2,-6,39,-4,-9,-6,-10,-3
1514892987902869,-2,-4,-11,7,2,1,3,-1
1514892987902869,-2,-4,5,10,13,6,5,-1
1514892987903370,-2,0,-23,8,13,-1,-6,0
1514892987903370,-2,8,38,-12,-7,-2,-1,-1
1514892987925886,0,-1,-9,7,-5,-3,2,0
1514892987925886,-1,-4,-8,-36,-10,-2,1,-1
1514892987926386,2,1,-10,22,16,7,3,-1
1514892987926386,-5,-5,3,-4,3,-1,-7,-3
1514892987940411,1,4,11,0,-12,-5,-11,-2
1514892987940411,-4,-2,24,-9,-1,-1,5,-1
1514892987940898,2,2,20,-4,-19,-5,0,1
1514892987940898,0,-5,-54,19,20,3,2,-1
1514892987962923,-1,1,24,20,-7,-1,-4,-4
1514892987962923,6,6,-36,-2,18,2,1,6
1514892987963913,-3,-4,14,0,-7,-3,-8,-5
1514892987963913,-2,9,8,17,-2,-2,2,-5
1514892987985938,-1,-3,-2,-18,-13,-4,-4,-3
1514892987985938,-2,-4,42,-13,16,2,-4,-2
1514892987986428,-7,-10,-55,-33,-10,3,3,-2
1514892987986428,0,7,9,0,-4,-2,-1,-2
1514892987999948,-2,-3,-39,-10,2,-11,-14,-3
1514892987999948,1,-1,27,31,-10,-4,-5,-2
1514892988000948,-10,-11,-17,45,-11,-9,-3,-6
1514892988000948,-1,0,5,-40,13,-1,-9,0
1514892988023455,-1,-7,-16,-15,-9,-1,-11,1
1514892988023455,0,2,-21,1,11,0,14,0
1514892988023956,-3,-3,17,-7,-6,3,9,-1
1514892988023956,1,-4,-45,-20,-4,-1,-2,-3
1514892988045977,-2,6,64,60,-14,-3,-4,-3
1514892988045977,-1,-6,-2,-15,6,4,4,0
1514892988047482,1,4,-35,-13,16,-2,-5,0
1514892988047482,0,-4,-29,-16,-12,-3,5,0
1514892988059981,-1,-7,27,12,18,6,9,5
1514892988059981,3,9,33,21,-28,-6,-13,-1
1514892988060982,2,-2,-41,30,21,8,2,0
1514892988060982,3,16,36,-63,-28,-4,0,-2
1514892988083010,2,0,-53,-35,10,-3,-1,-2
1514892988083010,-11,-16,16,27,8,3,1,-7
1514892988084010,5,12,44,35,3,-5,-3,8
1514892988084010,0,-4,-3,33,-7,-5,-13,1
1514892988113528,-6,1,18,-43,-2,1,1,-7
1514892988113528,-1,-8,-51,-17,-36,-13,-6,-4
1514892988114034,1,-3,20,14,34,10,3,1
1514892988114034,2,-2,-41,10,6,2,8,4
1514892988121024,-6,3,74,13,3,-1,-2,-4
1514892988121024,1,-1,-10,11,-1,1,-3,0
1514892988123035,0,4,18,-37,-26,-7,6,3
1514892988123035,5,13,48,-22,-9,-3,1,5
1514892988143049,0,-8,4,24,25,11,10,-2
1514892988143049,3,-6,-5,-11,3,6,9,4
1514892988144041,0,0,-36,-5,-2,0,0,-3
1514892988144041,3,3,88,23,0,-4,-4,3
1514892988166065,-1,2,-17,-24,-23,-7,-10,-1
1514892988166065,-1,-8,-15,-4,4,-4,-3,0
1514892988166556,-2,5,-8,-42,-12,2,0,-6
1514892988166556,-5,-13,-61,19,18,4,0,2
1514892988180576,4,5,-30,-10,-18,-3,4,-8
1514892988180576,-13,-13,-14,-23,1,0,-5,2
1514892988181576,-1,-10,23,35,6,1,6,8
1514892988181576,0,5,6,-61,-29,-2,6,-1
1514892988204092,-5,-6,-33,59,25,8,8,1
1514892988204092,6,10,25,-9,1,-3,1,6
1514892988205083,2,6,45,-16,-8,-1,-2,0
1514892988205083,-9,-18,-26,7,-2,0,-7,-11
1514892988225608,2,7,-12,21,-6,3,9,2
1514892988225608,3,14,62,7,0,-6,-7,-1
1514892988226608,-2,-1,-59,-17,-3,-7,-8,-2
1514892988226608,2,4,-26,6,14,4,7,-3
1514892988240108,0,-4,-29,-36,-3,-1,-4,1
1514892988240108,-3,1,33,52,-15,-6,5,3
1514892988241108,5,3,-1,-51,-10,-7,-6,2
1514892988241108,-6,-3,-3,57,5,2,0,-6
1514892988271139,6,4,-19,-49,2,-3,-6,2
1514892988271139,-6,-6,-15,35,-10,-1,-6,-12
1514892988271645,-6,3,31,-7,-15,2,6,-6
1514892988271645,4,-5,-58,11,11,-1,-2,10
1514892988285650,-1,-11,4,-26,1,5,1,-3
1514892988285650,2,-4,-44,-24,2,-1,-6,1
1514892988286642,1,7,9,9,-6,-3,-3,-1
1514892988286642,-8,1,26,15,-1,-8,2,0
1514892988300150,-6,-9,45,-2,-9,-4,1,3
1514892988300150,0,5,-17,-9,11,7,9,-8
1514892988302166,-5,-6,56,10,-9,-6,-12,-2
1514892988302166,-4,1,4,11,1,5,4,-5
1514892988323167,5,-4,-19,51,14,-4,-4,4
1514892988323167,-1,0,-2,-60,1,2,-3,-3
1514892988324168,-2,4,-11,-49,-22,-5,-5,-9
1514892988324168,-7,5,60,58,-12,-3,-12,-12
1514892988345683,-3,-11,-55,2,45,6,8,3
1514892988345683,-5,-19,-50,3,1,-1,-8,-2
1514892988346684,5,9,-31,7,19,3,10,8
1514892988346684,-2,-8,21,2,-27,-13,-9,-3
1514892988360193,0,15,75,-35,-19,-4,-5,-8
1514892988360193,-7,-7,0,-21,-6,-6,-5,-4
1514892988360694,7,4,-43,14,-6,1,4,7
1514892988360694,1,6,-30,-20,9,3,6,-2
1514892988383209,-3,-2,1,18,0,1,-3,-4
1514892988383209,2,-2,44,-15,1,1,3,1
1514892988384710,-2,5,34,48,3,2,-2,-4
1514892988384710,4,0,-43,-58,4,3,-6,-2
1514892988406225,-3,-14,-35,1,-24,-3,4,3
1514892988406225,-1,3,26,2,14,0,6,-1
1514892988408227,-6,-9,-3,5,-7,-9,-19,-6
1514892988408227,1,3,-17,-4,12,5,9,6
1514892988420235,-2,-1,14,1,-11,-6,-11,-3
1514892988420235,-3,4,4,40,-15,-6,-4,-5
1514892988420736,-4,-11,-23,0,17,6,5,-4
1514892988420736,3,5,4,-21,-12,-7,-3,2
1514892988442751,1,7,52,2,-1,3,4,-1
1514892988442751,-1,-2,17,27,18,-4,-8,0
1514892988443251,-4,-10,-28,-1,5,3,11,1
1514892988443251,5,0,-33,-27,0,-4,-13,1
1514892988465767,-9,-2,-9,-19,-24,-7,0,-2
1514892988465767,4,9,48,6,-4,10,9,1
1514892988466780,7,4,-14,55,40,5,-1,7
1514892988466780,-1,-5,59,-3,-5,0,3,-2
1514892988479777,-3,4,38,-9,6,3,-2,-8
1514892988479777,6,-12,-43,-29,-26,-17,-14,7
1514892988487793,-8,0,-2,-28,-9,-2,-4,-6
1514892988487793,1,13,14,22,8,8,15,0
1514892988502793,2,-11,-42,-12,-7,-3,-9,0
1514892988502793,1,3,-53,-26,-9,-1,-7,-2
1514892988503294,-4,-6,24,24,14,3,1,2
1514892988503294,1,-1,14,28,10,-5,-2,0
1514892988525811,-3,-11,-55,-12,-14,-9,0,1
1514892988525811,1,2,-15,-8,12,6,4,5
1514892988526811,-4,-9,12,-30,-17,-11,-11,-6
1514892988526811,-5,3,-47,1,-13,8,4,-9
1514892988548326,2,13,48,-56,18,-3,3,-5
1514892988548326,-1,-15,-94,23,-2,-5,0,6
1514892988549342,-5,-4,-17,27,-8,3,0,-2
1514892988549342,-8,0,44,-72,4,6,11,-9
1514892988562858,2,11,21,22,-21,-12,-29,-4
1514892988562858,1,-9,26,15,-13,-14,-2,0
1514892988563359,5,10,16,-33,38,13,3,-1
1514892988563359,-2,-14,-47,15,-20,-16,-10,7
1514892988585875,-4,-10,15,16,1,1,3,-3
1514892988585875,-6,-1,5,28,22,6,3,-5
1514892988586875,7,3,0,16,-16,-3,-2,1
1514892988586875,-8,-6,51,-1,-29,-10,-4,-8
1514892988599384,-3,-15,-14,0,42,14,5,0
1514892988599384,1,2,26,-24,-6,-3,4,4
1514892988607890,4,6,1,-19,-23,-10,2,2
1514892988607890,-2,-4,85,19,16,-4,-17,2
1514892988623401,1,3,-74,-16,-14,2,5,2
1514892988623401,-5,-5,45,14,-23,-1,-2,-12
1514892988624402,7,1,-49,-29,22,-1,2,3
1514892988624402,3,-3,-1,-1,5,0,4,9
1514892988645917,-3,-7,3,41,1,2,-2,-3
1514892988645917,5,3,-21,-43,19,4,1,1
1514892988646918,-9,-5,34,12,-31,-8,-7,-6
1514892988646918,-3,2,-40,-15,-13,-5,1,-7
1514892988668433,-7,-11,-20,23,46,11,2,-3
1514892988668433,2,4,-8,-14,-16,3,4,4
1514892988668934,-2,-6,-22,-24,-6,-11,-18,3
1514892988668934,-6,-5,-53,48,17,3,-5,-11
1514892988683444,8,2,11,-35,-24,-5,16,21
1514892988683444,-1,-1,-12,2,-4,2,2,1
1514892988683953,-5,-5,11,10,5,2,3,-1
1514892988683953,-1,2,7,9,12,3,-10,-9
1514892988705960,5,7,5,2,4,-4,-4,-6
1514892988705960,-1,3,70,19,14,0,1,-2
1514892988706965,-6,-11,47,12,-9,-5,-5,4
1514892988706965,2,1,-17,-17,-1,5,2,1
1514892988720470,4,-1,-44,9,-31,-10,0,0
1514892988720470,-4,-1,55,-43,28,-4,-16,-6
1514892988727475,-8,-6,-28,23,-3,4,-1,-15
1514892988727475,-2,3,17,-8,-5,-3,14,12
1514892988743498,2,0,-26,-19,-9,-10,-18,0
1514892988743498,-8,-16,-28,37,-27,-2,1,-9
1514892988743988,0,6,-9,-30,44,8,9,3
1514892988743988,5,4,55,48,10,-1,-3,9
1514892988766002,-7,-11,-34,-23,-14,-1,11,-6
1514892988766002,0,2,27,-6,3,-1,-8,0
1514892988766503,-2,12,12,-20,-24,-2,0,-18
1514892988766503,0,1,-21,9,7,0,-2,3
1514892988779511,6,4,53,23,20,6,4,7
1514892988779511,-3,-4,-7,-9,-5,-3,-4,-7
1514892988787517,1,7,-9,13,-17,-7,-2,-3
1514892988787517,3,14,26,3,4,2,2,-6
1514892988803528,-6,-7,-27,-33,-7,6,9,4
1514892988803528,1,-17,-75,10,11,1,-2,2
1514892988804029,1,9,-35,-28,-18,-4,-3,-3
1514892988804029,1,-2,14,43,25,6,3,6
1514892988826045,-3,-6,-14,-8,-8,-5,-11,0
1514892988826045,-2,-4,-9,-4,-10,2,1,-4
1514892988826545,-3,-5,36,5,11,7,9,2
1514892988826545,9,17,-16,-39,-23,-10,-3,7
1514892988856067,-6,-15,-18,-25,8,2,7,-4
1514892988856067,3,6,5,13,-11,-1,-6,1
1514892988857067,-2,4,30,16,2,-3,-3,-10
1514892988857067,-2,-10,-42,9,7,0,0,0
1514892988863070,7,6,43,24,-6,-6,-3,9
1514892988863070,-3,1,-16,-40,-2,4,10,-7
1514892988864071,-2,-7,18,-36,-15,-4,-5,8
1514892988864071,-6,-3,15,-3,9,4,-6,-9
1514892988885596,-6,-10,5,24,-1,0,-2,-10
1514892988885596,5,4,-9,23,3,-6,2,12
1514892988886587,-3,-6,-26,4,2,4,2,-12
1514892988886587,-8,-1,8,-10,-15,-15,-6,-1
1514892988908115,6,-3,15,9,-9,2,-10,-4
1514892988908115,-1,4,61,43,16,9,10,-6
1514892988909103,8,1,-37,-6,22,-4,-10,18
1514892988909103,-4,-12,-2,1,-2,3,-1,-8
1514892988930618,-5,2,-28,-22,0,-4,-8,-4
1514892988930618,5,-1,-33,-5,-1,1,3,9
1514892988931619,-5,6,11,43,-4,1,5,-5
1514892988931619,6,4,-33,-58,-13,-2,-1,-1
1514892988945638,-4,-12,44,25,12,-4,-3,2
1514892988945638,-7,-7,-9,6,-2,-1,-2,-6
1514892988947634,-2,9,-13,-33,-20,-2,4,-2
1514892988947634,-6,0,-9,1,2,0,-10,-4
1514892988976655,6,3,-14,-12,-9,-1,1,-1
1514892988976655,-5,-8,49,17,5,-4,-4,-4
1514892988979154,0,-7,-25,11,-4,-6,-2,-3
1514892988979154,3,6,24,11,-4,-2,-2,7
1514892988982160,-4,-6,-27,-22,-6,5,12,-14
1514892988982160,-6,-12,-44,11,4,-6,-19,1
1514892988992162,1,-1,34,-2,2,6,9,6
1514892988992162,2,1,38,-4,-15,-11,-5,3
1514892989006173,-2,-2,3,38,14,0,-9,0
1514892989006173,-4,-6,2,-29,-11,-3,9,-3
1514892989007678,-1,2,-52,12,10,11,6,-5
1514892989007678,1,2,36,-18,-15,-7,-6,2
1514892989028187,-6,-7,9,48,6,-1,2,-5
1514892989028187,-3,3,-27,-65,-5,2,-10,-14
1514892989029688,-7,0,21,-11,-16,-10,-5,-6
1514892989029688,8,2,30,-8,10,-2,2,13
1514892989041697,-2,-3,-3,3,1,-5,-7,0
1514892989041697,-6,-8,13,-1,-10,5,2,-4
1514892989050703,1,-3,-21,6,-2,-1,0,1
1514892989050703,-4,-2,-34,-19,6,2,1,-8
1514892989065724,4,12,22,-2,-1,6,4,1
1514892989065724,-1,3,-23,8,-13,-12,-4,0
1514892989068216,-1,3,30,-54,-10,-7,-13,-3
1514892989068216,-3,-6,-19,16,2,1,0,-7
1514892989088230,-1,5,13,30,-9,-3,4,2
1514892989088230,-6,-15,-11,-24,13,7,6,-8
1514892989091732,-5,-6,-2,17,-10,-10,-9,3
1514892989091732,-2,7,-5,-6,-27,-9,3,-4
1514892989103240,3,-2,-6,5,50,13,4,-1
1514892989103240,5,6,25,46,4,2,4,7
1514892989110747,0,-3,-45,-9,-3,-6,-18,2
1514892989110747,-7,-1,11,-2,-7,1,-2,-10
1514892989125257,6,1,0,-8,-6,-3,7,10
1514892989125257,-5,3,1,-6,-2,-12,-20,-9
1514892989133262,-5,0,61,34,6,4,3,-6
1514892989133262,-5,-2,-56,-4,1,4,-6,-11
1514892989148273,-10,-5,12,-18,-12,-14,-6,0
1514892989148273,4,-9,9,-6,11,4,7,9
1514892989149773,8,16,-45,-48,-13,1,-1,-5
1514892989149773,-1,12,12,61,-2,-6,0,0
1514892989162782,-3,-2,10,1,18,10,2,1
1514892989162782,1,-7,-31,-14,-10,-6,-1,2
1514892989169287,-1,-7,0,-10,-1,0,8,5
1514892989169287,2,-7,-24,-1,-10,-4,-8,-4
1514892989185798,1,3,-3,-12,-11,0,-6,-8
1514892989185798,5,11,87,18,10,2,6,4
1514892989187300,0,-7,-14,34,-12,-4,9,18
1514892989187300,3,0,-38,-69,10,7,-5,-5
1514892989208314,-8,-14,-1,8,-11,-3,7,-2
1514892989208314,-1,-2,-46,-35,-2,5,-1,-2
1514892989209815,-2,9,54,40,17,-1,-12,-9
1514892989209815,-4,-4,56,9,-6,-4,8,11
1514892989222825,-2,-4,-35,-11,-1,1,-9,-9
1514892989222825,0,3,15,33,-5,-8,9,1
1514892989229329,7,2,-3,-21,2,-6,-3,15
1514892989229329,-6,-8,-21,-14,8,2,-5,-19
1514892989245841,8,9,1,5,-31,-10,3,5
1514892989245841,-6,-7,-4,42,5,2,0,-3
1514892989247350,4,4,24,52,-10,-8,-18,11
1514892989247350,3,-4,-38,-55,26,6,-3,6
1514892989268357,-4,-3,6,-43,15,7,10,-10
1514892989268357,1,7,22,31,-6,-1,-26,-9
1514892989269859,-2,-1,-62,-1,6,5,8,-6
1514892989269859,0,4,30,-6,-13,-3,2,-1
1514892989282877,-3,3,-12,-17,-13,-7,-14,-2
1514892989282877,-2,-15,-26,-8,2,-2,20,8
1514892989289382,-2,7,-14,-46,6,-3,-17,-16
1514892989289382,-2,2,44,52,3,2,7,-1
1514892989305895,2,-14,-81,-24,-5,-6,-2,6
1514892989305895,2,-1,2,24,1,-3,-1,-5
1514892989307385,0,7,4,-19,-20,1,14,3
1514892989307385,6,-2,23,6,18,5,11,15
1514892989328409,4,-1,21,28,-18,-11,-14,4
1514892989328409,3,12,20,-43,-6,5,6,-5
1514892989329901,-4,-8,1,6,33,5,-10,-7
1514892989329901,-7,-10,-8,22,-5,-1,-1,-9
1514892989341933,-2,4,-39,-41,-16,-2,0,1
1514892989341933,3,5,13,41,13,1,2,3
1514892989350925,-1,2,64,8,-4,2,12,-4
1514892989350925,-3,2,-2,4,3,4,2,0
1514892989366010,1,-8,-1,-27,-9,-7,-8,6
1514892989366010,-4,7,2,-13,4,-4,-1,1
1514892989367518,-3,-14,-18,-2,4,12,16,-8
1514892989367518,-12,-17,-16,14,-10,-16,-26,-10
1514892989388519,-5,-8,-13,25,-12,-4,-7,-14
1514892989388519,4,8,41,-7,1,-1,-7,4
1514892989392023,3,-4,-5,-4,-1,-10,-9,13
1514892989392023,-4,1,-9,-12,-1,3,-1,-10
1514892989402040,-2,4,20,20,-1,6,9,5
1514892989402040,-1,-10,-47,-27,3,2,-3,-1
1514892989411037,-6,-1,19,3,-5,2,6,-11
1514892989411037,-2,3,-33,-37,-14,-5,-3,8
1514892989426048,-2,-1,57,67,14,4,8,4
1514892989426048,0,1,-25,-37,-27,-6,-1,-1
1514892989427560,2,3,-21,-22,36,9,5,-4
1514892989427560,7,6,-23,11,-16,-6,6,8
1514892989448077,-3,-7,32,8,13,0,-1,3
1514892989448077,-9,-12,20,-2,-1,3,11,-4
1514892989450064,-1,5,-12,1,-21,-13,-22,1
1514892989450064,11,11,10,3,2,-7,-11,0
1514892989462071,1,2,2,-1,25,13,8,-5
1514892989462071,-5,-9,9,25,-24,-21,-16,-4
1514892989472091,-4,1,-18,-43,6,11,5,-5
1514892989472091,-5,-3,58,15,14,1,7,6
1514892989485598,5,4,-24,-14,-27,-9,-8,2
1514892989485598,-9,-10,-38,-5,10,4,-4,-14
1514892989487600,0,3,-30,-1,-4,1,2,-8
1514892989487600,-4,-9,2,-13,1,-1,3,3
1514892989508606,-6,-2,24,54,8,-3,-7,-6
1514892989508606,3,-2,19,-83,3,7,3,5
1514892989510107,-2,6,-22,-1,-32,-13,-3,-8
1514892989510107,0,-7,-31,13,21,13,10,-3
1514892989530630,2,1,-29,-18,-10,-10,-26,-3
1514892989530630,-5,3,11,33,10,2,-5,-2
1514892989532623,-1,-13,13,32,0,2,3,0
1514892989532623,8,6,-21,-27,-17,-1,5,4
1514892989545640,0,-4,27,2,15,-4,4,6
1514892989545640,-2,5,3,35,-18,-4,-4,-7
1514892989547633,-4,-5,-7,-66,20,4,-2,-3
1514892989547633,3,2,30,-3,-7,-1,2,3
1514892989568159,-5,-19,-61,14,-10,4,4,-3
1514892989568159,2,8,37,-22,3,-2,11,13
1514892989570149,-7,-3,23,34,-7,1,15,1
1514892989570149,0,-2,-19,-26,-6,-12,-20,-11
1514892989590675,0,3,-17,-41,-6,0,-1,0
1514892989590675,-1,3,60,34,-10,1,5,-6
1514892989592665,1,4,-10,24,12,-4,-17,4
1514892989592665,-1,-5,-31,-22,-11,-2,-1,-2
1514892989606177,-6,-3,62,-1,7,0,3,-6
1514892989606177,4,2,-59,-25,-16,-1,1,3
1514892989607676,2,4,44,39,17,0,-5,-3
1514892989607676,-8,-9,-56,-11,8,9,14,2
1514892989628189,2,6,-31,-4,3,3,25,5
1514892989628189,-4,-9,5,8,-1,-14,-19,1
1514892989629690,0,-1,7,-2,-12,-6,-16,12
1514892989629690,2,-2,41,37,-9,-2,-8,-14
1514892989642200,6,4,-21,-35,-2,2,2,5
1514892989642200,2,5,-14,-15,21,4,7,0
1514892989650705,3,2,1,-8,-14,-5,1,-1
1514892989650705,-8,-5,-7,-10,-14,-6,-5,-3
1514892989665715,-6,-7,7,20,11,4,-9,-19
1514892989665715,-1,0,-33,13,5,4,12,-2
1514892989667217,5,0,3,8,-1,-9,-6,19
1514892989667217,-1,8,-28,-30,-10,1,1,-3
1514892989688232,-2,0,48,27,16,-3,-7,-3
1514892989688232,0,-2,-40,-1,-8,1,-3,6
1514892989689733,-5,-1,0,10,-3,-3,10,-6
1514892989689733,4,7,4,-25,0,4,-7,-3
1514892989701741,-1,-8,25,-10,-13,-7,-8,2
1514892989701741,-5,-9,-41,8,8,-5,-2,-2
1514892989710747,-1,4,22,-19,-1,11,8,-11
1514892989710747,8,1,-9,8,0,-12,-2,27
1514892989726758,-6,-5,18,-9,-7,3,-9,-17
1514892989726758,4,6,12,-14,-7,-1,8,11
1514892989729260,7,0,2,-7,-1,-6,-11,15
1514892989729260,-2,1,-10,36,15,5,6,-4
1514892989748274,-2,-1,-13,-39,-18,-8,2,2
1514892989748274,-6,-5,-24,9,13,7,-1,-3
1514892989750776,-6,-4,-52,4,-19,-4,2,-12
1514892989750776,0,-1,22,-16,22,5,-6,-5
1514892989778796,1,5,28,8,-5,-4,2,0
1514892989778796,3,2,-31,-1,-4,0,-6,-11
1514892989780297,-4,5,14,-21,-8,-2,5,1
1514892989780297,0,-1,-18,42,4,-2,2,-1
1514892989785800,-3,-8,-18,-8,4,6,-5,-5
1514892989785800,3,6,-22,-38,0,-3,-6,8
1514892989787302,-12,-7,51,11,-4,0,15,-3
1514892989787302,1,-6,-7,-34,-25,-10,6,5
1514892989808818,-1,1,-3,15,16,2,2,-3
1514892989808818,-5,-5,-2,14,0,-7,-7,-3
1514892989812323,8,-7,-38,-6,-8,-3,-10,-2
1514892989812323,-3,1,24,5,-11,-4,5,-2
1514892989830833,-5,-5,1,38,25,2,0,-5
1514892989830833,-3,1,-22,-38,-16,5,5,-4
1514892989832334,-3,4,39,9,5,-3,2,3
1514892989832334,-4,-7,1,6,1,-5,-13,-8
1514892989845852,0,-7,-29,-7,-6,-4,1,4
1514892989845852,-5,-4,20,23,1,2,5,-7
1514892989847354,5,11,60,5,-3,3,-2,-3
1514892989847354,-2,-1,-58,-4,0,0,-4,5
1514892989868363,-3,-6,9,-18,-11,-2,2,3
1514892989868363,-1,0,5,30,7,1,-13,-7
1514892989869877,-2,0,-11,-15,-4,1,0,-7
1514892989869877,-3,-7,17,11,7,0,1,1
1514892989890884,-1,-1,4,3,-1,4,-5,0
1514892989890884,2,1,9,-4,-9,-6,4,-3
1514892989892377,-7,-7,-81,-22,-3,-3,-5,0
1514892989892377,-2,1,42,22,19,12,3,-22
1514892989905385,-3,-12,-12,-5,-5,-9,1,13
1514892989905385,6,3,-25,-11,0,0,-3,2
1514892989911889,4,7,54,20,-10,-3,5,5
1514892989911889,-3,-12,-66,-39,-2,0,-4,-5
1514892989928401,-3,4,21,16,6,3,0,-13
1514892989928401,-7,-1,12,2,2,-3,4,-2
1514892989929902,3,-2,-46,9,-4,-2,-11,-8
1514892989929902,-4,-2,15,11,10,-1,-2,-5
1514892989951418,5,0,-15,-38,-3,-2,1,7
1514892989951418,-1,-2,-29,5,-11,-5,-3,3
1514892989953919,-3,-4,-41,-19,11,9,4,-6
1514892989953919,9,5,41,17,-2,-3,7,16
1514892989965427,-13,-10,-11,-16,-23,-3,0,-8
1514892989965427,6,10,57,14,7,-4,-11,3
1514892989972934,-3,-10,-35,-12,14,-2,0,-4
1514892989972934,-9,-3,-32,-6,-2,-1,-4,-11
1514892989988444,3,6,-10,16,-8,0,5,2
1514892989988444,-7,-5,-20,-17,-4,4,9,-12
1514892989989945,2,6,18,8,0,-7,-6,12
1514892989989945,0,0,35,-16,-5,5,10,7
1514892990010959,1,-7,-35,-16,-9,-9,-1,11
1514892990010959,-4,1,30,-18,-1,1,-9,-8
1514892990012461,4,9,-29,10,0,-2,-2,3
1514892990012461,-2,-16,50,46,-9,0,6,0
1514892990025970,6,8,30,-12,0,-2,-2,0
1514892990025970,0,3,17,24,22,6,-2,-7
1514892990031974,-7,-11,-15,-30,-16,-10,-7,-2
1514892990031974,-8,-3,26,-2,-11,2,-1,-10
1514892990055991,-2,-8,-28,7,21,8,-5,-7
1514892990055991,4,-4,44,25,-7,-10,-6,18
1514892990057494,-1,9,2,-9,-20,-3,2,-6
1514892990057494,-2,15,8,33,29,4,-9,-5
1514892990071002,-5,-13,-24,-17,5,4,0,-12
1514892990071002,-4,1,44,-14,-15,6,14,9
1514892990073522,6,-10,6,37,18,3,8,7
1514892990073522,1,4,3,-60,-31,-11,-5,6
1514892990085011,-1,-3,-50,25,20,11,9,-7
1514892990085011,3,2,-19,11,-4,-10,-10,5
1514892990092020,0,0,-34,-20,6,2,-4,-8
1514892990092020,-6,-19,-56,5,-11,-1,1,-2
1514892990109529,4,3,34,0,-8,-7,-9,14
1514892990109529,-2,-2,-28,-45,-1,5,14,-8
1514892990112531,-6,2,19,26,-10,-10,-9,-2
1514892990112531,1,1,31,18,1,3,-5,-5
1514892990131045,-5,4,25,-17,-1,0,1,-4
1514892990131045,2,1,-85,-29,5,1,-1,3
1514892990132545,0,3,29,14,3,0,-7,-8
1514892990132545,0,5,-13,-34,-2,-2,1,-5
1514892990145055,6,6,32,53,5,1,-1,0
1514892990145055,-4,-4,-30,-35,-6,-5,-8,1
1514892990152059,1,1,25,9,2,8,15,9
1514892990152059,6,-5,19,6,-15,-12,-15,-9
1514892990168573,-2,-5,-50,-41,-2,-1,-6,-2
1514892990168573,-2,6,15,7,0,0,3,-2
1514892990170085,-5,-10,20,9,6,5,-6,-1
1514892990170085,-5,-13,-14,-1,10,5,-3,0
1514892990190587,1,-3,38,34,-10,-17,-2,8
1514892990190587,-3,-8,-8,16,0,3,6,-2
1514892990192087,2,9,-4,-54,-13,-2,9,1
1514892990192087,-5,-6,-60,-6,0,-1,-9,-3
1514892990205096,-6,-4,39,39,7,9,11,1
1514892990205096,1,2,26,-1,14,1,-12,1
1514892990212101,0,1,46,39,-7,-2,-9,-8
1514892990212101,-15,-17,-24,-12,-1,-5,-7,-13
1514892990229114,5,2,-4,-49,-12,-6,-2,3
1514892990229114,-8,-2,2,15,-11,-4,9,-2
1514892990230615,-1,4,28,23,11,-2,-7,-6
1514892990230615,-1,-5,-48,-32,-5,-4,-5,2
1514892990250629,-4,-10,17,-14,-11,0,-4,-7
1514892990250629,0,9,20,-2,-23,-12,-3,-3
1514892990252641,0,3,-9,1,22,10,1,-5
1514892990252641,-4,-5,57,21,3,-1,8,-3
1514892990265139,0,4,-13,15,6,3,7,5
1514892990265139,13,-6,9,4,-2,-7,-5,12
1514892990273649,-2,11,-43,-34,-20,-2,7,-7
1514892990273649,0,-2,4,1,1,2,-14,1
1514892990288165,-5,-17,-27,-11,6,-2,-4,6
1514892990288165,-4,-3,37,32,4,1,-7,-8
1514892990290159,-1,5,-2,-14,-4,-5,1,5
1514892990290159,7,9,-5,-21,0,6,23,6
1514892990310671,-6,-3,-8,-9,-2,-4,-23,-16
1514892990310671,1,2,-33,-25,-8,-7,-5,-5
1514892990312172,1,0,23,8,-8,-10,-11,1
1514892990312172,1,0,-53,12,-5,-2,-1,-5
1514892990333202,3,-4,32,-3,-3,0,6,0
1514892990333202,-8,-1,8,50,-3,0,-6,-9
1514892990335190,1,-10,-37,-41,13,8,3,5
1514892990335190,-2,1,46,42,5,-2,-1,2
1514892990348209,-2,-6,-18,-43,-9,-6,3,0
1514892990348209,-1,-5,16,4,-1,6,-5,-10
1514892990350202,7,4,-31,0,-16,-5,12,23
1514892990350202,2,3,14,23,5,6,5,2
1514892990370717,-9,-10,-33,-16,7,-2,-3,-3
1514892990370717,1,5,-25,11,12,2,7,3
1514892990372216,-1,-2,20,-22,-11,-4,-8,-5
1514892990372216,2,-2,28,-13,0,-1,-1,3
1514892990384724,-1,8,30,36,-5,2,-1,-13
1514892990384724,1,1,56,-23,9,4,8,3
1514892990394230,-2,0,-61,25,14,1,-20,-13
1514892990394230,-6,-2,2,-19,-10,-5,5,10
1514892990408240,-8,-5,-12,-21,3,-3,-6,-9
1514892990408240,0,2,5,-8,2,3,4,2
1514892990409741,-6,-7,23,7,-11,-1,17,-10
1514892990409741,8,5,4,0,0,-11,-17,15
1514892990430756,2,-4,-22,7,-6,1,1,4
1514892990430756,-2,-1,-35,-22,-7,-8,-1,-1
1514892990432257,-4,0,21,33,17,6,3,-11
1514892990432257,-9,-11,-53,-43,-13,-6,-5,-8
1514892990444266,2,2,18,35,0,-3,1,2
1514892990444266,-1,-1,-9,15,-1,-1,-10,-6
1514892990453272,-1,3,1,-28,4,2,2,6
1514892990453272,0,-16,-47,-2,1,-3,-2,-3
1514892990468283,5,5,30,12,-4,6,15,1
1514892990468283,-5,2,5,-22,-3,-9,-11,-1
1514892990470286,-5,-13,-35,11,-1,-4,-9,-1
1514892990470286,1,1,-8,-9,7,4,5,-1
1514892990490799,0,3,19,-3,-2,-6,-14,-9
1514892990490799,-2,-5,-4,16,-5,1,10,10
1514892990492300,4,13,7,-18,-19,-8,-2,3
1514892990492300,5,8,-11,-13,27,14,11,-3
1514892990504308,-5,-12,2,22,3,-3,-15,-8
1514892990504308,-1,3,38,13,0,1,9,1
1514892990520820,3,-6,-20,-6,-2,-3,-11,2
1514892990520820,-6,-5,-15,12,-9,1,11,-1
1514892990528325,9,-2,-13,-41,1,0,-9,9
1514892990528325,-2,-6,-23,-6,12,1,-8,-1
1514892990529826,1,5,7,18,-7,3,5,-1
1514892990529826,-9,-10,25,20,-5,-3,-4,-15
1514892990550851,3,2,-25,-57,-6,-3,10,12
1514892990550851,3,6,8,34,17,0,-3,3
1514892990552343,-2,4,39,-30,-4,0,0,-5
1514892990552343,-3,-4,-31,14,19,8,-4,-5
1514892990564350,0,2,9,3,-17,-5,8,8
1514892990564350,6,6,-15,-25,-10,1,1,-5
1514892990573858,-13,-6,-31,1,-5,-6,-5,-8
1514892990573858,6,7,57,31,7,3,7,9
1514892990587880,-1,-4,-33,-5,-5,1,-3,-4
1514892990587880,2,0,-3,-26,-8,-3,1,7
1514892990595377,5,8,13,6,7,-1,-12,-5
1514892990595377,-3,-4,-3,6,-9,-6,-4,1
1514892990610883,-2,0,15,21,2,1,3,-1
1514892990610883,-2,0,-37,-3,-9,1,-3,-6
1514892990612384,0,-2,-9,-14,-2,-1,-1,-3
1514892990612384,-5,-9,10,0,10,2,6,1
1514892990640904,0,-2,-17,-10,3,-3,-8,-1
1514892990640904,-2,3,-11,-3,2,-1,-1,-4
1514892990642406,-1,-4,3,7,-14,-6,-5,1
1514892990642406,-1,-4,16,5,-8,-3,-5,-3
1514892990648410,-7,-3,-24,-10,1,3,2,-11
1514892990648410,1,-1,-16,4,10,1,-1,-2
1514892990649911,2,-1,22,5,8,4,12,8
1514892990649911,0,-2,-3,-8,-18,-7,-11,-1
1514892990670932,-5,-4,-10,19,9,1,6,7
1514892990670932,-3,-5,16,3,-10,-4,-14,0
1514892990673430,-2,8,42,31,2,-5,2,2
1514892990673430,5,-1,-19,-45,-4,5,-1,-6
1514892990684435,-2,-3,32,37,-4,-4,3,-6
1514892990684435,7,13,-3,-54,-7,-2,0,6
1514892990693451,-2,-4,-13,51,23,4,5,1
1514892990693451,0,8,16,-29,-8,-3,-8,-4
1514892990708453,-5,-3,-15,-8,9,5,5,-10
1514892990708453,-5,-7,-52,-11,-13,-6,0,0
1514892990709953,-3,-6,5,16,-9,-6,-14,-6
1514892990709953,-1,2,29,-6,-1,-3,7,11
1514892990730968,3,-5,0,-3,0,4,-2,-12
1514892990730968,-8,-5,-26,47,4,-3,2,2
1514892990732470,1,-1,-7,-52,-1,1,-2,0
1514892990732470,-4,-9,9,3,-4,-7,-2,-4
1514892990753499,4,4,-6,-7,-1,0,-1,1
1514892990753499,-10,-2,47,40,-28,-5,2,-13
1514892990754986,2,5,-29,-18,31,4,-1,2
1514892990754986,-3,-11,-6,4,16,2,-5,-4
1514892990768497,2,4,30,-4,-11,-2,0,2
1514892990768497,3,-5,-79,-45,-3,0,-1,1
1514892990769997,-5,2,59,11,-5,-1,8,2
1514892990769997,-3,-1,-12,0,-15,-9,-14,-2
1514892990798517,1,2,17,14,7,1,1,3
1514892990798517,-3,4,29,10,12,6,-6,-13
1514892990802023,4,10,7,-10,-24,-7,-4,-5
1514892990802023,3,2,-37,-21,-2,-2,4,-3
1514892990821032,-4,-4,12,23,0,-5,3,7
1514892990821032,-1,-2,25,-13,-14,-6,-2,7
1514892990822533,3,8,-16,22,-8,-2,6,4
1514892990822533,-8,-17,-6,-5,29,6,-1,-1
1514892990828537,-2,-3,12,7,-7,-5,-1,2
1514892990828537,-1,5,-41,-30,6,6,5,-7
1514892990830038,-6,-3,44,12,-7,-2,-8,1
1514892990830038,12,8,-13,6,-15,-6,4,3
1514892990851053,-1,1,-9,8,-1,0,-5,-9
1514892990851053,-2,-2,41,24,5,-2,-2,2
1514892990852554,1,-4,-10,-40,1,5,0,-9
1514892990852554,-5,0,-5,9,-3,1,5,-1
1514892990873570,-4,-4,-71,9,3,2,-5,6
1514892990873570,0,-4,4,9,-4,-6,0,2
1514892990875070,0,-2,-11,-9,-13,2,3,-4
1514892990875070,-1,-2,22,2,15,-2,-3,1
1514892990887579,-2,-5,-54,-4,17,3,2,-2
1514892990887579,0,4,9,15,3,-2,-6,-11
1514892990895085,-4,-1,2,-23,5,2,5,-3
1514892990895085,1,0,-4,1,-24,-5,-7,7
1514892990918100,2,10,60,16,-6,-4,-2,-1
1514892990918100,-1,-8,-63,-32,3,2,2,0
1514892990920102,-3,-3,51,6,5,4,12,2
1514892990920102,5,4,36,19,-13,-7,-3,8
1514892990933111,-1,3,-4,3,4,3,-3,10
1514892990933111,-1,-7,42,4,-1,-3,3,-14
1514892990941118,4,-2,-38,-41,-10,-5,-6,4
1514892990941118,2,0,-33,39,6,3,0,-6
1514892990947633,0,2,52,-4,2,1,0,-2
1514892990947633,1,6,55,-16,15,-2,-7,8
1514892990954627,-5,-21,-36,-8,-16,-8,-10,-5
1514892990954627,-4,-2,-7,-15,4,4,3,-6
1514892990970641,-1,6,21,-13,-16,-13,-18,-11
1514892990970641,1,4,-19,4,-5,0,4,2
1514892990972640,2,9,-28,29,16,2,-9,-6
1514892990972640,-6,-6,2,2,0,1,-5,-5
1514892990993662,-3,-1,38,-51,-21,-5,15,-2
1514892990993662,-1,-6,-83,3,3,0,-1,6
1514892990995158,-8,-21,12,5,8,-2,-1,9
1514892990995158,-2,2,25,22,-11,-1,1,-5
1514892991007164,-4,-1,-10,-7,2,4,9,-11
1514892991007164,6,17,34,-17,0,-3,-8,17
1514892991015671,8,-10,-40,0,-1,4,-3,0
1514892991015671,-4,-4,0,-21,-7,-4,-1,-4
1514892991030683,-3,-5,-38,-18,-9,-6,-16,-7
1514892991030683,-4,2,33,10,-3,3,0,-11
1514892991032181,-1,11,36,17,3,0,2,-8
1514892991032181,-3,-13,-2,-12,7,-1,8,16
1514892991053212,8,4,67,55,3,-4,-3,4
1514892991053212,-1,1,-43,-37,-2,8,14,-3
1514892991055199,-3,-4,6,-12,-18,-12,-16,-10
1514892991055199,-2,-1,-15,39,11,1,-13,-8
1514892991068707,-5,-7,10,14,16,6,9,3
1514892991068707,-5,3,10,-14,-1,1,-13,-15
1514892991074722,4,4,24,-1,-7,2,27,23
1514892991074722,2,-2,-47,-45,2,0,0,-3
1514892991091229,-2,-6,-26,3,-16,-7,-7,4
1514892991091229,-2,-2,56,30,10,5,9,-1
1514892991092728,-1,-3,-111,2,0,0,-5,-14
1514892991092728,7,11,52,-2,-13,-7,-4,11
1514892991113741,-1,-7,-31,11,18,4,4,3
1514892991113741,-4,-7,-7,-9,-9,-3,-5,-10
1514892991114740,-2,4,60,5,11,0,-10,-12
1514892991114740,-8,-12,-4,-1,-9,-8,-8,-4
1514892991127756,-6,-7,-35,-40,-12,-3,7,-4
1514892991127756,-4,1,25,36,-8,-6,-10,0
1514892991134254,0,3,1,-33,12,3,-9,-8
1514892991134254,-9,-6,19,-1,-5,-4,-7,-17
1514892991150765,-2,1,-9,11,-1,2,9,6
1514892991150765,7,1,-15,-11,-1,-8,2,9
1514892991152768,-4,-8,17,20,-4,0,1,2
1514892991152768,1,5,2,-11,-3,2,-1,-8
1514892991174787,-3,-1,13,12,1,3,7,-9
1514892991174787,2,-2,-18,11,7,-1,-11,6
1514892991176286,1,2,2,-19,-8,-3,-2,5
1514892991176286,3,0,-11,9,-2,1,3,-3
1514892991187793,-1,3,-1,-23,-1,-9,-8,0
1514892991187793,-4,-1,15,33,6,3,7,-3
1514892991194803,-5,-12,-60,-21,10,5,0,-6
1514892991194803,-1,-4,28,-11,-12,-6,5,11
1514892991210808,0,-4,-67,-15,-13,-3,-10,-4
1514892991210808,0,4,33,10,-1,-2,4,-5
1514892991212310,-2,0,8,21,-9,-3,-8,2
1514892991212310,1,1,27,20,6,-1,-2,2
1514892991233325,-1,-3,-11,-15,9,6,-3,-2
1514892991233325,2,7,18,-1,1,2,6,-1
1514892991234825,-1,-8,-54,-13,-3,-5,-1,2
1514892991234825,-3,5,15,-1,-3,3,-2,-2
1514892991246846,3,1,15,6,-3,-5,-10,-1
1514892991246846,-6,-9,-15,-18,2,3,0,1
1514892991255839,-1,5,15,16,0,-2,3,-2
1514892991255839,3,-3,15,1,3,1,-1,-1
1514892991271350,-2,1,39,-3,-4,-3,4,4
1514892991271350,-1,-4,-34,-5,-2,-2,-3,-7
1514892991275353,-5,-3,23,8,1,-1,-2,-3
1514892991275353,-2,-2,-9,-9,-3,-5,-4,0
1514892991293367,-4,2,10,9,7,5,1,-4
1514892991293367,1,2,-3,2,0,-1,0,2
1514892991295369,0,-2,-3,-10,-2,-5,-1,3
1514892991295369,-2,-6,3,1,5,6,4,-5
1514892991306876,-2,3,-9,-3,-2,0,-2,-3
1514892991306876,-2,-6,6,-11,-6,-5,-3,2
1514892991315883,1,2,-10,0,0,0,0,-5
1514892991315883,-4,-3,-11,-7,3,2,1,-3
1514892991330894,3,9,26,-4,-4,-3,-1,3
1514892991330894,6,4,-7,-2,-3,-2,-1,2
1514892991336898,-8,2,24,5,-3,0,-2,-4
1514892991336898,0,3,-16,-8,-6,-5,2,-5
1514892991353409,0,-14,-19,5,4,0,-11,5
1514892991353409,0,1,9,2,-1,-2,5,-3
1514892991354911,3,-4,0,-5,-3,0,5,0
1514892991354911,-2,-2,-18,-1,-2,-2,-2,1
1514892991366920,2,11,12,-4,-10,-4,5,-6
1514892991366920,-1,-4,-22,-13,13,4,-4,5
1514892991382429,-4,-11,-2,-2,-5,-6,-2,3
1514892991382429,3,1,-5,13,2,-2,6,3
1514892991390935,-1,1,7,0,-2,0,-3,-4
1514892991390935,-3,1,0,-10,-8,-3,-5,-5
1514892991392438,-2,2,-6,11,5,0,3,-2
1514892991392438,-3,-7,23,-10,0,3,0,-3
1514892991413452,-2,2,38,12,0,-4,-5,1
1514892991413452,-3,-5,-10,5,-3,-3,-2,-5
1514892991414952,-1,-4,-17,-9,-1,-1,-2,0
1514892991414952,0,4,38,5,-10,-2,-1,-2
1514892991427462,-6,2,-4,3,7,-2,-1,-5
1514892991427462,6,-11,-24,-3,7,2,1,3
1514892991435966,-1,1,17,-19,-7,-1,1,1
1514892991435966,-3,-1,-45,-3,2,4,4,-4
1514892991450977,4,5,3,-11,-11,-6,-8,4
1514892991450977,-3,5,-5,16,4,3,1,-8
1514892991454479,0,-5,-37,-11,-2,-2,4,6
1514892991454479,1,-8,68,16,6,2,-6,1
1514892991473999,-1,1,13,5,1,4,8,2
1514892991473999,-1,0,-47,-10,-7,-7,-7,-3
1514892991475497,4,3,15,-5,-8,-1,-4,-5
1514892991475497,-4,-5,-44,-23,-12,-9,-3,-6
1514892991487002,-3,-3,9,6,20,7,1,-4
1514892991487002,1,1,20,-1,-4,6,8,3
1514892991503524,0,-2,26,11,-4,-7,-11,5
1514892991503524,-3,-3,-71,3,-19,-6,-5,0
1514892991511020,-4,-8,12,-2,23,4,2,-3
1514892991511020,-3,5,1,-13,-8,-3,0,1
1514892991512520,2,6,32,11,-2,-3,-2,-1
1514892991512520,-2,2,-20,-21,-32,-7,-3,-2
1514892991533536,-3,-11,-42,-3,46,11,-5,-4
1514892991533536,-4,-9,10,24,-3,-5,0,1
1514892991535036,0,-2,3,-36,-3,2,6,3
1514892991535036,-2,1,34,37,0,10,5,-3
1514892991547045,6,6,-39,-35,-11,-12,1,2
1514892991547045,-1,3,-3,-8,2,-4,-13,0
1514892991556051,-7,-9,24,22,-3,1,-3,-13
1514892991556051,-2,-7,-19,11,15,4,11,11
1514892991571062,-1,2,-20,0,-9,-2,-7,1
1514892991571062,-2,2,16,21,11,8,3,-7
1514892991574565,2,6,-32,-17,0,-4,-3,4
1514892991574565,0,-1,26,0,9,-2,-6,1
1514892991593579,-5,0,66,5,-23,-5,-7,-14
1514892991593579,0,-6,-22,-26,-14,-9,-6,1
1514892991596090,-3,0,52,25,16,5,-11,-13
1514892991596090,-6,-11,-22,-23,23,4,4,-3
1514892991607589,6,3,-63,-16,-28,-8,0,11
1514892991607589,-2,4,16,20,-22,-5,-3,-5
1514892991616094,3,1,5,4,24,5,6,3
1514892991616094,0,-4,58,-32,-5,-4,-4,-4
1514892991630604,-4,-5,-37,-6,-18,-1,1,-2
1514892991630604,0,6,35,-43,-7,2,4,-2
1514892991632606,0,-5,-30,40,6,-2,4,5
1514892991632606,5,1,0,14,10,5,-3,6
1514892991653121,-7,-3,-15,-11,-12,-2,1,-11
1514892991653121,0,5,14,4,-5,-8,-3,4
1514892991655121,-4,-3,16,3,-11,-7,-7,-5
1514892991655121,1,0,-35,-6,5,-3,-8,-4
1514892991675635,-1,6,12,10,7,6,2,1
1514892991675635,0,-3,6,-4,6,-1,1,3
1514892991677137,-1,-2,-19,-29,-5,3,7,-4
1514892991677137,1,-5,-10,12,-1,-8,-7,-4
1514892991690646,-6,-1,1,8,-1,0,0,-5
1514892991690646,5,5,7,-5,-1,-3,-7,1
1514892991692148,-3,-8,-29,-8,-1,-1,1,3
1514892991692148,-5,-9,-18,-1,-2,1,1,-2
1514892991722171,0,1,12,20,-2,-2,-1,-1
1514892991722171,-1,3,-35,-27,5,2,2,-5
1514892991726171,1,-4,5,-9,-10,-1,-3,0
1514892991726171,-1,-1,15,5,-4,-4,-5,-3
1514892991735678,3,6,-1,-2,2,0,-1,2
1514892991735678,-4,0,8,15,1,0,1,-2
1514892991738180,-1,-4,-31,-8,-4,-4,-2,0
1514892991738180,-3,-2,5,4,-1,0,0,-3
1514892991750712,-4,-3,10,6,2,0,-5,0
1514892991750712,5,7,4,-1,-1,-4,-3,0
1514892991752190,2,-4,4,1,-1,2,-7,-2
1514892991752190,-11,-4,-8,0,2,1,7,-4
1514892991774206,-5,-1,7,-4,-6,-3,1,0
1514892991774206,-2,-1,-7,5,1,-1,-1,1
1514892991776207,3,-2,-6,-1,1,-2,-2,0
1514892991776207,3,0,0,1,-2,-2,-4,-1
1514892991795730,3,6,-10,-7,-4,-2,-4,1
1514892991795730,-2,1,9,5,2,2,5,-1
1514892991797232,-3,-7,-1,4,-1,0,-1,-4
1514892991797232,-12,-16,-2,-3,0,0,-3,-1
1514892991810231,11,5,2,-2,0,-4,0,0
1514892991810231,1,4,-1,1,0,-2,-1,-1
1514892991816735,-6,-5,3,2,-1,0,1,-2
1514892991816735,4,4,-6,-1,-1,0,-1,0
1514892991833248,1,-3,-3,-3,1,0,0,1
1514892991833248,-9,-3,-5,2,-2,-2,-5,-1
1514892991834753,5,1,-2,-4,-2,-3,1,-1
1514892991834753,5,1,11,5,1,0,-1,-1
1514892991855763,-14,-7,-7,-3,0,0,0,0
1514892991855763,0,0,10,-3,-4,0,-2,0
1514892991857265,-4,-2,-28,1,3,2,2,-1
1514892991857265,3,1,-3,-2,0,-3,-1,1
1514892991870286,0,0,-8,-4,0,-1,0,-2
1514892991870286,-2,-1,-9,-8,-2,-1,-1,-2
1514892991876795,-2,0,13,2,-2,-4,0,-3
1514892991876795,1,-2,8,1,-1,-1,-3,-3
1514892991893289,0,2,-2,4,0,0,-1,1
1514892991893289,-5,-6,-32,-5,1,-1,0,-3
1514892991894790,6,2,4,-5,-2,-1,0,2
1514892991894790,-5,-5,-12,-7,-3,-1,-1,-2
1514892991915805,0,4,6,1,-1,-1,0,2
1514892991915805,1,3,13,13,2,0,-2,-1
1514892991917319,-8,-3,12,10,-4,-3,-3,-3
1514892991917319,-1,-2,-10,-7,2,1,0,0
1514892991929815,-1,-4,-3,-5,-4,-4,-1,0
1514892991929815,1,4,7,-5,-3,-2,-2,-2
1514892991936820,1,-3,-11,-1,0,-2,1,0
1514892991936820,2,-2,10,5,-3,-3,1,-1
1514892991953332,-10,1,-1,-7,-5,-1,-2,-1
1514892991953332,2,0,7,-1,-2,-3,-1,0
1514892991954833,-1,-3,0,4,1,0,1,-2
1514892991954833,3,-2,0,1,-1,-1,0,0
1514892991975863,0,1,7,4,0,1,-1,-3
1514892991975863,4,2,-2,-2,-4,-2,-2,-2
1514892991977349,-1,1,1,-5,-3,0,-1,0
1514892991977349,-11,-5,1,0,0,0,-1,-4
1514892991990362,2,0,-10,-6,-2,0,-1,-1
1514892991990362,-1,-1,4,6,-1,0,-3,0
1514892992004368,1,-7,7,0,-1,-2,-1,0
1514892992004368,4,0,-4,-6,-2,-1,-2,1
1514892992013375,2,4,0,4,4,0,0,-1
1514892992013375,-4,-1,1,2,2,2,0,-1
1514892992014885,-2,-2,1,-4,-3,-5,0,-1
1514892992014885,-3,-2,-2,11,-5,-3,-1,-1
1514892992035390,2,-2,-6,-9,5,3,1,-1
1514892992035390,1,-2,-1,1,-2,1,0,0
1514892992037392,-1,-5,3,-2,0,0,-2,-1
1514892992037392,0,-2,-2,-4,-4,-1,-1,-2
1514892992049900,4,6,3,4,-3,-4,-4,-1
1514892992049900,-1,2,-3,0,2,-2,1,1
1514892992056909,-4,-5,-4,-3,-3,0,1,1
1514892992056909,-1,-1,-6,0,-1,0,-1,0
1514892992073418,1,3,3,2,0,-3,0,-2
1514892992073418,2,1,-3,-5,-1,-1,-1,-3
1514892992074922,-4,-3,-6,-5,-3,-1,-1,-2
1514892992074922,-2,-3,17,6,1,-1,-1,0
1514892992095933,-1,-6,-34,-6,-2,-1,-1,-1
1514892992095933,-6,-1,-1,-3,-5,-3,-3,0
1514892992097934,2,1,-1,-2,0,2,-1,0
1514892992097934,1,-3,-12,-3,3,0,0,-1
1514892992109942,-2,-1,13,1,-4,0,-2,-1
1514892992109942,-2,1,2,0,-2,-3,0,-2
1514892992116948,1,2,-7,-1,-1,1,-1,-1
1514892992116948,-2,-1,-1,-5,-1,0,0,0
1514892992135464,-2,-1,4,2,-3,-2,-2,-2
1514892992135464,-2,0,-6,-3,0,-1,0,0
1514892992136962,-2,-2,5,-1,-1,0,-2,-3
1514892992136962,0,-5,-6,0,-2,0,-1,-1
1514892992155475,-1,-2,4,-1,-2,-1,-2,-2
1514892992155475,1,1,-2,-3,0,2,-1,-1
1514892992157476,-3,-7,-4,-2,-2,-2,-1,-1
1514892992157476,0,-1,0,2,2,-1,-1,1
1514892992169486,1,1,1,-1,-2,-1,0,0
1514892992169486,-2,0,3,-1,-1,-1,-1,-2
1514892992178491,0,-1,-1,-2,2,-1,0,-2
1514892992178491,0,0,-4,-4,0,0,0,-1
1514892992193003,-2,-2,3,3,-2,-2,-1,0
1514892992193003,0,0,2,-3,-4,-3,-1,-1
1514892992196007,-2,-2,-2,0,-2,0,-1,-2
1514892992196007,-2,0,1,-3,-1,0,-2,-1
1514892992215517,0,0,0,0,-1,-1,1,0
1514892992215517,-1,-2,-7,-3,1,1,1,-1
1514892992217529,-2,-7,0,0,-1,-2,-1,0
1514892992217529,0,-2,0,0,-1,0,-2,-2
1514892992229527,1,4,-3,-4,-2,-3,-3,-1
1514892992229527,-2,0,1,1,0,-2,-1,0
1514892992238533,-2,0,-4,-1,1,-1,-1,-3
1514892992238533,-2,1,0,-2,-2,1,0,0
1514892992253053,-3,-1,1,1,-1,-1,-2,-3
1514892992253053,1,-1,-3,-2,-3,-1,-1,1
1514892992259559,-1,-2,-2,-1,-3,0,-1,0
1514892992259559,-2,-1,-1,0,0,-2,0,0
1514892992275560,-1,0,1,-2,0,0,0,-3
1514892992275560,1,-1,-1,0,-2,0,-1,-1
1514892992277561,0,-1,0,-1,0,0,-1,-2
1514892992277561,-1,-2,-2,0,0,-2,0,-2
1514892992289569,-3,0,2,-2,-1,-3,-2,2
1514892992289569,0,-1,-3,-1,-1,-1,-2,-1
1514892992304580,0,-2,-1,0,-1,-3,-1,0
1514892992304580,-1,-2,-3,-2,-1,-2,0,-1
1514892992314093,0,1,1,-2,-3,-1,-3,-1
1514892992314093,0,0,0,-2,-3,-1,-4,-1
1514892992317090,1,-3,-3,0,-1,0,-1,0
1514892992317090,-3,-7,-2,3,-1,-1,-1,-2
1514892992335603,-1,0,0,0,1,-1,0,-1
1514892992335603,-2,-2,-2,-1,-1,-1,-1,-3
1514892992337103,-3,-2,0,-1,-1,-1,0,-2
1514892992337103,0,-1,-1,-2,-1,-2,-1,0
1514892992349637,0,0,-1,-1,0,-1,0,0
1514892992349637,-1,-1,-2,-1,-1,-1,1,1
1514892992358645,-1,-1,1,-1,-1,-2,-2,-1
1514892992358645,0,0,0,-2,-1,-1,-2,-1
1514892992373155,1,-2,0,-1,-2,1,-3,-2
1514892992373155,0,-2,-3,-2,-1,-1,-1,0
1514892992375156,-2,-1,2,-1,-2,-1,-1,0
1514892992375156,0,1,-3,-3,-1,-2,-3,0
1514892992395682,-2,-1,0,-2,0,-1,1,-1
1514892992395682,-2,-1,-2,-1,-2,-2,-1,-2
1514892992398182,-1,0,-1,0,0,1,0,1
1514892992398182,-2,-2,-1,-1,-1,0,0,0
1514892992409680,-1,-2,-1,-2,-2,-1,-1,0
1514892992409680,2,-3,1,0,0,-1,-2,-1
1514892992419187,0,-1,-2,-1,-3,0,0,-1
1514892992419187,0,-1,1,0,-1,-3,-1,-1
1514892992433202,-2,1,-6,-2,0,-2,-2,1
1514892992433202,0,0,2,-1,-1,-1,-3,-1
1514892992434698,-1,-2,3,1,-2,-2,-1,-2
1514892992434698,0,-2,0,0,-1,-2,-1,0
1514892992463219,-2,-1,0,0,-3,-1,-2,-2
1514892992463219,-3,-2,-5,-4,-3,0,-1,-1
1514892992464720,-1,-4,-5,-1,-2,0,0,0
1514892992464720,1,-1,0,-2,-1,0,1,0
1514892992469223,0,1,1,2,0,-2,-2,0
1514892992469223,-2,0,-2,0,0,0,-1,-1
1514892992478228,-1,-2,0,-2,0,-1,0,-1
1514892992478228,-2,1,-1,-1,-1,1,-1,-2
1514892992493245,0,1,-1,-3,-2,-1,-2,-1
1514892992493245,0,-7,-2,1,-1,-1,-2,0
1514892992494758,-2,-4,-7,-2,-1,0,0,0
1514892992494758,0,2,6,0,-1,-1,-1,-2
1514892992523261,0,3,0,-2,0,0,-1,-1
1514892992523261,-2,-1,-2,-1,-2,-1,-1,-1
1514892992524764,-2,-3,-5,-1,-1,-1,-2,-2
1514892992524764,-2,-3,-1,0,-1,-1,-1,-1
1514892992529278,1,0,-1,1,-1,-1,-1,-1
1514892992529278,-1,1,-1,-2,-1,-3,-1,-1
1514892992538284,1,-1,-1,-1,-3,-1,0,2
1514892992538284,-2,0,-6,1,-1,0,0,0
1514892992552781,-2,-1,-2,-3,-2,-2,1,-1
1514892992552781,-1,-1,-3,-2,-2,1,-2,-1
1514892992559296,-2,-3,2,-2,-2,-1,-3,-1
1514892992559296,0,0,-1,-2,0,1,0,-2
1514892992574796,0,0,-3,0,-3,-1,-1,-1
1514892992574796,-2,1,-1,-3,-2,0,-1,-2
1514892992583303,-1,-3,0,2,0,-2,-2,-3
1514892992583303,-2,-2,-3,-3,-2,0,-2,-1
1514892992598314,1,1,2,0,-1,-1,-1,-2
1514892992598314,0,-1,-1,-3,-1,0,0,-1
1514892992599815,-2,-2,0,0,-2,-1,0,-2
1514892992599815,-1,-1,-3,1,-2,-3,-1,0
1514892992614334,-2,-1,-2,-1,-1,-1,-1,-1
1514892992614334,0,-1,1,1,-3,-1,1,-1
1514892992616826,-1,-1,-4,-3,1,0,1,-1
1514892992616826,-2,-1,4,1,-2,-1,-1,-1
1514892992635840,-2,0,-3,-3,0,-1,-1,-1
1514892992635840,-3,-3,0,0,-1,-1,-1,-1
1514892992637341,-2,-3,1,-1,-1,0,-2,0
1514892992637341,0,-2,-3,-5,-4,1,-2,0
1514892992658356,0,-1,-2,1,4,1,0,-1
1514892992658356,1,-3,-1,-5,-3,-2,-3,0
1514892992659857,0,0,-3,-2,-1,-1,-2,-1
1514892992659857,0,0,-2,1,-2,0,-1,-1
1514892992673366,-1,0,0,-4,-2,-3,-2,-1
1514892992673366,-1,0,0,-1,0,-1,1,-2
1514892992674871,-2,-1,1,-2,-2,-2,-1,-1
1514892992674871,-1,2,-2,-2,0,-2,0,0
1514892992695882,-2,2,1,0,-3,-1,-2,-2
1514892992695882,0,-4,-1,0,0,-2,-2,-2
1514892992697384,-1,-3,0,-1,-2,-2,-1,-1
1514892992697384,-1,-1,-3,-2,0,-2,0,-2
1514892992718899,-1,-1,-2,-2,-1,0,-2,0
1514892992718899,-1,-1,1,-1,1,-1,-1,0
1514892992721910,0,-2,-1,-2,-1,-1,-1,0
1514892992721910,0,0,-1,0,-1,-3,-1,-1
1514892992732918,-1,0,-1,-1,-1,0,-1,-3
1514892992732918,-2,-2,-1,-1,-1,-1,-2,-1
1514892992740917,0,-3,-1,0,1,0,0,-2
1514892992740917,-3,0,-1,-3,-3,-1,-1,-3
1514892992755925,-1,-1,0,-3,-2,-1,-1,-1
1514892992755925,-2,-3,-2,1,-2,-2,-3,0
1514892992757427,-1,-1,0,-2,-2,-1,1,-2
1514892992757427,0,3,-1,-1,0,0,-1,-1
1514892992777950,0,3,-2,-2,-1,-2,0,-2
1514892992777950,-1,-1,-3,1,3,-1,-2,-2
1514892992779952,-3,-4,-2,-1,-1,0,-1,0
1514892992779952,-1,0,-1,0,0,0,-1,-2
1514892992792450,0,-2,-1,-3,-4,-3,-2,0
1514892992792450,0,-2,-2,-2,0,0,-1,-1
1514892992799465,-1,-1,-1,1,-3,0,-1,-2
1514892992799465,-2,0,-1,1,0,-2,-1,-1
1514892992815467,-3,0,0,1,-1,-2,0,0
1514892992815467,-2,-2,-2,1,1,0,0,-2
1514892992817469,-2,-3,-1,-2,0,-2,0,-1
1514892992817469,-1,-1,-1,-2,-1,-2,-1,-1
1514892992838000,-1,0,-1,-1,-1,0,0,-2
1514892992838000,-2,-4,-2,-2,-3,-3,1,-1
1514892992839984,-1,-2,0,0,-3,0,0,1
1514892992839984,-3,-1,-2,-2,-1,0,0,0
1514892992860999,1,0,-3,-3,-3,-1,0,0
1514892992860999,0,0,-1,-1,-2,0,0,0
1514892992863000,0,0,-1,0,1,0,-1,-1
1514892992863000,-1,2,0,-2,-2,-2,-1,0
1514892992876009,-2,-4,-3,-1,-3,-1,-1,0
1514892992876009,-1,-2,-1,3,1,-2,0,0
1514892992877521,1,-4,-2,-2,-2,-2,-1,-1
1514892992877521,1,-1,-1,1,0,0,-1,1
1514892992898035,-1,2,-1,-2,0,0,-1,-1
1514892992898035,0,0,-1,-4,-5,-2,-1,-1
1514892992900036,-1,-7,-2,1,-2,-1,-1,0
1514892992900036,1,-3,-2,0,-3,-1,-1,-2
1514892992913536,0,1,0,1,-1,0,-1,0
1514892992913536,-1,-1,1,-1,1,2,-1,-1
1514892992919555,0,-1,-2,-2,-1,-1,-1,-1
1514892992919555,-2,0,0,-1,-2,-1,-1,0
1514892992936052,-2,0,-1,-1,0,-2,-2,0
1514892992936052,-2,-3,-2,-3,-3,-2,-2,-1
1514892992938054,-3,-2,0,-1,-1,-2,-1,-2
1514892992938054,-2,0,-3,-2,0,-1,-1,1
1514892992958568,0,-1,1,9,3,-2,-2,-2
1514892992958568,0,-1,0,-10,0,1,-2,0
1514892992960071,-1,-3,1,-2,-2,-3,0,-1
1514892992960071,0,1,-1,-2,-1,0,-1,-1
1514892992972578,-1,-1,-1,-5,-3,-1,-1,0
1514892992972578,-1,-2,-2,1,-4,0,0,-2
1514892992979082,-1,-1,-2,0,1,-2,0,-1
1514892992979082,-2,1,-2,-3,1,-2,-2,0
1514892992995595,1,1,-1,2,-1,-1,-1,0
1514892992995595,-2,-2,-2,1,-1,0,-1,-2
1514892992997096,-1,-1,-1,-4,-2,-2,-1,-2
1514892992997096,-2,0,0,-1,-2,-1,-1,0
1514892993018111,0,2,-2,-4,0,-2,0,-2
1514892993018111,0,-2,1,2,-1,-2,1,-1
1514892993020111,-1,-2,-1,5,-1,0,0,-2
1514892993020111,1,-1,-3,-1,-1,0,-1,-1
1514892993032621,-3,-2,-3,-2,-1,-3,-1,-1
1514892993032621,-1,-3,-2,-3,-2,-2,-2,-1
1514892993039625,1,-1,-1,-2,0,0,-2,0
1514892993039625,0,0,-2,0,0,-2,0,-1
1514892993055636,0,0,-1,-4,-2,-1,-2,0
1514892993055636,-3,-2,-1,0,0,-2,0,-1
1514892993057139,-2,-1,0,-1,-1,-1,-2,0
1514892993057139,-3,-2,0,1,-2,-1,-1,-1
1514892993078153,-1,0,-3,-6,-3,-1,-2,-3
1514892993078153,-2,-1,-3,3,2,0,-3,0
1514892993080154,-1,-6,-1,0,0,0,-1,-3
1514892993080154,0,5,5,0,-3,-1,-2,-1
1514892993092162,-1,0,-1,1,-1,1,-1,-3
1514892993092162,-1,-4,-2,-1,-2,0,0,-1
1514892993101168,-1,-3,-1,-5,-2,0,-1,0
1514892993101168,1,-2,-2,-2,-2,-1,-1,-1
1514892993115679,0,-1,0,0,-2,-1,1,-3
1514892993115679,-2,-2,-3,-3,0,-2,-2,0
1514892993117181,-3,-4,1,0,0,1,0,-2
1514892993117181,0,1,-1,-3,-3,-2,-2,1
1514892993138699,-1,1,-2,2,2,-1,-2,0
1514892993138699,-2,-3,-1,0,-1,0,1,0
1514892993140196,-1,-2,0,-1,-2,-1,0,-1
1514892993140196,-1,0,-1,-2,-1,-1,-2,-2
1514892993160712,-4,0,-2,-7,-3,-1,-1,0
1514892993160712,0,-5,0,12,-3,-2,0,-2
1514892993162213,-2,-1,-2,-1,5,0,-1,-2
1514892993162213,0,0,0,2,1,-3,0,-1
1514892993175721,-1,4,0,-2,-1,-2,-1,-1
1514892993175721,-1,-2,-1,-4,-3,-1,-1,-1
1514892993177223,-1,-2,0,-1,-2,-2,-2,-1
1514892993177223,-2,-1,-3,-1,2,1,0,-1
1514892993198238,-1,-2,-2,-2,0,-1,-3,-1
1514892993198238,-1,0,0,-3,0,0,0,-1
1514892993199739,2,-2,-4,-3,-3,0,-1,-2
1514892993199739,0,0,-3,1,1,0,0,-3
1514892993212253,0,0,-2,1,-2,-2,-1,-1
1514892993212253,0,-2,-2,-4,-2,-2,-2,-2
1514892993220763,0,-4,-2,0,1,-2,0,-1
1514892993220763,-2,2,-1,-3,-1,-1,-2,-1
1514892993235765,-1,-1,-4,0,0,0,-2,-1
1514892993235765,-2,0,4,-1,-1,-1,-3,0
1514892993237264,-2,-5,-2,4,-2,-1,-2,0
1514892993237264,-1,0,-2,-3,-2,0,-1,0
1514892993258281,-1,0,-2,-3,-1,-1,0,0
1514892993258281,0,-2,-1,0,0,-2,-2,-2
1514892993259782,-2,-1,1,0,-2,-1,-2,0
1514892993259782,-1,0,-2,-2,-1,-1,-2,0
1514892993271790,0,-1,-3,-3,-2,0,0,-1
1514892993271790,-1,-6,-2,-5,-2,-1,-2,-2
1514892993280796,-2,-1,0,2,-3,0,-2,0
1514892993280796,0,1,-2,-2,0,-1,-1,-1
1514892993295816,0,1,1,1,-1,-1,-1,0
1514892993295816,-1,-2,2,-2,-1,-1,-1,1
1514892993297317,0,-3,-1,-2,1,-2,-1,-1
1514892993297317,-1,0,-2,1,-1,-2,-2,0
1514892993318324,-1,0,-3,-1,0,-1,1,-2
1514892993318324,0,-1,-2,0,1,-1,0,-2
1514892993319824,-2,-2,-1,-1,-1,-1,-1,0
1514892993319824,0,-1,-1,0,-1,-1,0,-1
1514892993331832,0,3,1,-1,-1,-1,-3,-2
1514892993331832,-2,-4,-1,-3,-1,0,0,-1
1514892993347852,-2,-4,-1,-3,-1,0,0,-1
1514892993347852,-1,0,-1,-2,-2,-3,0,-1
1514892993356349,-1,0,1,0,2,1,0,-1
1514892993356349,0,-1,-1,7,0,-1,1,0
1514892993358353,-1,-2,0,0,-1,-1,-1,0
1514892993358353,-3,-2,0,2,-1,-1,-3,-2
1514892993377864,-1,2,1,-5,-3,-1,-2,1
1514892993377864,0,0,-1,-1,-1,-1,-3,-1
1514892993378366,0,-4,-4,1,-2,-1,-1,-1
1514892993378366,2,2,1,-3,0,0,0,0
1514892993399889,-1,1,2,3,-2,-1,-1,2
1514892993399889,-3,-2,-1,-3,-2,-2,0,-2
1514892993400890,0,-1,0,-1,-1,-2,0,0
1514892993400890,-1,2,-2,-1,-1,0,-2,-2
1514892993416391,-1,-1,-2,-2,-2,-1,0,-1
1514892993416391,-1,-3,-2,-1,1,-1,-1,-1
1514892993417392,0,-4,-1,-2,0,-1,-2,0
1514892993417392,-3,0,1,-1,-1,-1,-1,-3
1514892993437406,0,1,-3,1,0,-2,0,-2
1514892993437406,-1,-4,-3,-4,-3,0,-1,-2
1514892993438425,-3,-2,2,-1,-6,-2,-1,-3
1514892993438425,0,1,-1,-10,5,2,-1,0
1514892993459937,-2,-2,-2,8,1,0,-2,0
1514892993459937,0,1,-2,0,-1,-2,-3,-1
1514892993460933,-1,-4,0,-4,-2,-1,0,0
1514892993460933,0,0,-3,7,-1,-1,-1,0
1514892993474933,-1,1,-1,-6,-2,-2,-2,-3
1514892993474933,-1,-2,-2,-4,1,-3,0,0
1514892993475934,-3,-1,0,0,-1,0,0,-2
1514892993475934,-1,1,2,1,-3,0,0,-2
1514892993497458,-1,3,0,-4,-1,0,-1,0
1514892993497458,0,-3,-1,3,-1,0,0,0
1514892993498459,-1,-2,-4,-5,-1,1,-1,-2
1514892993498459,-2,-3,-3,0,-1,-3,-2,-1
1514892993519966,-1,0,-1,-2,-2,-3,-1,-1
1514892993519966,-2,-2,0,-1,-1,0,-1,1
1514892993520966,0,0,0,0,1,-1,-1,-2
1514892993520966,-1,1,-2,-3,0,-1,-1,1
1514892993534976,-1,-3,-1,-1,-1,-1,-2,0
1514892993534976,-1,-4,0,-3,-4,-2,-1,-1
1514892993535977,-2,-3,-1,1,0,1,0,0
1514892993535977,-3,0,-2,2,-2,-1,-1,-2
1514892993557507,0,1,-1,3,-1,-2,-1,-3
1514892993557507,0,-4,-2,-2,-1,0,1,-2
1514892993558993,0,-2,0,1,-2,-1,0,-2
1514892993558993,1,1,-2,-3,-5,1,-2,-2
1514892993580007,-1,2,-1,-4,-2,0,-1,-3
1514892993580007,-2,-4,-2,-4,0,-1,0,-1
1514892993581509,-2,1,3,-1,0,-2,0,1
1514892993581509,0,2,-1,2,0,0,-1,0
1514892993595019,-2,1,-1,-1,-2,-1,-2,0
1514892993595019,-2,-3,-1,1,-1,0,-1,-2
1514892993596020,-2,-2,-2,4,-2,-1,0,-1
1514892993596020,0,0,-1,-13,0,-1,0,-1
1514892993617534,-1,0,1,-2,-2,1,-1,0
1514892993617534,1,-1,-1,-1,-1,-1,0,-2
1514892993618035,-1,-2,-2,-1,0,-2,-2,-1
1514892993618035,-3,0,-1,3,-3,-3,0,-1
1514892993639549,0,0,-2,-3,-2,-1,-1,0
1514892993639549,-4,-5,-1,-3,-1,-2,0,-1
1514892993647555,-2,-2,-1,4,2,0,-2,-1
1514892993647555,-2,-1,-3,2,-1,-2,-3,-1
1514892993654561,0,1,-1,-10,-4,-1,0,-2
1514892993654561,-1,-3,0,7,1,0,-1,-1
1514892993662566,-1,-3,-2,-3,-1,0,-1,0
1514892993662566,-2,-2,-4,0,-2,-1,-1,0
1514892993677595,0,1,0,-1,1,-2,0,-1
1514892993677595,0,0,-1,-4,-2,0,-1,-1
1514892993678076,-1,-4,-5,-2,-2,-2,-1,-1
1514892993678076,1,0,2,0,0,-2,-3,-1
1514892993700102,-1,-1,-2,1,-2,-2,-1,-1
1514892993700102,0,0,5,0,-2,-1,-1,-1
1514892993701102,-1,-2,-3,-3,-2,0,-1,-1
1514892993701102,-1,-2,-2,1,-1,-1,0,0
1514892993715604,-2,-1,-2,1,2,-2,0,0
1514892993715604,-2,-3,-6,-7,0,-1,-1,-1
1514892993717605,-2,-1,2,0,0,0,1,-2
1514892993717605,-2,0,-1,-5,-4,-2,-1,-2
1514892993737618,-3,0,-1,5,0,0,-1,-2
1514892993737618,-1,-1,-2,4,1,1,-2,0
1514892993738119,-1,1,1,-1,0,-1,-1,0
1514892993738119,1,-1,-1,1,-3,-2,-1,-1
1514892993760135,0,-2,-4,5,3,-1,-1,-1
1514892993760135,1,-2,0,-5,-1,-1,-1,0
1514892993761135,-1,-4,-1,3,-2,-2,-1,-1
1514892993761135,-2,3,0,0,-1,-1,-1,0
1514892993783162,0,0,-1,-4,-2,1,-1,-1
1514892993783162,-1,1,1,-1,-1,0,-2,-1
1514892993784151,-1,-3,-1,-2,-2,1,-1,0
1514892993784151,-1,1,-2,-1,0,-1,-2,-2
1514892993797662,-1,-2,-1,-3,-1,-2,-3,0
1514892993797662,-2,-4,-2,2,1,-1,-1,-2
1514892993798162,-1,0,-1,-4,-1,-1,-3,-1
1514892993798162,0,1,-3,0,0,-1,0,1
1514892993820177,-1,-1,1,-1,-3,-2,-1,-2
1514892993820177,-3,-6,0,-2,-1,-1,0,-2
1514892993821177,1,-1,0,-2,-1,-1,0,1
1514892993821177,-2,0,-2,7,4,-1,-2,0
1514892993834697,2,1,3,9,-5,-2,-1,-1
1514892993834697,0,-1,-3,-7,1,-2,-3,1
1514892993835688,-2,-1,0,-1,-2,-2,-1,-2
1514892993835688,-2,-1,-2,-3,-2,0,1,0
1514892993857703,-2,-1,-5,-4,-4,-2,-1,-2
1514892993857703,0,-1,1,2,-4,-1,-1,-2
1514892993858705,0,-1,2,4,2,0,0,-2
1514892993858705,1,0,-2,-3,-2,-1,-1,-2
1514892993880219,-2,-1,-2,-5,1,-1,-1,-1
1514892993880219,-1,-2,1,0,-2,-2,0,-3
1514892993880720,0,-1,-2,-4,-1,-2,-1,0
1514892993880720,1,-1,1,0,-1,0,-1,0
1514892993894730,-1,-1,-2,-3,0,-1,-3,0
1514892993894730,-3,-2,0,-2,-3,-2,-1,0
1514892993895740,-1,1,-1,1,-1,-2,0,-1
1514892993895740,-2,-2,-1,-4,-1,-1,-1,0
1514892993917746,1,-2,-2,0,0,-1,-1,1
1514892993917746,-1,-3,-2,0,-1,-1,-1,1
1514892993918246,-3,-4,-4,-2,-2,-1,-1,0
1514892993918246,-2,-2,0,1,-2,-2,-3,-1
1514892993940763,-1,-1,-2,1,-1,-2,1,-2
1514892993940763,-1,-2,-2,-1,1,-2,-1,-1
1514892993941264,0,-2,-1,-1,-1,1,-1,-1
1514892993941264,0,2,-1,-4,-1,1,-1,-2
1514892993955281,-1,-1,-1,-2,-2,0,-1,-3
1514892993955281,-2,-2,-1,-1,-2,-2,1,-1
1514892993956783,-2,0,-1,2,1,0,-2,0
1514892993956783,-1,0,1,-8,0,-2,-1,-1
1514892993977788,0,1,-2,-7,-1,0,-1,-1
1514892993977788,-1,-3,2,-1,-1,-1,-1,0
1514892993978296,0,0,0,-3,0,-2,-1,0
1514892993978296,-1,1,1,3,-1,-3,0,-1
1514892993999805,1,-1,-2,-1,1,-1,0,1
1514892993999805,-1,-4,-3,1,0,-2,-3,-2
1514892994000806,0,-3,-3,2,-1,-1,-2,-2
1514892994000806,0,1,0,0,-2,-1,-1,-1
1514892994014814,-3,1,-3,-5,-1,0,-2,-1
1514892994014814,-2,-2,1,-3,-3,-4,-1,-2
1514892994015815,-1,-1,0,4,3,-2,-1,1
1514892994015815,-1,-1,-2,-3,-4,0,-2,-1
1514892994037331,0,-3,-3,-1,0,0,0,0
1514892994037331,-3,-7,1,-1,-2,1,-1,-2
1514892994038332,-3,0,0,2,-3,-1,-1,-2
1514892994038332,1,0,-1,-4,-1,-2,0,-1
1514892994059846,-3,-1,1,0,0,-2,-2,-1
1514892994059846,0,2,-2,0,1,-1,-1,0
1514892994060847,0,-1,-2,-6,-2,-2,-1,-1
1514892994060847,-1,0,-4,-2,1,-1,0,1
1514892994075379,-2,-4,3,-5,-5,-4,0,0
1514892994075379,-1,-3,-4,-1,0,-2,0,-1
1514892994075878,-1,1,-1,-5,0,1,-1,-1
1514892994075878,0,0,-3,3,-1,-3,-3,-3
1514892994097395,-1,-2,-6,-1,-2,-1,-1,-2
1514892994097395,0,1,6,-1,-1,-2,-1,0
1514892994098395,-1,-5,-3,3,-2,0,0,-2
1514892994098395,-1,-1,-1,0,-1,0,-1,-2
1514892994119911,-2,-2,-2,1,0,-1,0,0
1514892994119911,0,-1,-4,0,1,0,0,1
1514892994120912,-1,0,-4,-5,-3,-4,-1,0
1514892994120912,-1,-1,-1,-1,-1,-3,-2,-1
1514892994134421,0,-2,-1,-2,-1,-1,-1,-2
1514892994134421,-2,-3,-2,1,-1,0,0,0
1514892994142427,-1,0,2,-1,-1,0,-1,0
1514892994142427,-1,2,0,-3,-4,0,0,1
1514892994158438,-1,-2,0,3,-1,1,-1,0
1514892994158438,-1,-2,-1,-3,-1,-1,0,-2
1514892994159439,-1,-2,1,-2,-1,-1,0,-2
1514892994159439,-2,0,-1,3,1,-1,-1,-1
1514892994179953,-2,-2,0,-3,-1,-2,-2,-3
1514892994179953,-1,-1,-2,-3,-3,0,-1,-3
1514892994181454,0,0,-4,1,0,-2,-1,-1
1514892994181454,-2,-1,2,7,-5,-1,-1,-1
1514892994194463,1,-1,2,-11,3,-1,0,-1
1514892994194463,0,-2,-1,-1,-4,0,-2,-1
1514892994202468,-2,-1,-1,2,0,-2,-1,-2
1514892994202468,-2,-2,-3,-4,-2,-2,-1,0
1514892994217980,-1,-2,-2,8,1,-1,-1,-1
1514892994217980,-1,-4,-1,1,-2,-2,-1,0
1514892994218980,-2,0,0,-3,1,0,0,-1
1514892994218980,0,0,-1,-4,0,1,0,-1
1514892994248001,-2,-1,-2,-5,-4,0,-2,-2
1514892994248001,-1,0,-4,-4,-1,-1,-1,-1
1514892994249002,0,1,1,1,-3,-2,-1,-1
1514892994249002,0,0,-1,-7,-1,-1,-1,-2
1514892994254505,3,-3,-1,1,-2,0,-1,-1
1514892994254505,1,-1,-6,1,-2,-3,-2,-1
1514892994262512,-3,0,2,1,0,0,0,0
1514892994262512,-1,0,0,-1,1,0,-1,0
1514892994277522,0,-1,-4,-4,0,0,-2,0
1514892994277522,-1,-2,2,-1,0,0,-1,-2
1514892994278522,-2,-1,-3,0,-1,0,-2,-2
1514892994278522,-2,-4,-3,-1,0,0,-1,0
1514892994300038,-3,-3,0,2,1,0,1,0
1514892994300038,-2,-1,-1,2,0,-2,0,-1
1514892994300539,-2,-2,-3,-6,-2,-1,-1,-2
1514892994300539,0,2,1,1,0,-1,-1,-3
1514892994314047,-1,-2,-2,-3,-3,-3,-1,0
1514892994314047,0,-3,0,2,0,-1,-1,0
1514892994322554,-1,0,0,0,-1,1,0,1
1514892994322554,-1,1,-3,-4,-2,-2,1,-1
1514892994337563,0,0,2,-4,-4,-2,-2,-2
1514892994337563,-3,-3,-2,6,2,-1,-2,-3
1514892994338068,0,0,1,2,-1,-1,-1,-1
1514892994338068,-1,-3,-4,-4,0,0,-1,-2
1514892994360080,-1,0,-2,0,-2,-1,0,-1
1514892994360080,-1,-2,0,-4,-1,-1,-1,-3
1514892994360586,1,0,-2,-3,0,-3,-2,0
1514892994360586,1,0,0,1,-1,-3,-1,-1
1514892994383097,-1,-2,-1,-1,-1,0,0,-1
1514892994383097,-1,-3,-2,-4,-2,-1,-2,-1
1514892994384098,-3,0,-3,1,0,-2,0,-1
1514892994384098,-2,-2,-2,-3,0,-2,-1,-1
1514892994397606,0,-4,-2,-1,-2,-1,-1,-2
1514892994397606,-2,-3,-5,-2,1,0,1,0
1514892994398114,0,1,5,2,2,-1,0,-2
1514892994398114,0,0,1,-1,-1,-1,-1,0
1514892994421123,-2,-3,-2,-2,-1,-1,-1,-2
1514892994421123,-2,-3,0,9,-6,-2,-1,2
1514892994422123,-1,-1,-4,-16,0,-3,0,1
1514892994422123,-2,-1,-2,4,1,0,-1,0
1514892994434632,-2,-5,-2,2,0,-1,0,-2
1514892994434632,0,1,-1,-3,0,0,-1,-1
1514892994442638,1,1,0,1,-3,-2,0,0
1514892994442638,1,3,2,-1,2,-1,-1,-1
1514892994457665,0,-2,-1,-3,-1,-2,-1,-1
1514892994457665,-1,-2,0,0,1,-2,-3,-2
1514892994458150,-2,1,-3,-1,-1,1,-1,-3
1514892994458150,-2,3,3,-5,-2,-2,-2,-1
1514892994481666,0,-2,-1,2,1,1,1,1
1514892994481666,-2,-4,1,-4,-4,-3,-1,-1
1514892994482667,0,-2,-4,-1,0,-1,-1,0
1514892994482667,1,-1,-4,1,0,0,-2,-2
1514892994503181,-2,-1,3,-1,0,-1,0,-2
1514892994503181,-2,-4,1,-2,-2,0,0,-1
1514892994504181,-1,-1,-3,-2,-3,-1,-2,-1
1514892994504181,-2,2,-3,1,-1,1,2,-1
1514892994517191,-1,-1,0,-2,-1,-3,-1,-1
1514892994517191,-1,1,1,-2,0,-1,0,-1
1514892994525197,0,0,-2,-8,-3,-2,-1,0
1514892994525197,0,2,-1,-3,0,-1,-1,-1
1514892994541208,-1,-1,-2,1,0,0,-2,0
1514892994541208,-1,-2,-3,2,-1,-1,1,-1
1514892994541713,0,3,3,3,-1,-1,1,0
1514892994541713,-1,-1,-1,-3,-2,-2,-1,-2
1514892994563224,-2,-1,-1,1,-1,-1,-1,-1
1514892994563224,0,0,0,-2,0,0,-2,-1
1514892994564225,-1,-2,-3,2,1,-1,-2,-1
1514892994564225,0,1,-5,-3,-2,-1,-2,-1
1514892994577234,0,-2,7,2,-1,0,-2,0
1514892994577234,0,-3,-1,-1,0,1,-1,1
1514892994578235,-2,1,1,-1,-1,-1,0,-2
1514892994578235,-1,2,-2,-1,-3,-1,-1,0
1514892994600750,-1,-1,-5,-7,-3,-2,0,-2
1514892994600750,-2,-3,-1,9,7,1,-1,-2
1514892994601260,-1,-1,0,4,-1,-2,-2,-2
1514892994601260,-3,-2,0,-1,-1,-2,0,-1
1514892994623766,-2,-6,-5,-3,-1,-1,-2,-3
1514892994623766,1,-1,0,-5,-5,-2,-2,0
1514892994624266,0,2,-1,0,0,0,-1,-1
1514892994624266,-2,-3,-2,-6,-3,-2,-2,-1
1514892994637776,-2,-3,0,15,1,0,-3,0
1514892994637776,-3,-3,-2,-11,-3,-1,0,-2
1514892994639276,0,-1,-1,1,1,0,-2,-2
1514892994639276,-1,1,2,-4,-1,-2,1,-1
1514892994660793,1,-3,-6,-4,-2,-1,0,0
1514892994660793,-2,-3,1,6,-1,-2,-1,-2
1514892994661294,0,1,-3,-3,-2,-1,-1,0
1514892994661294,-1,1,-2,-1,-3,0,-2,-1
1514892994683308,-1,-2,0,-2,0,1,0,-2
1514892994683308,0,-4,-4,-2,-2,-1,0,0
1514892994683808,-1,0,0,-4,-1,-3,0,0
1514892994683808,0,2,1,3,1,0,-1,0
1514892994697318,-2,-3,-3,-6,-2,-2,-2,0
1514892994697318,0,-2,-3,-8,-4,0,0,-2
1514892994698319,-2,1,3,2,-1,-2,0,-1
1514892994698319,1,2,-1,0,1,-1,-1,0
1514892994720846,-2,-6,-3,-4,0,-1,1,-1
1514892994720846,-2,-4,-3,1,0,-1,-2,-1
1514892994721348,-2,1,0,2,-1,0,-3,0
1514892994721348,-1,0,-2,2,-2,-1,-1,-1
1514892994743351,0,1,-2,-8,-1,-1,0,-1
1514892994743351,-1,-2,-2,-3,-1,-2,-2,-1
1514892994743860,0,-2,-6,-5,-2,-2,-1,-2
1514892994743860,0,2,4,3,-2,-2,0,-2
1514892994757361,-1,-1,-1,5,1,0,0,-3
1514892994757361,0,-4,-2,-2,-1,-1,0,-1
1514892994758363,-1,2,1,1,-3,-2,-2,-2
1514892994758363,-1,1,-3,-4,-1,-2,1,-2
1514892994780876,-1,-3,-1,-1,1,-2,-1,-2
1514892994780876,0,0,-2,-3,-2,0,0,0
1514892994781377,-2,-1,3,0,-2,1,-1,-2
1514892994781377,-1,1,-1,-2,-3,-1,-1,0
1514892994803392,-1,1,2,-3,-1,0,0,0
1514892994803392,-2,0,0,-1,0,-1,-3,-1
1514892994803894,-2,-2,-2,11,-2,-1,-2,-1
1514892994803894,0,-2,0,-15,0,0,-1,0
1514892994817404,-1,-3,0,5,0,0,-2,1
1514892994817404,-2,-3,-1,0,-2,-3,-2,0
1514892994818411,1,3,-3,-3,-1,-1,1,-1
1514892994818411,-3,-1,-4,1,0,-3,-2,-1
1514892994841420,0,0,4,-2,-5,-1,0,-1
1514892994841420,-1,-3,-3,-5,-1,0,-1,1
1514892994841927,-1,2,2,-1,0,-1,-1,0
1514892994841927,-1,-2,-2,2,0,0,-2,-1
1514892994862936,-1,-2,1,-3,-1,-2,0,-2
1514892994862936,-2,-2,2,3,-2,0,0,-3
1514892994863937,0,0,-7,-7,0,-3,-2,-2
1514892994863937,0,1,5,5,0,-1,-2,-3
1514892994877458,-1,-3,-3,-1,-1,-2,-2,-2
1514892994877458,-1,-3,0,1,0,0,0,-1
1514892994878447,-2,3,-3,-4,-1,-2,0,0
1514892994878447,0,0,-2,-5,-1,-1,-1,0
1514892994900471,0,-3,-3,-1,2,0,-1,0
1514892994900471,0,-4,-1,0,0,-2,-1,-1
1514892994901472,1,-1,-2,0,0,1,-2,0
1514892994901472,1,-1,-1,-1,-1,-1,0,0
1514892994930492,0,-3,-1,1,-1,-1,-1,-2
1514892994930492,0,-1,0,4,-1,-1,0,-2
1514892994931483,-2,-3,-7,-9,0,0,1,0
1514892994931483,-2,-5,-4,-2,-2,-1,-2,0
1514892994945993,-2,1,6,-1,-1,-2,-2,0
1514892994945993,-3,-3,-1,-1,-4,-2,-2,-1
1514892994946494,0,1,-1,0,-2,-1,-1,-1
1514892994946494,0,1,3,-2,-2,-1,0,-1
1514892994960505,-1,-2,-4,0,1,0,0,1
1514892994960505,-3,-5,-3,-1,-2,-3,-3,-1
1514892994961505,-1,1,2,2,0,0,0,0
1514892994961505,-2,0,-3,-6,-2,-4,-1,-1
1514892994983021,0,-4,-4,0,0,-1,-1,-1
1514892994983021,-1,0,2,0,0,-3,-2,-1
1514892994984021,-1,1,-1,1,1,-2,-1,0
1514892994984021,-2,1,-3,-2,-3,-1,-1,-2
1514892994997531,0,-3,0,-2,-3,-2,0,-2
1514892994997531,0,-4,-3,-4,-1,0,-1,-1
1514892994998530,0,2,-3,2,-3,-1,-2,-2
1514892994998530,0,0,0,-1,-1,-1,-1,0
1514892995020548,-3,1,-1,-2,-4,-2,0,-2
1514892995020548,-1,-3,0,-2,3,2,0,-1
1514892995021548,-2,-1,2,5,0,-1,-1,-1
1514892995021548,-1,1,-4,0,-1,0,-2,-1
1514892995043064,-1,-3,-4,-3,-3,1,-3,0
1514892995043064,0,-4,2,2,-2,-3,-1,-1
1514892995044063,0,-2,-1,-6,1,1,-1,-3
1514892995044063,-2,0,-2,4,1,0,-1,-2
1514892995057604,-1,-3,-2,0,0,-1,-2,0
1514892995057604,-1,-2,-2,-1,-1,0,0,0
1514892995058105,-1,2,-1,-2,-2,0,-3,-1
1514892995058105,1,1,-1,-5,-1,-1,-2,-1
1514892995080630,-1,0,0,0,0,-2,-2,-1
1514892995080630,1,-1,-2,-5,-2,1,-1,-1
1514892995081631,-2,-4,-2,-2,-1,-1,-1,0
1514892995081631,-1,0,-2,1,-2,1,0,-1
1514892995103137,-3,-5,-5,13,-2,-2,0,0
1514892995103137,-3,-2,4,-10,0,-2,0,0
1514892995104145,-1,2,-1,2,1,-2,-1,0
1514892995104145,-1,1,0,-2,-1,-3,-2,-1
1514892995116656,-1,-2,-3,-7,-3,-1,-3,-1
1514892995116656,-3,-5,-4,3,2,0,-1,-1
1514892995125155,0,-2,0,1,-2,-1,-1,-1
1514892995125155,0,1,-1,2,-1,-1,-1,-1
1514892995140663,-1,-2,1,-3,-2,0,0,-1
1514892995140663,1,-1,0,1,-1,-1,-1,-1
1514892995142166,-1,1,1,-5,-1,-1,-3,-1
1514892995142166,1,2,-9,0,-1,-1,-1,-1
1514892995162191,0,-1,9,-3,1,0,0,-1
1514892995162191,1,-1,-1,1,-1,-2,-1,0
1514892995170196,-1,-2,-3,-1,0,-1,1,0
1514892995170196,-1,2,0,-3,-1,0,-3,-2
1514892995176691,-4,-4,-3,0,-3,-2,-1,-2
1514892995176691,-2,-1,-3,-11,0,-2,0,-1
1514892995184703,0,0,-1,-4,-5,-1,-1,-2
1514892995184703,-2,-2,-2,2,0,-2,0,-2
1514892995200718,0,-3,-3,-4,0,-2,0,0
1514892995200718,-1,0,3,8,1,0,-1,-1
1514892995201718,0,-1,-2,0,-2,-2,-3,-2
1514892995201718,0,0,1,-5,-2,0,-1,-1
1514892995223234,-1,-3,-2,4,-1,-3,0,0
1514892995223234,-2,-3,-3,-1,-1,0,0,0
1514892995223722,-1,0,1,-4,-2,-2,1,-2
1514892995223722,-1,-1,-3,-4,-2,-1,-1,-2
1514892995237241,0,-3,3,-2,0,0,0,-1
1514892995237241,-3,-1,-1,6,-1,-1,-1,0
1514892995245246,-2,3,-2,-4,-2,-1,-2,-1
1514892995245246,-1,-1,2,-1,-3,-1,0,0
1514892995260747,-1,-3,-4,-9,-2,-3,-1,-1
1514892995260747,-1,-4,1,-2,0,-1,-1,-1
1514892995261749,0,-2,-3,2,-1,-1,-2,-1
1514892995261749,0,1,-1,-4,-3,-1,0,0
1514892995283264,0,0,0,5,1,0,-1,-2
1514892995283264,-2,-6,-4,6,0,-1,-2,-3
1514892995283764,-2,0,4,-2,-2,0,-3,-1
1514892995283764,-1,-1,-2,2,0,-1,-2,1
1514892995296773,0,-1,-1,-5,0,1,0,0
1514892995296773,1,1,3,-2,-3,-1,-1,0
1514892995305279,1,2,-2,-1,0,-1,0,0
1514892995305279,-2,-1,2,3,0,-1,-2,-1
1514892995320300,-2,-3,-4,-3,-2,-1,-2,0
1514892995320300,0,-3,-3,-4,0,0,-2,1
1514892995321300,-2,-1,-1,-1,-1,1,0,0
1514892995321300,-1,-1,1,0,0,1,-1,-1
1514892995343305,-1,0,2,10,0,-1,-1,-2
1514892995343305,-1,-1,-4,-11,-4,-1,-1,-3
1514892995343806,0,1,1,-2,-2,-1,-2,-2
1514892995343806,-4,-2,-3,-3,-2,-2,-2,-2
1514892995357316,-2,-2,-2,0,0,-2,-1,0
1514892995357316,-1,-1,-2,3,-1,-2,-1,-1
1514892995364833,-1,-1,-5,-2,-1,-2,-1,0
1514892995364833,-3,-2,3,-1,-4,-3,-3,-1
1514892995381343,-2,-4,-3,-4,-1,1,-2,-1
1514892995381343,-2,0,1,0,-1,-1,3,-1
1514892995381850,-2,3,-3,-8,-2,-1,0,-2
1514892995381850,-1,-1,-3,3,3,-1,0,-1
1514892995403361,-2,1,0,-6,-3,0,-1,-1
1514892995403361,-2,-2,-3,-1,0,-1,0,-1
1514892995403849,-2,-5,1,1,-3,-3,-1,-2
1514892995403849,-1,-3,-4,-5,2,0,-2,0
1514892995425880,-2,-1,-1,0,-1,0,0,-2
1514892995425880,0,-2,-1,-4,-3,1,-1,-2
1514892995426365,2,2,2,7,2,1,0,0
1514892995426365,-1,1,-2,-2,-3,-1,-1,-3
1514892995439384,-2,-3,-3,2,5,2,0,0
1514892995439384,-3,-1,2,4,-1,-1,0,1
1514892995448390,0,-1,-1,-5,-3,1,-1,-2
1514892995448390,-1,-1,-4,-5,-2,-2,-2,-1
1514892995463391,-2,-1,5,2,-1,-1,-2,0
1514892995463391,0,-3,-2,4,0,-1,0,-1
1514892995464892,-2,1,-2,1,-1,-1,-2,-2
1514892995464892,2,3,2,0,0,0,1,0
1514892995485907,-1,-3,-2,-3,-3,-3,-1,0
1514892995485907,-2,-1,2,14,-1,-1,-3,0
1514892995488419,0,1,-5,-13,1,-2,-2,1
1514892995488419,1,-2,0,1,-3,-1,-3,-2
1514892995499426,-1,-1,-2,-4,-2,-1,0,-3
1514892995499426,0,1,1,5,0,0,1,-1
1514892995509925,-2,0,-5,0,-2,-1,0,1
1514892995509925,-2,-1,3,-1,-2,-2,1,-1
1514892995522942,-1,-2,-4,0,-2,-2,-2,-2
1514892995522942,-2,-3,-6,-4,-2,0,-1,0
1514892995524946,-1,0,0,3,0,-1,-1,-1
1514892995524946,1,-1,-1,-5,0,0,-1,0
1514892995545949,-2,-4,-2,-3,-3,0,-1,-3
1514892995545949,0,1,1,-4,0,-1,0,-1
1514892995547951,-1,-3,-3,1,-1,0,0,-1
1514892995547951,-2,-2,-2,3,0,1,-1,0
1514892995559502,1,0,1,0,-1,-2,0,-1
1514892995559502,1,1,-4,-4,0,0,-1,0
1514892995568505,-1,3,5,-1,-2,-2,-2,-2
1514892995568505,0,-3,-5,9,-1,-2,-1,0
1514892995583016,-2,-1,4,-12,1,-2,0,-1
1514892995583016,0,-1,0,-3,-3,0,0,0
1514892995585017,1,-1,-3,-1,-3,-1,-2,-1
1514892995585017,-3,0,1,-2,-2,-1,-1,-3
1514892995605521,-1,-3,-2,5,1,-1,-1,-1
1514892995605521,1,0,-1,-8,-3,-1,1,-1
1514892995607522,0,-2,0,5,1,-1,-2,-1
1514892995607522,-1,-2,-5,-2,-1,-2,-1,0
1514892995620047,0,-3,-2,-2,-3,-1,-1,1
1514892995620047,-2,-2,1,-5,0,-2,-2,-1
1514892995634542,-2,0,-3,1,0,0,0,0
1514892995634542,-1,-2,-1,-3,-1,-1,-2,0
1514892995643048,0,0,1,0,-2,-2,-2,0
1514892995643048,0,-1,-3,-1,-2,-3,-2,-1
1514892995644549,1,0,3,2,0,-2,0,-1
1514892995644549,-1,-1,5,-1,-2,-2,-1,-3
1514892995665565,-1,-1,-1,-10,3,0,0,-2
1514892995665565,-2,-2,-3,-4,-3,-1,0,-1
1514892995668066,-2,0,-2,1,0,-2,-1,0
1514892995668066,-3,-5,-4,-4,0,-1,-2,-2
1514892995680074,-2,-1,-2,5,-2,-4,-2,-1
1514892995680074,0,1,0,-2,-1,1,-2,-1
1514892995687580,0,0,0,-7,-3,-1,0,0
1514892995687580,-1,-1,0,8,1,0,0,-1
1514892995711096,-1,-3,-3,0,-2,-1,-2,-2
1514892995711096,-1,-1,-6,-2,-1,-2,-1,0
1514892995712600,-2,0,2,1,1,0,1,-3
1514892995712600,0,0,-1,-4,-2,-1,-1,-1
1514892995725608,-1,-2,-1,4,-1,-1,-1,0
1514892995725608,-1,0,2,-1,2,-2,-1,-1
1514892995727108,0,0,-4,-2,-2,0,0,-1
1514892995727108,0,2,-1,10,-1,-2,0,1
1514892995740126,-2,-3,-4,-15,-1,1,1,0
1514892995740126,-2,-3,0,5,0,-2,-2,-1
1514892995746623,-1,-1,-3,-1,0,-1,-3,-2
1514892995746623,-1,-1,-5,-4,-2,-1,-2,-1
1514892995763167,1,-2,-1,4,-3,-1,-1,-2
1514892995763167,-2,2,6,-4,-2,-1,-1,-1
1514892995764679,-1,1,-3,3,1,-1,1,-1
1514892995764679,0,-1,-1,-6,0,-2,-3,-2
1514892995785683,-1,-5,-4,4,-1,0,0,0
1514892995785683,-2,0,-3,-4,-2,-1,0,-1
1514892995788185,0,1,1,-1,-2,-1,-1,2
1514892995788185,-1,-2,1,-5,-4,-2,0,0
1514892995799693,0,-2,0,3,2,-1,0,-3
1514892995799693,1,0,-1,6,2,-1,-2,-2
1514892995806696,-1,2,-3,-5,-3,-1,-1,-1
1514892995806696,-1,1,-4,-6,-1,0,-1,1
1514892995823218,-1,-5,-1,1,-2,0,-2,-1
1514892995823218,-1,-1,-1,-1,-1,-1,-1,-1
1514892995824721,0,-1,-7,-3,0,-2,-1,-2
1514892995824721,0,-1,4,-3,1,-2,-1,-2
1514892995845725,-3,0,2,3,-1,-1,-1,0
1514892995845725,-2,2,-1,0,-1,1,-1,-1
1514892995848240,0,-2,-3,-6,-3,0,-1,0
1514892995848240,-1,-3,0,4,0,0,1,-1
1514892995860236,0,-2,-1,-2,1,-1,-1,-2
1514892995860236,-1,-2,-4,3,-2,-2,-1,-1
1514892995866740,0,0,1,-3,0,-2,-2,-1
1514892995866740,-1,-1,-2,-4,-3,-1,-2,-1
1514892995883260,0,-1,-2,-5,-3,0,-2,0
1514892995883260,0,-3,-4,3,4,-2,0,0
1514892995884762,0,1,11,4,-2,-3,0,1
1514892995884762,-2,-2,-2,-5,-3,-1,-2,-1
1514892995905276,-3,-2,0,-2,0,-1,-1,-1
1514892995905276,-2,3,-1,-3,-3,-2,-1,-2
1514892995912282,-2,-2,-6,-3,-1,-2,-1,-2
1514892995912282,-2,-5,-5,-1,0,0,0,-1
1514892995919278,0,-3,0,-6,-2,-2,-1,0
1514892995919278,-1,1,3,3,-1,-1,0,-2
1514892995928293,-1,1,-1,5,-1,1,-1,-1
1514892995928293,-1,-2,-2,-6,-1,0,0,-3
1514892995943793,-2,-3,-3,3,-3,0,-1,0
1514892995943793,-1,0,-3,-2,1,-1,0,0
1514892995945307,-1,0,0,-4,-3,-1,-2,-1
1514892995945307,0,-2,4,2,0,-3,0,-1
1514892995965310,-1,-2,0,-2,-4,0,1,-2
1514892995965310,-1,-2,-2,-3,-2,0,-2,-1
1514892995967322,0,0,-3,-3,0,-1,-2,-1
1514892995967322,0,-2,-3,-2,-1,-2,-1,-1
1514892995979334,-1,-2,0,4,1,-3,-1,-3
1514892995979334,-1,0,-1,-3,-3,-3,-2,0
1514892995988325,-1,-2,-3,-1,-1,-2,0,-2
1514892995988325,0,-1,0,11,-1,-2,-1,-1
1514892996003336,-2,-3,-4,-10,1,0,0,1
1514892996003336,-1,1,-2,-1,-2,-1,-2,-1
1514892996004837,-2,0,2,-7,-3,-1,-3,0
1514892996004837,1,0,-1,2,-2,-1,0,-1
1514892996033357,-1,-4,-4,4,1,2,0,-1
1514892996033357,-2,-1,0,-5,-3,-1,-1,0
1514892996034859,0,-1,-4,3,2,0,-1,0
1514892996034859,0,-4,-1,-2,1,-1,-2,0
1514892996039363,0,1,-1,1,-2,-2,0,-2
1514892996039363,-2,1,-1,-1,1,0,-1,0
1514892996048369,-2,0,-2,-4,-1,0,-1,0
1514892996048369,-2,-4,-4,-2,-1,-1,-1,1
1514892996064381,-1,0,3,-3,-2,-2,-3,-3
1514892996064381,1,0,-2,1,-1,-1,0,-1
1514892996066880,-2,-3,0,-3,-3,-2,1,-2
1514892996066880,-1,-2,-3,-5,-3,0,-2,0
1514892996085894,0,-4,0,15,0,-2,-3,-2
1514892996085894,-1,-2,-4,-14,-2,1,-2,-2
1514892996087398,-1,2,3,3,0,0,-2,-1
1514892996087398,-1,-2,-2,-7,-1,0,0,0
1514892996099406,-1,-3,2,1,-3,0,0,-1
1514892996099406,-1,0,-1,1,-3,-2,-3,0
1514892996110411,-1,-1,-5,-2,0,-2,-1,0
1514892996110411,-1,-1,3,1,0,0,-1,-2
1514892996122920,-4,-3,-1,-3,0,-1,-2,0
1514892996122920,-2,0,2,2,-2,-1,-2,-3
1514892996124922,0,5,0,-6,-5,-1,0,2
1514892996124922,-3,-4,-3,0,-1,-2,-2,-2
1514892996145936,-1,-3,-4,-4,1,-1,1,-1
1514892996145936,-1,2,1,2,0,0,1,0
1514892996147439,-2,-2,0,0,-2,-3,-1,-3
1514892996147439,-3,-2,-1,-2,3,1,-1,-1
1514892996159449,-2,1,1,-9,-1,-2,0,0
1514892996159449,-2,-3,-6,-3,-1,-2,1,-2
1514892996168455,1,2,2,3,1,-2,1,-2
1514892996168455,0,-3,-1,-3,-4,-4,-2,-1
1514892996183466,-1,-2,-2,0,-3,0,-3,-1
1514892996183466,-1,-1,0,6,5,-1,-2,-1
1514892996189467,-1,1,-3,-1,-1,-1,-2,-2
1514892996189467,-2,0,-1,0,-3,-2,-1,-1
1514892996205479,0,-2,0,3,0,-2,-1,-2
1514892996205479,-1,-1,-1,-3,-2,-1,-1,-2
1514892996207480,-2,0,-3,0,0,0,-1,-1
1514892996207480,-1,-2,1,-2,-3,0,0,-2
1514892996219489,-1,-2,-3,-2,-3,0,-1,-1
1514892996219489,-2,1,0,-2,-1,-2,-1,-1
1514892996230497,-2,0,-3,4,4,1,0,0
1514892996230497,-1,-2,1,-7,0,-1,-2,0
1514892996243505,-2,-3,1,-3,0,-1,-1,-2
1514892996243505,-1,1,1,0,-3,-1,-1,-1
1514892996245006,0,-1,-1,-4,-2,-2,-2,0
1514892996245006,1,-2,-2,13,0,0,-2,1
1514892996266022,-4,-6,-7,-10,0,1,-1,-2
1514892996266022,-1,2,0,2,-1,-1,-1,0
1514892996267522,1,0,1,-4,-2,-1,-2,-1
1514892996267522,-3,-4,-4,-1,0,-1,0,-2
1514892996279532,-2,0,0,1,-2,-1,-1,-1
1514892996279532,-1,2,0,0,-1,0,-1,-1
1514892996288038,-1,1,-2,-2,-1,-2,-1,0
1514892996288038,0,-3,-2,-2,0,-1,-1,-1
1514892996303047,-1,-1,1,4,-2,-1,-1,-1
1514892996303047,-3,-5,-1,-6,-2,-1,-1,0
1514892996304548,0,0,-1,7,2,0,-1,-1
1514892996304548,-1,-1,-5,-5,-2,-1,0,-2
1514892996325563,-2,-4,3,0,-2,-1,-1,-1
1514892996325563,1,3,5,0,-1,-1,-1,0
1514892996327565,-3,-1,-2,-5,-5,-2,-2,-1
1514892996327565,-2,-4,-1,-1,2,-1,-2,0
1514892996339073,0,-3,-5,-2,-1,-2,-1,1
1514892996339073,0,2,-1,3,-1,-1,-3,-1
1514892996348581,-1,-2,-4,1,2,0,-1,0
1514892996348581,0,-2,3,-3,-1,-1,0,-1
1514892996363093,-1,-3,-2,-1,-2,-2,-1,-1
1514892996363093,-2,1,-2,12,1,-1,-1,0
1514892996364591,0,0,-4,-17,0,-1,-1,-1
1514892996364591,-2,-3,-2,1,-3,0,-2,-2
1514892996386610,1,-2,-5,-4,0,-1,-1,0
1514892996386610,-1,0,6,2,-2,-2,-1,-1
1514892996391610,0,0,0,6,-1,0,0,-1
1514892996391610,0,-1,1,-3,-1,-1,-1,0
1514892996408123,-1,-3,0,-2,0,1,-1,-1
1514892996408123,-1,-1,-8,-6,-1,-2,-1,-1
1514892996409624,0,3,2,-3,-2,-1,-1,-1
1514892996409624,0,-3,0,-4,-1,-1,0,-1
1514892996425134,-2,-1,-1,4,0,-1,-3,-1
1514892996425134,0,0,-3,-4,-1,-1,0,-1
1514892996427638,-2,0,-1,3,0,-1,-2,-1
1514892996427638,-2,-4,-5,-4,-3,-1,-1,-2
1514892996453654,-1,-4,5,-1,-2,-2,-3,-3
1514892996453654,-2,2,0,0,0,0,-2,-2
1514892996457156,0,5,-1,-3,-4,-1,-1,-1
1514892996457156,-3,-6,-3,0,-1,0,0,-1
1514892996468164,-4,-5,-3,-1,1,-1,1,1
1514892996468164,-1,-1,-2,-4,-2,-1,-1,0
1514892996469665,-2,0,-1,9,-2,-3,-1,1
1514892996469665,-1,1,3,-2,2,-1,-1,0
1514892996484176,-2,0,-1,-4,-1,-2,0,-1
1514892996484176,-1,-2,4,-5,-2,-2,-1,-2
1514892996486677,0,-3,-4,1,-2,0,-1,-3
1514892996486677,-1,-3,-2,-1,-1,1,-1,0
1514892996506709,-1,-2,-2,-3,-2,-1,-1,-1
1514892996506709,-1,2,2,0,-1,0,-3,1
1514892996510195,-2,1,0,-7,-3,0,-2,1
1514892996510195,0,-1,0,2,1,-1,-2,-1
1514892996528206,-1,-5,-3,-1,-1,0,0,0
1514892996528206,0,2,-7,-4,-2,-2,0,0
1514892996529707,0,-1,-2,-2,-1,-2,-1,-2
1514892996529707,-1,-3,-1,-3,-2,-1,0,-2
1514892996550737,0,-3,-2,-1,-2,-1,-2,-3
1514892996550737,-1,0,-3,0,1,1,1,-1
1514892996552238,-2,1,1,0,-2,0,-1,-1
1514892996552238,-2,-1,1,-2,-2,1,0,-2
1514892996565745,1,-2,-2,5,0,0,0,-2
1514892996565745,-1,-2,-2,-7,-3,-2,-1,0
1514892996567234,-3,-1,-6,-3,-3,-3,-1,-2
1514892996567234,0,-2,-1,-2,-1,-2,0,0
1514892996588261,-2,-3,3,2,-1,0,-2,0
1514892996588261,1,0,-7,-6,-2,0,-1,0
1514892996590751,-1,-2,-8,-3,1,0,-2,-1
1514892996590751,0,1,8,6,-2,-5,-1,0
1514892996602268,0,-2,-2,0,-1,-1,0,-2
1514892996602268,-2,2,-1,2,0,1,-1,0
1514892996609766,-1,-2,-12,-8,-2,-1,0,-2
1514892996609766,-2,0,5,-3,-2,-3,-2,-1
1514892996625789,-1,-2,15,3,1,-1,-1,0
1514892996625789,0,-2,-4,5,3,-1,0,0
1514892996627277,1,1,2,-2,0,0,0,-1
1514892996627277,-4,-3,-7,1,-5,-1,-1,-1
1514892996648291,-4,0,-1,-13,1,2,0,1
1514892996648291,-2,2,6,7,-2,-1,0,-1
1514892996650809,-1,-3,-4,-3,-1,-2,-2,-1
1514892996650809,1,-2,-10,0,0,-1,0,-1
1514892996662302,-2,0,7,-4,-6,-4,-2,-2
1514892996662302,1,2,3,1,1,-1,-1,-1
1514892996669817,-1,4,-10,8,2,0,0,-1
1514892996669817,-1,-1,4,-6,-4,-1,-1,-2
1514892996685820,0,-2,-7,7,-1,0,-1,-1
1514892996685820,-1,-3,-6,-26,-4,-4,-3,-2
1514892996688321,0,2,10,12,-1,0,-1,-1
1514892996688321,-1,-7,-8,19,14,1,-2,0
1514892996715879,-2,-2,-2,-9,-5,-3,-1,-2
1514892996715879,-3,6,8,15,-7,-3,4,1
1514892996717341,-1,-3,-4,-27,1,-1,-1,2
1514892996717341,-3,-3,-2,-4,-10,-3,-11,-8
1514892996722344,-2,-9,-6,21,24,5,5,18
1514892996722344,0,1,-6,-32,-21,-5,5,-18
1514892996729350,1,-3,-14,-1,16,3,0,13
1514892996729350,0,-4,4,-23,-7,1,6,10
1514892996745872,0,0,-10,8,-3,-5,-7,-17
1514892996745872,-2,3,5,16,-4,-2,-16,-4
1514892996747861,-2,6,20,8,-7,-3,5,0
1514892996747861,-4,-8,-16,-4,1,-1,-1,-8
1514892996767876,2,2,10,10,-2,-1,-7,-3
1514892996767876,-1,-5,-12,-4,4,1,4,2
1514892996769880,-1,3,16,5,-4,-1,-4,-7
1514892996769880,-2,-4,-32,-9,-1,2,4,5
1514892996782395,0,4,3,-1,-5,1,3,1
1514892996782395,-3,-3,-8,-2,4,-1,-3,3
1514892996789392,1,2,-10,-7,-1,-2,0,-2
1514892996789392,-1,1,20,30,-5,-3,-1,0
1514892996805412,-2,-6,-16,-34,2,2,1,-2
1514892996805412,-3,-5,17,17,6,0,-5,-2
1514892996807404,0,5,-11,11,-5,-1,1,-1
1514892996807404,2,-6,-6,-15,-2,1,1,-2
1514892996827928,0,0,14,15,-5,-6,-6,-3
1514892996827928,0,-2,-48,-9,8,6,13,6
1514892996829920,-2,-7,0,-5,-4,0,2,-2
1514892996829920,-3,7,32,8,-3,-6,-7,-6
1514892996842428,-3,-7,4,5,1,1,10,2
1514892996842428,-1,-2,7,-6,-4,-3,-3,-1
1514892996849437,-2,3,19,2,-6,-4,-2,-4
1514892996849437,1,-1,-9,-12,2,2,0,1
1514892996865446,-1,1,-22,-22,-7,-4,-14,-1
1514892996865446,-2,0,4,37,11,2,0,0
1514892996867447,1,2,-20,-14,0,-1,-4,-3
1514892996867447,-2,-7,22,9,4,0,0,-1
1514892996887973,-1,2,6,-15,-14,-4,0,-2
1514892996887973,-1,-1,6,8,7,-1,-8,-1
1514892996890963,2,3,25,22,-3,0,10,2
1514892996890963,-1,-4,-32,-29,8,1,0,-2
1514892996902470,0,-3,-1,4,6,0,-13,6
1514892996902470,1,-4,-14,-19,-6,0,23,2
1514892996910976,-4,-4,-13,-2,-5,-4,-12,-11
1514892996910976,-1,3,34,-1,0,-2,0,2
1514892996925500,-1,-3,-11,10,-11,-3,6,7
1514892996925500,-1,4,19,-6,5,-1,-23,-11
1514892996927488,-2,-1,-1,-3,-1,0,18,5
1514892996927488,-2,-3,-9,4,-9,-6,-10,-7
1514892996948022,2,0,-17,2,9,8,6,17
1514892996948022,0,2,36,-23,-9,0,15,0
1514892996950505,-5,-3,-71,-38,4,-3,-21,-25
1514892996950505,2,4,31,26,3,2,-2,-1
1514892996962012,-8,-9,21,18,-5,-6,-4,-7
1514892996962012,2,-1,-7,15,-3,-1,6,6
1514892996971521,0,4,9,-14,-10,-4,-10,2
1514892996971521,4,4,-6,1,9,5,27,16
1514892996994035,-3,-10,4,-22,-3,-4,-7,-6
1514892996994035,-3,1,-12,-22,-13,-5,-14,-26
1514892996997538,-1,-4,26,43,6,-4,-6,-4
1514892996997538,1,1,-11,-3,4,3,-2,1
1514892997008046,0,4,27,1,4,1,15,7
1514892997008046,-3,-8,-33,-14,-5,-2,-8,5
1514892997009549,-1,-5,-6,-14,0,-2,-9,0
1514892997009549,-1,1,-20,20,-7,-2,10,4
1514892997021565,1,4,-2,-12,-2,-4,13,0
1514892997021565,-3,0,7,17,-4,-7,-7,7
1514892997030563,1,1,11,-16,5,10,9,1
1514892997030563,-1,-6,-19,-2,-6,2,1,-16
1514892997046574,-5,-3,-11,-9,-5,-3,-3,-12
1514892997046574,-2,3,3,4,-2,-5,-12,-4
1514892997048075,0,1,-24,-19,0,-1,8,21
1514892997048075,-2,0,34,10,-3,-6,-15,-6
1514892997068088,2,-2,-12,-1,2,1,-7,-17
1514892997068088,0,-2,17,27,6,1,-1,7
1514892997069601,-1,-4,-27,-9,4,3,1,4
1514892997069601,-4,-4,6,-26,-7,-4,-1,-2
1514892997081607,-3,-2,-21,20,5,1,-2,-7
1514892997081607,3,6,-15,-17,2,1,7,40
1514892997090604,0,-2,23,48,-4,2,17,-37
1514892997090604,-4,-10,-24,-24,-1,-6,-30,-2
1514892997105624,0,2,0,3,8,2,4,-22
1514892997105624,-1,2,-19,-14,-8,-1,-16,-4
1514892997107125,-2,0,29,20,7,-2,-7,16
1514892997107125,-2,0,4,-8,-5,-2,-5,-12
1514892997128140,-2,-1,-2,2,-2,1,11,11
1514892997128140,1,1,-11,10,-6,1,10,3
1514892997129649,0,-1,11,-13,12,1,13,9
1514892997129649,1,0,-12,-6,-5,-3,-7,-16
1514892997142154,-1,0,-4,-6,-8,-3,7,25
1514892997142154,2,1,4,2,10,2,-1,-7
1514892997150646,1,-11,-26,-2,-6,-2,-16,6
1514892997150646,-3,2,19,-3,-1,-2,-2,-4
1514892997166170,0,-1,-4,-9,3,1,-12,-2
1514892997166170,-2,2,6,-27,0,-1,15,-6
1514892997167659,-4,1,17,-16,-12,-5,-1,0
1514892997167659,-3,-2,-10,40,8,0,-5,1
1514892997188174,0,-3,15,6,-5,-1,3,5
1514892997188174,0,-3,-2,-8,-2,0,-1,23
1514892997189674,1,4,0,0,-7,-7,-17,-34
1514892997189674,-1,-5,3,-14,2,0,-2,0
1514892997201694,-4,-3,-7,-10,-5,-3,-4,7
1514892997201694,-3,2,16,22,1,1,15,19
1514892997210690,2,-3,-20,-20,-1,4,-1,-9
1514892997210690,-1,-1,-19,12,-3,2,20,29
1514892997225702,-4,-4,5,-18,6,4,-1,-11
1514892997225702,1,-1,6,10,0,-4,1,-26
1514892997227200,-2,3,12,10,-9,-10,-38,-30
1514892997227200,2,-4,-10,-9,6,3,15,31
1514892997248215,-1,3,-6,14,-1,-4,-11,-34
1514892997248215,2,6,4,-23,1,-1,-14,-26
1514892997249716,-3,1,18,10,-15,-6,5,20
1514892997249716,0,-5,1,-7,11,4,2,24
1514892997261737,0,0,-10,22,-3,-1,0,-15
1514892997261737,-6,-1,8,-1,-2,-4,-10,21
1514892997270732,3,-1,0,4,4,-1,4,-22
1514892997270732,0,3,2,-36,-6,1,3,-2
1514892997285741,-5,-3,13,10,-5,-3,0,-4
1514892997285741,0,-2,-38,7,3,4,12,34
1514892997287255,-6,0,19,-30,-10,-2,14,28
1514892997287255,0,-4,-9,28,-1,-6,-23,-58
1514892997308758,8,3,-6,-18,10,3,-3,24
1514892997308758,-6,-6,2,8,-9,-1,-8,-22
1514892997312271,-6,3,-9,-21,1,-1,-15,-4
1514892997312271,-4,-2,7,31,-1,-1,8,-5
1514892997330783,6,7,7,-23,0,0,11,52
1514892997330783,-5,-10,-32,0,-5,-5,-2,-55
1514892997332284,4,10,33,19,-11,1,16,31
1514892997332284,-1,-8,-31,4,15,-1,-29,-38
1514892997345285,-2,-1,3,-1,-6,0,-24,-15
1514892997345285,-1,5,34,-16,2,1,13,18
1514892997347286,-9,-19,-78,-5,-6,-5,-3,-39
1514892997347286,-1,-1,9,3,-8,-4,-6,19
1514892997368300,0,7,2,2,-3,-1,12,0
1514892997368300,-4,-6,24,-4,-2,-1,-14,-31
1514892997369811,2,-1,3,21,7,1,7,96
1514892997369811,-5,-10,5,-32,-11,1,22,-28
1514892997390816,-8,-9,-32,-6,2,-4,-34,-46
1514892997390816,1,-1,6,-3,-3,1,6,35
1514892997392318,0,3,1,-1,7,1,-10,-29
1514892997392318,0,0,14,15,0,3,24,56
1514892997405826,-10,-1,12,11,-14,-3,32,6
1514892997405826,3,5,-14,-33,5,-2,-35,-104
1514892997407328,2,-7,-7,9,7,0,-21,9
1514892997407328,-2,-1,6,-36,-13,-3,-5,-17
1514892997428342,1,8,-18,4,-6,-1,2,43
1514892997428342,-1,-1,5,-2,0,0,18,28
1514892997429844,3,3,32,21,5,3,24,42
1514892997429844,-9,-13,-18,-17,13,1,2,-32
1514892997450858,0,-5,24,10,-1,-4,-10,19
1514892997450858,1,-3,-26,21,2,-1,4,2
1514892997453360,-5,0,9,-31,-23,-5,3,39
1514892997453360,4,8,35,-2,-3,4,38,40
1514892997464869,-6,1,-2,17,1,-8,-31,-53
1514892997464869,-2,-5,-17,8,-1,5,-18,-34
1514892997471886,-4,-1,-10,-15,-5,-7,-35,-47
1514892997471886,4,-4,5,-9,-2,3,-1,37
1514892997487897,-3,1,23,6,-16,-9,1,-17
1514892997487897,-1,6,-14,-47,18,5,38,65
1514892997489886,-1,-11,-20,36,5,-5,-23,-64
1514892997489886,0,-1,-27,10,-5,0,-16,36
1514892997512912,-3,-6,18,-27,3,5,10,-8
1514892997512912,-4,-3,-51,26,-13,-8,-4,11
1514892997514404,-1,5,32,3,14,9,-5,-24
1514892997514404,4,2,-21,-6,-3,-10,-29,-36
1514892997524912,3,-1,14,15,-8,0,-5,22
1514892997524912,-7,0,6,-5,0,1,12,13
1514892997531416,0,-2,-8,-15,-8,1,24,36
1514892997531416,-1,1,-2,63,2,-2,17,11
1514892997548428,13,9,-18,-67,13,5,-36,-65
1514892997548428,-6,-9,-20,-2,-11,-7,-18,49
1514892997549929,-9,-1,41,74,9,-2,7,18
1514892997549929,-9,4,-10,-68,-3,-3,-23,-83
1514892997577949,-11,-15,-28,10,-12,-10,-13,31
1514892997577949,13,5,-14,8,13,-2,22,17
1514892997579950,4,-10,2,9,-4,1,-1,71
1514892997579950,-1,2,-13,-3,-4,4,35,-19
1514892997584954,-11,1,-1,22,-11,2,4,68
1514892997584954,7,12,-4,-70,-23,-7,-8,-119
1514892997591962,1,-12,5,59,28,5,-26,-102
1514892997591962,5,-16,15,2,11,-2,-33,98
1514892997607970,-2,-1,-23,-17,-5,-6,7,-71
1514892997607970,3,13,10,16,-26,1,-7,80
1514892997609971,5,6,-28,-62,22,14,89,92
1514892997609971,-4,-2,48,50,-18,-8,-7,-111
1514892997631986,4,-6,-13,-32,19,1,-21,-46
1514892997631986,4,5,12,30,7,3,12,-17
1514892997633488,-8,-16,-11,-35,-22,-8,-29,-66
1514892997633488,-11,6,-22,-19,-6,1,-14,-45
1514892997644997,7,-7,-6,-1,8,2,57,125
1514892997644997,-3,1,34,38,5,-4,-22,-100
1514892997651501,-3,5,6,-82,-15,-1,3,43
1514892997651501,10,6,4,95,15,2,13,14
1514892997668012,5,-13,-62,-47,-1,5,6,31
1514892997668012,-11,-1,1,-10,5,-5,-53,-32
1514892997670013,6,6,30,-13,-28,-10,17,68
1514892997670013,-5,1,35,-23,-11,-6,13,89
1514892997690529,-7,4,6,42,22,10,12,-115
1514892997690529,1,-6,-4,20,0,-13,-30,40
1514892997692029,1,-14,-72,-53,-8,16,15,-37
1514892997692029,10,10,47,60,-22,-16,-60,-6
1514892997705043,7,6,0,-31,36,18,65,127
1514892997705043,-4,3,-12,9,1,3,38,3
1514892997713045,-2,-4,-24,3,1,-3,-12,-112
1514892997713045,8,0,21,-26,12,10,-27,17
1514892997728055,8,18,37,19,-30,-7,12,-48
1514892997728055,-10,-19,-75,-7,13,-2,-40,-56
1514892997729556,-5,11,73,3,3,-2,7,17
1514892997729556,-10,-11,-47,-46,-2,2,-17,-128
1514892997750571,14,8,22,29,-7,-7,-30,54
1514892997750571,-5,-13,3,-24,9,1,26,75
1514892997752072,14,16,76,43,0,-7,-9,30
1514892997752072,-13,-20,-85,-62,-8,10,53,-40
1514892997765081,-16,1,-4,50,2,-13,-65,-80
1514892997765081,4,17,87,35,6,7,27,-17
1514892997772587,-1,-15,-58,-17,-18,-11,-19,16
1514892997772587,-12,12,98,46,-41,-13,23,12
1514892997788098,4,-12,-53,-26,70,20,-13,29
1514892997788098,-9,1,22,24,-4,7,27,-75
1514892997789599,-1,2,-26,6,-1,-6,-57,-21
1514892997789599,-3,-25,-59,-1,7,1,24,-24
1514892997810618,-2,10,24,-22,-32,-13,0,38
1514892997810618,5,1,2,-8,-11,5,42,98
1514892997812114,-17,-13,-10,2,12,-2,0,-38
1514892997812114,21,12,41,-4,5,-3,-23,37
1514892997825625,0,-25,-53,7,-37,-9,6,-17
1514892997825625,5,15,-8,-29,40,6,6,111
1514892997833129,-6,-1,23,24,-10,-5,6,-20
1514892997833129,0,4,23,2,13,4,14,61
1514892997855910,-20,-16,-38,10,-21,-6,0,-90
1514892997855910,15,21,45,-13,-4,-1,-13,-1
1514892997857411,-2,-6,-20,29,0,1,3,-3
1514892997857411,-13,-1,-51,-57,-4,-5,45,127
1514892997870420,8,11,26,-61,-28,-1,50,-34
1514892997870420,-1,-5,7,64,17,-8,-96,-67
1514892997876916,-4,-6,-16,-2,14,0,-6,39
1514892997876916,2,-8,0,-21,1,6,-4,23
1514892997883929,-3,19,18,19,-33,-14,33,80
1514892997883929,-5,-26,-44,-19,18,5,8,-88
1514892997893427,2,14,19,50,1,-2,14,51
1514892997893427,-9,-15,-8,28,7,2,0,-115
1514892997908952,-12,-3,-20,-26,-14,-5,-42,14
1514892997908952,17,16,24,-46,-30,-7,30,97
1514892997912449,-6,-15,-21,-9,10,4,-18,-109
1514892997912449,6,-2,6,-2,-4,-2,0,-37
1514892997931954,28,10,64,17,17,-4,-74,-17
1514892997931954,-13,4,17,30,-10,-6,0,26
1514892997933455,7,1,-4,-38,-9,4,37,43
1514892997933455,-4,-5,-66,2,-2,-6,-3,101
1514892997944463,-10,7,25,10,24,11,-1,-128
1514892997944463,-1,-2,5,5,-18,-8,-36,-17
1514892997959975,0,16,4,-1,14,0,1,2
1514892997959975,3,-12,-25,-19,-53,-20,-24,-42
1514892997967989,1,9,13,61,70,31,56,127
1514892997967989,-11,-13,-12,-32,-2,-5,23,-90
1514892997969980,0,1,46,29,-12,-1,-46,-79
1514892997969980,3,-5,-36,6,39,6,-14,1
1514892997989495,-1,-8,-15,-24,-30,0,71,116
1514892997989495,-12,17,0,-6,-15,-10,-45,-76
1514892997998500,14,-3,38,17,11,11,34,95
1514892997998500,-1,-23,-32,-22,-10,-7,-20,-58
1514892998004505,-1,0,29,-5,-14,-4,-5,91
1514892998004505,6,-3,-45,25,10,9,42,-73
1514892998013511,4,3,-7,-29,-17,-15,-66,-108
1514892998013511,-4,8,8,10,14,13,2,11
1514892998028023,-1,14,0,-2,-1,-4,-19,-65
1514892998028023,-7,-15,-20,-17,-13,1,36,69
1514892998029524,2,-11,-35,-32,-9,-3,30,19
1514892998029524,4,14,50,-10,-4,6,11,6
1514892998050539,-10,-6,-39,42,18,-3,-24,-62
1514892998050539,-1,5,2,3,-11,-2,-16,25
1514892998053046,5,6,57,-4,2,-6,-19,-4
1514892998053046,-9,-5,-10,25,6,-1,-17,36
1514892998064048,0,3,6,-43,-19,-3,20,-47
1514892998064048,-3,6,4,1,-5,-1,40,-59
1514892998073554,-13,-16,-60,-26,-8,-10,-34,-69
1514892998073554,-6,-2,30,20,17,3,-62,-38
1514892998088064,9,-4,-3,-7,-16,-8,21,68
1514892998088064,7,-12,-50,14,2,10,-18,5
1514892998089565,-12,13,55,2,-1,-3,9,14
1514892998089565,-10,-8,2,-4,2,1,4,-118
1514892998110581,5,-4,-17,-28,0,3,12,-15
1514892998110581,-4,-5,59,19,0,-6,-50,-13
1514892998112082,7,1,-40,-29,3,3,23,35
1514892998112082,-10,-12,-25,-22,-4,-10,5,81
1514892998133096,-5,18,56,4,-9,-7,-10,-52
1514892998133096,-2,-6,-28,-17,33,6,9,37
1514892998134597,2,8,48,57,-8,2,9,8
1514892998134597,-6,-1,13,-30,4,-1,26,61
1514892998148107,1,-5,24,4,-2,-9,-71,-67
1514892998148107,-3,-3,-14,-12,-18,-7,-26,34
1514892998149607,-1,7,-26,15,10,0,26,89
1514892998149607,2,-7,-36,-24,-5,2,50,-61
1514892998170623,-4,8,39,15,6,6,-13,-71
1514892998170623,10,8,16,8,-11,-7,-50,-2
1514892998172124,-9,-18,-41,-7,-7,-3,14,36
1514892998172124,1,8,29,16,2,4,32,25
1514892998184141,5,-13,-74,11,4,7,31,-34
1514892998184141,-16,16,35,-8,-2,-4,-56,-39
1514892998194141,7,9,-17,-45,-16,2,53,73
1514892998194141,6,-12,-12,20,14,-3,-6,-58
1514892998208149,-5,3,19,50,-14,-9,-30,-17
1514892998208149,-3,-2,-25,-80,6,5,59,127
1514892998210652,-23,-8,21,33,5,-3,-28,-128
1514892998210652,14,-7,-47,-18,6,14,-2,60
1514892998230675,-8,-2,-6,-63,10,-4,-5,8
1514892998230675,-2,-14,-43,-13,-23,-3,12,2
1514892998232176,-7,-6,-9,-11,-2,-2,-3,3
1514892998232176,-1,0,34,19,-2,-7,-9,17
1514892998244174,-1,5,9,46,2,7,44,78
1514892998244174,3,15,5,-14,-5,-1,5,-35
1514892998253191,19,-16,-50,-18,11,-2,-3,-80
1514892998253191,2,7,28,8,-13,-10,-48,-17
1514892998267191,-8,-9,-42,-8,-2,3,-18,-87
1514892998267191,11,11,45,56,8,3,7,12
1514892998274205,3,2,-33,-31,-2,12,41,123
1514892998274205,-2,5,18,-6,-8,-7,-9,-87
1514892998290716,-5,-2,-14,1,-12,-10,-6,26
1514892998290716,5,-5,-1,-20,18,13,16,-3
1514892998292210,-5,-15,-24,18,-9,-9,-7,31
1514892998292210,-1,7,49,32,-9,0,12,49
1514892998313723,-9,-14,-45,-19,22,3,14,39
1514892998313723,2,6,46,41,-21,-12,-26,-48
1514892998315234,3,-5,-25,-49,26,9,21,100
1514892998315234,-14,-1,-40,-8,-16,-6,-24,-112
1514892998328234,24,0,25,12,1,-1,-18,-8
1514892998328234,5,1,34,26,-3,0,44,97
1514892998329734,-6,-7,-62,-13,4,4,-7,-49
1514892998329734,3,5,53,32,-2,-6,-11,49
1514892998350749,-13,-8,10,-21,-8,-6,-15,-21
1514892998350749,-6,-11,-21,-19,-7,-7,-8,23
1514892998352254,9,14,52,-1,-13,-2,37,82
1514892998352254,0,-7,-29,4,7,-1,-19,-59
1514892998374267,-4,5,-9,-2,-5,2,1,-3
1514892998374267,-15,-3,45,17,5,7,13,-46
1514892998375768,-9,-16,-7,-16,-12,-16,-31,49
1514892998375768,16,8,45,30,7,8,47,-80
1514892998387777,-2,6,6,12,-10,-6,-35,-2
1514892998387777,-11,-9,-84,-62,12,-1,13,-84
1514892998389779,2,-5,-7,21,-15,-3,-17,3
1514892998389779,-1,11,46,-8,36,12,22,28
1514892998410792,5,-6,-61,-1,-14,-6,2,61
1514892998410792,-3,-1,17,42,3,0,4,-1
1514892998412293,-8,-10,4,-6,-3,-3,-10,-106
1514892998412293,-1,5,-31,-21,-5,3,11,75
1514892998432808,2,-8,-26,-8,3,-5,-15,-44
1514892998432808,7,11,13,-4,1,-2,-7,8
1514892998434809,-18,-8,-4,45,1,-3,-30,-41
1514892998434809,16,-9,-56,-50,-19,-4,15,23
1514892998447318,-11,11,18,-19,4,-1,-25,20
1514892998447318,4,-7,-22,8,-10,-6,11,-64
1514892998454327,12,14,42,8,14,3,5,39
1514892998454327,2,7,28,23,1,6,46,39
1514892998471336,-11,-11,-11,4,-2,-8,-29,8
1514892998471336,18,13,8,-13,-14,-5,17,119
1514892998474338,-4,1,-46,-9,10,11,20,30
1514892998474338,-13,-12,15,2,-12,-16,-47,-63
1514892998493352,10,5,27,34,15,6,18,10
1514892998493352,3,10,-13,17,11,3,-18,31
1514892998494851,-4,-5,12,6,-10,-3,2,-10
1514892998494851,-12,-11,-65,-21,-17,-6,13,48
1514892998507370,8,17,62,-11,4,1,16,-28
1514892998507370,-3,-10,-80,-41,2,3,-16,-20
1514892998514375,-7,7,75,41,0,2,17,-44
1514892998514375,-2,-3,-12,9,10,4,-28,-94
1514892998530376,-3,-7,4,5,-14,-7,-14,-2
1514892998530376,1,8,13,-4,3,-1,-3,6
1514892998532380,4,1,-4,2,-6,-1,-5,-69
1514892998532380,-20,-21,-34,-6,-8,-9,-22,-25
1514892998552893,8,16,12,-27,-3,-1,7,81
1514892998552893,-16,-5,-4,3,4,2,-5,-114
1514892998554404,6,-3,-6,27,-2,-8,-62,-34
1514892998554404,-3,-3,13,-26,2,-3,-12,20
1514892998567404,-3,-4,7,46,8,7,20,1
1514892998567404,-11,8,24,-32,-10,-11,-6,20
1514892998574409,0,-6,10,-13,-11,3,29,34
1514892998574409,1,-4,-2,0,5,-6,-60,-42
1514892998590431,-7,-13,-58,-40,2,13,56,35
1514892998590431,2,-8,31,32,-6,-9,-18,-32
1514892998591920,5,5,18,33,8,4,24,-39
1514892998591920,3,4,22,2,-24,-4,-2,106
1514892998612947,-1,5,-12,-6,8,2,-30,-90
1514892998612947,2,4,46,16,22,3,-4,57
1514892998614949,-4,-32,-60,-35,-5,-1,2,-25
1514892998614949,8,-1,-25,-16,13,2,13,80
1514892998628456,-21,-10,20,18,-14,-7,-14,-74
1514892998628456,-2,-8,-24,3,-6,-2,10,40
1514892998634451,-2,4,14,0,7,-4,-26,13
1514892998634451,2,3,43,-11,-3,4,32,94
1514892998657968,-13,2,28,9,-11,-12,-6,-25
1514892998657968,1,6,-21,-37,-2,4,6,-15
1514892998659969,-8,-16,1,-25,-6,1,41,-6
1514892998659969,1,-3,-30,55,6,-5,-53,-60
1514892998673982,10,18,10,-25,-4,4,23,-30
1514892998673982,-4,-12,34,9,-3,-1,-29,-77
1514892998675982,12,8,-21,0,2,1,-25,29
1514892998675982,-8,6,4,13,15,8,5,21
1514892998687988,-2,7,7,-2,-1,5,48,1
1514892998687988,19,9,15,-6,-4,-8,-66,-4
1514892998693993,-9,5,-13,-40,3,0,-2,35
1514892998693993,12,-7,11,-8,-5,-2,52,-10
1514892998710505,-3,6,10,20,-1,-1,-70,-38
1514892998710505,-5,-11,-16,9,-6,0,11,11
1514892998712005,-10,-17,-17,4,1,-4,-19,-22
1514892998712005,-2,12,20,5,0,4,-3,-18
1514892998733521,1,-1,33,5,2,3,23,57
1514892998733521,-7,-11,3,31,-14,-7,19,68
1514892998735022,12,4,2,-31,3,-2,-6,-22
1514892998735022,-8,-3,-44,-16,4,1,32,48
1514892998747543,8,-9,-28,25,-5,-5,-17,41
1514892998747543,-20,-6,-23,-12,3,7,33,-36
1514892998754047,4,4,-2,49,-6,-6,-44,-44
1514892998754047,-4,-1,67,3,-16,-8,-13,-29
1514892998770546,3,-6,-27,-43,32,9,-3,39
1514892998770546,-8,-1,-13,3,-16,0,19,-20
1514892998773058,12,18,-2,6,10,0,13,10
1514892998773058,-1,-20,-50,22,-3,-1,-20,-31
1514892998793063,-3,5,69,-28,-11,-8,-2,73
1514892998793063,-4,8,4,-9,-5,-3,21,-66
1514892998794563,-11,-30,-56,-29,2,-4,-53,-64
1514892998794563,-2,7,24,8,-12,-1,0,10
1514892998806572,2,4,-17,1,2,2,20,63
1514892998806572,2,5,-7,0,6,5,45,37
1514892998815578,-11,-13,30,17,-15,-16,-87,-67
1514892998815578,2,-5,-17,-26,11,7,13,55
1514892998830598,-9,2,-5,-3,-11,-5,1,-46
1514892998830598,2,0,11,-13,-2,-11,-4,12
1514892998832100,3,4,46,10,9,7,35,30
1514892998832100,0,-1,-55,-22,1,2,29,90
1514892998860612,-12,-11,-12,11,-9,-7,-30,-73
1514892998860612,-5,-12,-4,12,13,4,-30,1
1514892998863121,-14,4,13,-36,-9,0,29,30
1514892998863121,12,6,11,1,-4,8,54,63
1514892998866614,8,16,36,34,5,-3,-38,-97
1514892998866614,-3,-17,-53,-18,-20,-4,-5,48
1514892998875625,-5,4,19,12,-9,-8,9,48
1514892998875625,2,-23,-86,-66,38,8,-10,-27
1514892998890631,-6,-2,14,48,-8,-4,3,-32
1514892998890631,10,-4,9,-1,-8,-8,-27,-28
1514892998893133,-6,18,61,78,-23,-4,25,56
1514892998893133,-2,19,68,-57,-1,-8,10,5
1514892998913147,-2,-35,-78,-32,21,8,17,54
1514892998913147,-1,-1,21,-4,2,-4,-32,-18
1514892998919154,8,-21,-70,-19,0,4,59,-9
1514892998919154,-6,25,48,62,-9,-6,-34,-41
1514892998935664,8,-9,-47,-13,0,-2,14,-2
1514892998935664,4,12,51,1,1,-3,-21,-4
1514892998937165,-10,-8,-25,-20,-5,4,-9,-11
1514892998937165,19,-2,24,4,5,3,2,-25
1514892998950674,-10,6,12,-33,-6,-4,34,127
1514892998950674,4,-1,-53,5,-5,-4,-7,-44
1514892998952175,8,2,-5,6,12,11,16,32
1514892998952175,-12,-13,-53,3,-6,-6,-8,31
1514892998973190,1,5,31,16,-24,-8,-33,-73
1514892998973190,1,10,18,-8,16,13,52,116
1514892998974692,-7,-11,12,20,15,-8,-33,-56
1514892998974692,6,0,-7,-35,-12,-6,-10,8
1514892998986700,-3,20,46,18,3,0,21,7
1514892998986700,-12,-26,-69,8,-7,-7,-21,-80
1514892998995707,6,3,-7,-72,5,3,-26,-56
1514892998995707,-6,-2,-10,90,18,5,-3,-34
1514892999010717,1,5,12,-37,-24,-5,-13,-3
1514892999010717,3,-5,14,-1,-7,3,26,22
1514892999012219,2,15,45,19,10,0,21,44
1514892999012219,-17,-15,-39,-23,-18,-9,-12,-93
1514892999034733,14,-12,-51,-12,10,4,-9,-41
1514892999034733,-5,7,45,19,1,0,44,127
1514892999037236,-5,-12,-55,-19,-6,-8,-21,-112
1514892999037236,-11,-3,29,41,12,8,-28,-2
1514892999046742,-5,0,-14,-20,-11,-4,40,34
1514892999046742,7,-2,29,-5,3,0,-40,-98
1514892999055749,0,3,2,-16,-15,-2,27,97
1514892999055749,-7,-5,-10,-39,-11,-9,-16,-46
1514892999070759,-3,-8,-29,-12,6,5,14,18
1514892999070759,11,7,-28,-4,-1,3,-2,-16
1514892999072260,-5,-6,8,38,9,1,3,-14
1514892999072260,7,3,-33,-1,-6,2,33,81
1514892999093774,-2,2,41,19,-5,-8,-30,-81
1514892999093774,3,11,2,1,-17,-7,-12,21
1514892999095276,-5,-5,18,-27,33,12,9,-12
1514892999095276,-7,-6,-66,-13,-11,-3,-8,47
1514892999106792,-8,-10,-29,43,12,2,6,-38
1514892999106792,9,1,16,-22,-20,-3,-9,5
1514892999115800,4,16,38,7,25,5,24,25
1514892999115800,4,-15,-34,10,-5,-7,-47,-41
1514892999130310,-5,-4,16,-17,-2,7,1,19
1514892999130310,-3,-16,-46,-7,7,-5,14,8
1514892999132312,2,8,35,24,-25,-6,11,45
1514892999132312,3,16,39,-27,-2,1,-2,-108
1514892999152817,-15,-9,-10,18,11,-2,-53,-43
1514892999152817,3,-3,-14,2,4,3,-12,57
1514892999154819,4,-11,9,14,-8,-3,-18,-42
1514892999154819,-11,8,47,4,7,4,42,20
1514892999166828,-18,7,-5,14,-5,-2,7,2
1514892999166828,7,2,-6,-16,4,-1,5,-26
1514892999181838,-2,-2,30,35,-6,-14,-85,-63
1514892999181838,5,-8,-24,-24,4,3,-13,8
1514892999190843,6,2,-20,-14,-9,2,11,42
1514892999190843,-8,17,29,-38,6,3,11,21
1514892999193345,3,-15,-32,1,-22,-3,38,28
1514892999193345,5,14,25,48,24,-3,-48,-50
1514892999212860,13,9,-6,-23,-2,-1,10,31
1514892999212860,-9,-14,-19,-27,-8,1,18,22
1514892999214860,-5,-3,-66,-2,-12,-5,9,56
1514892999214860,4,8,51,-3,-12,-4,6,-49
1514892999243380,5,3,-48,-32,3,3,11,38
1514892999243380,-12,-7,53,40,-4,-11,-22,-37
1514892999244890,2,2,21,5,10,6,0,36
1514892999244890,-5,2,-5,-18,-8,-2,30,97
1514892999250389,-2,10,-21,15,-1,4,48,66
1514892999250389,23,-6,-25,0,-10,-12,-53,-20
1514892999251887,-5,-14,-4,-6,0,2,11,-8
1514892999251887,7,-1,-11,-18,-1,-2,-2,-9
1514892999274417,3,8,38,9,-2,5,26,59
1514892999274417,-13,-9,-36,9,3,-4,-38,-54
1514892999276405,-4,1,47,-28,-3,1,-5,-49
1514892999276405,3,7,45,31,1,0,0,24
1514892999295419,-5,-12,-74,-52,0,-2,-17,-32
1514892999295419,-5,-12,37,63,4,3,27,21
1514892999296919,6,5,-38,-49,-2,-3,9,77
1514892999296919,3,14,37,13,-6,-1,-35,-71
1514892999310430,10,11,20,-19,7,6,12,-3
1514892999310430,-5,-11,-16,11,-1,-2,17,19
1514892999311930,0,4,17,-7,-2,-2,-11,17
1514892999311930,-6,7,-30,-17,-10,-2,64,117
1514892999332944,1,-22,3,44,5,-5,-63,-29
1514892999332944,-5,-10,-2,-35,3,1,-36,6
1514892999334447,1,4,34,33,0,-5,-8,-3
1514892999334447,-23,-2,24,26,6,5,18,13
1514892999355461,4,2,0,-40,-10,-8,-25,-57
1514892999355461,-9,-1,9,-31,-11,2,16,4
1514892999356962,7,-2,-17,10,-1,-2,-25,-10
1514892999356962,-10,-8,-13,18,4,0,18,51
1514892999369971,5,-2,-40,-12,12,-2,-12,-57
1514892999369971,-3,1,32,-2,-3,-4,-2,-3
1514892999376493,-4,3,11,21,-4,0,4,-34
1514892999376493,3,3,45,-34,-8,-6,-22,-39
1514892999393487,3,2,-30,-6,-4,-2,11,87
1514892999393487,-5,-1,8,-8,5,6,35,-55
1514892999396498,-4,-5,-1,6,-14,-6,-54,-106
1514892999396498,-3,-3,-6,-16,3,2,5,43
1514892999415559,-5,0,10,30,-10,-9,21,7
1514892999415559,6,5,27,4,19,1,-69,-40
1514892999417060,-6,-18,-29,-30,3,4,22,13
1514892999417060,15,4,14,13,-1,-5,9,-4
1514892999430569,7,13,17,8,1,2,-22,8
1514892999430569,-11,3,-50,-18,1,-1,26,-44
1514892999436574,1,-21,4,41,2,-9,-19,-17
1514892999436574,1,-11,-36,-31,0,4,0,31
1514892999453595,-8,8,54,36,2,-3,25,17
1514892999453595,12,3,17,20,2,3,15,-40
1514892999459099,-15,-3,-29,-53,-3,0,-4,47
1514892999459099,-1,6,20,43,0,0,2,-86
1514892999476102,6,7,-2,-27,-8,-2,-14,-15
1514892999476102,-14,2,0,-10,-1,-2,10,33
1514892999479116,1,-5,-30,-6,-3,6,48,59
1514892999479116,-8,7,-14,2,-3,-4,-27,-29
1514892999490622,9,-7,18,-22,-8,-4,-49,-113
1514892999490622,-3,-13,-25,21,10,-2,-18,31
1514892999496626,7,15,21,-13,-3,-3,36,88
1514892999496626,-10,-15,-53,-14,-4,-5,25,-29
1514892999521643,1,10,26,-13,-13,-7,-17,-74
1514892999521643,5,-6,5,17,-2,-7,-18,38
1514892999524645,-4,-8,-7,4,7,15,24,40
1514892999524645,-9,5,-6,-12,-5,-3,82,121
1514892999535653,6,-7,-15,-7,-1,0,20,-72
1514892999535653,7,4,27,36,13,2,-18,-23
1514892999537154,8,3,37,-9,-6,-8,-3,-19
1514892999537154,-13,-8,-24,-12,-9,-5,-16,12
1514892999549663,-8,-16,-49,-31,-3,11,37,57
1514892999549663,-7,6,1,69,15,-2,6,4
1514892999556668,0,6,23,13,10,3,-2,-35
1514892999556668,8,-4,-15,-8,-14,-5,-32,-40
1514892999573170,-11,7,41,10,21,5,13,6
1514892999573170,-2,2,7,3,-22,-6,-37,-33
1514892999574671,-6,-8,-23,-5,-3,-4,-5,-76
1514892999574671,10,14,-6,-2,-4,-3,-43,-43
1514892999595698,6,-12,-15,-11,0,2,41,38
1514892999595698,5,0,-17,-12,-4,-1,28,124
1514892999597197,-14,-4,-19,-14,-9,-3,-10,-128
1514892999597197,7,-1,-20,-11,5,-2,-53,-88
1514892999610198,-7,4,68,48,-5,-14,-24,126
1514892999610198,0,-5,-6,-43,-6,5,21,-103
1514892999616711,7,5,7,44,4,3,-19,25
1514892999616711,4,-14,-51,-38,-9,4,31,-27
1514892999633212,2,10,2,44,5,-5,-35,-19
1514892999633212,-10,-14,-37,-54,-20,-6,43,121
1514892999634714,-5,8,20,-20,-3,-9,-33,-105
1514892999634714,2,-6,17,37,1,-3,-23,52
1514892999663235,-1,1,-3,-27,-13,-9,-6,-6
1514892999663235,2,1,-19,9,12,8,6,17
1514892999664735,5,10,18,-17,-5,5,25,62
1514892999664735,-1,-10,-30,-37,-4,2,10,-19
1514892999669738,-3,6,60,22,-7,-4,4,4
1514892999669738,-8,-8,-52,-2,3,3,6,-52
1514892999676744,0,-2,11,9,0,-2,8,59
1514892999676744,12,11,33,30,0,-4,-42,-72
1514892999700771,-8,-6,-39,12,0,4,0,-82
1514892999700771,8,7,27,-32,-7,-2,14,41
1514892999702271,-2,-17,-58,-20,2,2,7,-46
1514892999702271,-9,2,30,21,6,-6,-46,15
1514892999716271,-7,0,20,-15,-2,8,38,64
1514892999716271,-8,9,-20,-8,-10,-5,13,19
1514892999719773,0,1,1,28,13,-1,-9,-57
1514892999719773,-11,2,-32,-18,-19,-4,-18,-39
1514892999729280,5,8,-32,-24,21,-3,-32,0
1514892999729280,6,-19,-19,-16,-3,3,26,35
1514892999738287,-4,-8,12,8,-9,-1,14,67
1514892999738287,0,3,38,-21,4,0,20,18
1514892999752796,-3,9,-29,-4,-6,-3,-7,-71
1514892999752796,0,1,20,7,-5,-2,-9,-10
1514892999754798,5,-3,-35,-21,7,1,12,54
1514892999754798,-5,-1,36,41,1,-5,-17,-25
1514892999775813,3,-1,-28,-24,-16,-2,9,32
1514892999775813,-5,0,49,5,5,-4,-11,-48
1514892999778815,3,19,-14,-7,-4,8,48,2
1514892999778815,-6,-7,13,28,4,-6,-42,-57
1514892999797829,9,1,46,28,0,0,-8,77
1514892999797829,-1,3,-32,-6,4,4,-9,-45
1514892999799830,-1,-7,4,-5,-11,-5,4,40
1514892999799830,2,5,0,7,3,3,36,54
1514892999812839,-5,-4,-36,-46,4,0,16,-46
1514892999812839,-2,-7,-19,23,-16,-13,-44,26
1514892999814840,-7,-17,11,-10,13,0,-4,26
1514892999814840,4,14,-12,19,3,2,17,7
1514892999836856,-1,1,55,18,-4,0,-11,-13
1514892999836856,-1,13,-19,1,-13,-2,36,-16
1514892999838357,-9,-26,-56,-5,4,-3,-88,-84
1514892999838357,3,10,55,-7,21,9,28,99
1514892999857370,-5,5,3,8,-15,-10,13,-24
1514892999857370,1,2,14,23,7,4,-27,-28
1514892999858371,6,-10,8,-14,-21,-12,13,-5
1514892999858371,8,1,-34,-33,-2,-3,-24,56
1514892999872381,4,5,29,24,9,9,14,43
1514892999872381,0,-9,18,-9,6,-4,-11,-114
1514892999873382,13,3,-26,-12,3,10,-7,1
1514892999873382,-5,-13,-22,10,-8,-4,14,31
1514892999894897,-5,1,-1,4,2,-2,12,55
1514892999894897,4,-7,20,-3,-7,3,41,113
1514892999895397,-8,-5,5,-19,-3,-4,-7,-62
1514892999895397,-3,-3,-8,24,0,-5,1,-46
1514892999917413,-3,-3,19,25,17,7,1,-21
1514892999917413,16,-6,-18,-37,-3,-3,-33,6
1514892999918914,5,18,50,68,0,-9,29,71
1514892999918914,-11,-16,-65,-91,-9,-1,-19,-71
1514892999932423,9,-13,-81,5,-11,-1,-5,21
1514892999932423,-1,10,43,-39,4,0,-2,-11
1514892999932924,-11,-19,-31,10,-16,-7,16,69
1514892999932924,-2,7,38,16,4,9,18,-93
1514892999954939,-10,1,19,10,9,-10,-12,-56
1514892999954939,3,-6,-42,2,-2,-1,-19,-2
1514892999955440,-15,-4,33,-1,-6,-6,-12,-14
1514892999955440,10,15,17,48,-1,2,5,105
1514892999977458,-10,-7,-41,-92,-13,-5,19,-6
1514892999977458,-7,-6,-3,4,6,-2,-23,-117
1514892999977956,9,8,34,-7,2,6,-6,26
1514892999977956,11,3,5,38,8,2,3,-54
1514892999992466,-7,-9,-12,0,-8,-3,-24,-16
1514892999992466,4,-4,-19,19,4,1,6,32
1514892999993468,-6,5,-8,-34,-2,-1,6,53
1514892999993468,-3,4,-14,-1,-9,1,29,14
1514893000014994,9,-1,-1,-9,-7,-2,-23,-7
1514893000014994,-25,3,17,20,7,0,2,-28
1514893000015482,-3,-11,-24,-5,9,2,-5,-34
1514893000015482,-5,-8,29,-7,10,7,17,69
1514893000045503,2,1,-80,-32,-6,0,2,-52
1514893000045503,-1,-5,30,20,0,-7,-23,-8
1514893000046504,5,-1,-51,27,3,4,42,71
1514893000046504,-24,-9,-2,-26,-13,-15,-45,-118
1514893000052508,3,6,29,12,-1,1,11,-34
1514893000052508,2,-12,-4,-28,-5,-2,-21,10
1514893000054009,3,-7,-45,15,6,-2,-16,-18
1514893000054009,3,9,27,11,-8,4,28,57
1514893000076025,-6,2,54,11,9,-5,-7,56
1514893000076025,-12,-16,-69,-6,-7,-4,19,-46
1514893000077533,-7,2,15,-33,-7,-3,-12,-80
1514893000077533,2,13,37,33,8,1,18,109
1514893000097541,-5,-17,-26,-27,-12,0,-28,-107
1514893000097541,2,11,71,9,11,9,27,105
1514893000098041,-9,-13,-44,-22,4,5,3,-24
1514893000098041,10,-1,20,-3,-10,-6,3,-18
1514893000112551,6,2,-12,13,4,2,9,62
1514893000112551,-2,-1,17,7,-7,1,18,49
1514893000113051,-20,-2,31,13,-18,-10,-6,-84
1514893000113051,6,6,-11,-40,20,9,5,2
1514893000135077,-4,1,37,43,4,-6,-27,-36
1514893000135077,-3,-12,-28,-24,-8,1,-3,0
1514893000135578,2,10,57,59,8,0,-9,18
1514893000135578,-3,1,-11,-7,-6,-2,10,0
1514893000157597,-9,-18,-38,-3,-8,-10,-7,26
1514893000157597,0,11,-15,-1,7,3,27,-90
1514893000158083,5,-6,12,-6,2,-1,-30,-65
1514893000158083,-8,-15,-40,-16,-2,-4,-41,-25
1514893000172103,5,15,17,26,5,5,24,12
1514893000172103,1,-5,-4,-9,-13,-5,-10,38
1514893000173104,1,3,-11,-49,0,2,7,27
1514893000173104,-9,-3,56,42,0,-8,-22,-23
1514893000195114,4,5,-10,-25,2,2,-3,-22
1514893000195114,3,-2,12,24,-13,1,17,85
1514893000195610,3,5,8,27,17,1,-20,-42
1514893000195610,0,-10,3,-81,-2,3,13,15
1514893000218126,2,-4,-25,14,0,-1,18,60
1514893000218126,3,-5,-26,-11,4,4,-20,50
1514893000218629,-6,3,5,-14,-10,-3,-10,-45
1514893000218629,13,18,45,50,1,2,3,-57
1514893000232637,-8,-16,-34,3,-10,-9,4,38
1514893000232637,3,2,4,-35,2,-2,-3,24
1514893000233137,15,-5,-11,-7,-5,6,22,35
1514893000233137,-12,-6,2,8,1,-4,-2,3
1514893000254663,6,8,-24,-19,-2,0,33,65
1514893000254663,-11,-4,24,35,-22,-13,-58,-74
1514893000255664,-4,0,5,15,26,2,-8,27
1514893000255664,-1,6,4,17,1,0,11,-14
1514893000278168,3,-1,-16,-55,-6,1,18,85
1514893000278168,-9,-7,-41,-5,-5,-4,-34,-112
1514893000278669,5,9,35,-29,-3,-4,16,71
1514893000278669,6,-5,-61,-12,-1,-4,-30,8
1514893000292679,-23,-2,16,43,5,1,-9,-59
1514893000292679,20,4,49,1,3,-1,29,-17
1514893000293179,-1,1,-14,-15,-24,-6,-11,7
1514893000293179,-8,-9,-49,8,19,4,38,71
1514893000330718,10,14,28,-39,-12,-1,-33,26
1514893000330718,-12,-8,4,-4,16,-1,14,18
1514893000331215,-9,-4,8,7,-2,-2,-7,-76
1514893000331215,10,15,-4,8,-12,-2,25,79
1514893000338210,8,-8,-9,9,-2,0,-19,-41
1514893000338210,-3,3,6,15,0,-2,-13,10
1514893000338710,2,5,-5,4,-5,-4,12,40
1514893000338710,2,1,-23,-10,-5,1,-4,-13
1514893000352220,1,-5,-23,12,-2,-5,4,-18
1514893000352220,6,-1,9,7,7,1,12,-19
1514893000353221,-6,-6,-23,6,4,1,1,43
1514893000353221,1,-8,-17,-36,-10,-1,14,-63
1514893000374736,-2,-5,39,34,6,2,-29,-53
1514893000374736,-5,-12,-56,1,1,-4,18,51
1514893000376750,3,5,6,9,-5,-3,-10,32
1514893000376750,0,2,18,-18,-6,-3,8,8
1514893000398253,-3,-7,-29,9,-5,4,29,76
1514893000398253,-4,5,17,-18,-1,0,-28,-106
1514893000398753,4,-6,-12,5,5,2,0,-18
1514893000398753,-8,7,20,-20,-7,-2,-16,-26
1514893000412262,9,8,46,28,7,0,-1,10
1514893000412262,-8,0,-4,1,-1,1,15,10
1514893000413263,-2,-5,-48,-14,-3,-3,6,-6
1514893000413263,-5,0,22,7,-2,-6,-30,-55
1514893000443286,-5,2,51,4,2,-3,-26,-33
1514893000443286,10,11,13,12,4,5,32,56
1514893000444795,-25,-4,-9,-21,-9,-5,0,-49
1514893000444795,10,-6,15,7,-1,-3,-16,0
1514893000457805,-9,-8,-66,-32,2,2,-1,-60
1514893000457805,7,-6,-19,-6,1,-1,-4,1
1514893000458805,-1,4,14,33,-1,-5,-14,20
1514893000458805,5,3,-26,-33,-3,6,18,7
1514893000473316,-10,0,-1,-9,-2,-2,-2,-30
1514893000473316,-10,-7,-6,9,-11,-5,-1,21
1514893000474317,11,-4,-26,-38,15,9,-6,-36
1514893000474317,-12,-2,46,25,-4,-8,-29,-45
1514893000494832,2,-6,29,9,-2,-3,-6,-3
1514893000494832,-5,-6,-10,-7,-6,-1,14,37
1514893000496322,0,5,4,1,-4,-4,-1,8
1514893000496322,1,1,-8,7,1,-4,-26,-12
1514893000517847,-3,-10,-31,-20,-7,-5,11,-5
1514893000517847,2,3,28,5,3,-1,-3,11
1514893000518848,-4,-3,-2,2,-7,0,9,17
1514893000518848,-5,-4,-17,-7,1,-1,15,-27
1514893000532348,6,4,37,10,1,-1,-25,-43
1514893000532348,-4,-6,-22,-16,2,-2,-9,-13
1514893000533349,3,-2,23,13,-4,-3,-9,-4
1514893000533349,-3,0,-22,-8,-9,0,2,10
1514893000563369,-2,4,21,10,-3,-6,4,15
1514893000563369,2,-5,-9,19,19,7,1,-9
1514893000564371,0,1,-5,-60,-10,-3,6,14
1514893000564371,0,2,-2,31,1,0,-3,5
1514893000577879,-1,6,22,5,3,1,5,-5
1514893000577879,-4,-6,-4,-13,-7,-1,-1,8
1514893000578880,2,5,5,13,-1,-3,-10,-5
1514893000578880,-4,-8,-3,-3,9,3,12,11
1514893000601412,-4,-5,-18,4,-1,0,-13,-14
1514893000601412,-1,1,31,-6,-20,-7,0,-2
1514893000602911,-1,-2,-14,11,18,4,-4,-3
1514893000602911,1,-4,-16,-8,-6,-3,6,9
1514893000614906,-4,5,13,13,5,-2,-8,-4
1514893000614906,6,4,-6,-4,-2,1,2,15
1514893000615407,-5,-4,5,-4,-12,-4,8,-9
1514893000615407,-2,-3,-25,-4,-1,-2,-6,-8
1514893000637922,3,3,-3,-11,1,2,7,19
1514893000637922,1,-3,0,-1,2,-1,-1,19
1514893000638923,1,4,25,15,-7,2,5,-20
1514893000638923,-2,0,-3,17,8,0,0,18
1514893000652432,-1,-6,-20,-11,15,7,35,60
1514893000652432,-6,-4,-10,-6,-4,-7,-56,-112
1514893000652936,2,0,3,3,0,1,-7,-7
1514893000652936,0,1,-13,4,-4,-3,-9,5
1514893000674948,2,0,3,-1,-3,-2,-1,6
1514893000674948,-2,3,-24,0,3,0,16,23
1514893000675449,-5,-12,-9,-3,-6,-3,-3,-2
1514893000675449,0,2,-26,-17,-5,-1,-2,-2
1514893000697964,3,2,10,-19,-13,-3,6,-5
1514893000697964,-1,0,6,21,10,1,6,3
1514893000698966,0,4,-8,13,6,-1,-3,0
1514893000698966,0,-1,15,-5,-2,-1,7,12
1514893000720481,-2,-2,17,4,-4,-2,-7,-17
1514893000720481,-1,-4,-23,-24,-6,0,1,3
1514893000721481,1,0,4,1,-3,0,4,8
1514893000721481,-3,2,10,-14,-7,-3,-3,0
1514893000734991,1,-4,-8,12,7,0,-8,-9
1514893000734991,0,1,8,2,-2,-1,8,12
1514893000735491,2,2,2,-5,1,-2,0,2
1514893000735491,0,0,-5,-4,-2,0,-10,-12
1514893000758007,-3,-2,8,-4,-4,-2,-6,-12
1514893000758007,2,-7,-5,-5,0,-2,2,16
1514893000759009,-1,3,12,10,-1,0,12,26
1514893000759009,0,-2,2,-9,-5,-3,-8,-24
1514893000771516,-3,-1,-4,14,-1,-1,-3,3
1514893000771516,-2,-4,10,-19,-2,0,1,-25
1514893000780022,-3,-2,4,-1,-3,-3,-9,-1
1514893000780022,3,3,1,-1,0,0,6,14
1514893000796034,-2,-3,-9,-5,0,-2,-4,-5
1514893000796034,-1,-10,-14,3,-1,0,3,4
1514893000797035,2,5,4,-4,-4,-1,-1,-4
1514893000797035,-3,-3,11,8,2,-1,2,3
1514893000818050,1,-3,-11,-1,1,-2,-2,-6
1514893000818050,-4,-1,15,2,-2,-2,-1,3
1514893000819051,0,0,-13,-6,1,0,-4,-5
1514893000819051,-2,0,7,1,-3,-2,-1,2
1514893000831559,-3,-6,-4,2,2,1,-3,-3
1514893000831559,0,1,10,-10,1,0,-1,-1
1514893000840065,-2,-1,-4,1,-1,-1,-2,-3
1514893000840065,1,1,-8,1,0,-1,1,2
1514893000855075,-1,-3,5,-7,-5,-4,-6,-4
1514893000855075,1,0,-3,4,2,3,9,0
1514893000855576,-2,-2,-8,-3,-2,-1,-2,-2
1514893000855576,0,3,-7,-3,1,0,0,2
1514893000878092,-1,-1,-1,0,-3,-2,-2,-2
1514893000878092,0,-4,-9,0,-3,-1,-5,1
1514893000878592,-1,1,10,4,0,1,2,2
1514893000878592,0,1,-2,-2,-4,-2,0,-3
1514893000892101,0,-4,-4,-3,-1,-2,-10,-8
1514893000892101,-3,-4,-4,1,-3,-3,-1,0
1514893000907112,0,2,3,-5,0,-3,-1,-3
1514893000907112,-1,1,4,9,2,1,2,4
1514893000915117,0,-3,-9,-3,0,2,3,-2
1514893000915117,1,-2,3,0,-2,-1,-5,-2
1514893000915618,-4,2,-11,-12,-4,-1,-3,-4
1514893000915618,-1,1,7,11,4,1,0,-1
1514893000939635,-2,-3,-13,-15,-11,-3,-1,-1
1514893000939635,-2,-4,-11,3,6,3,1,2
1514893000940136,-3,-2,1,11,-1,-3,-3,-4
1514893000940136,0,0,-3,-8,-6,-3,-2,-1
1514893000952144,0,1,6,-12,1,-1,1,-1
1514893000952144,-1,-5,6,2,-4,-2,-2,0
1514893000960150,1,-4,-6,-2,-1,-1,-1,-2
1514893000960150,-2,-1,1,5,-2,1,-1,-1
1514893000975160,-1,-2,5,-4,-1,-3,1,0
1514893000975160,-1,2,3,0,-3,-4,0,0
1514893000975661,1,2,-4,-3,0,-1,-3,-2
1514893000975661,-1,1,-5,-4,-3,-1,-1,1
1514893000998677,0,-3,-4,6,1,3,3,1
1514893000998677,-4,-5,5,2,-1,0,-2,-4
1514893000999678,-1,0,1,4,1,0,1,-2
1514893000999678,0,1,-2,-11,-5,-2,-1,0
1514893001012188,-2,-3,-5,7,4,3,1,0
1514893001012188,0,-2,9,3,-3,-1,-3,-1
1514893001020195,-1,3,-3,-16,-6,-3,-1,-2
1514893001020195,0,3,9,1,-12,-3,-1,0
1514893001034704,-1,-5,-16,22,28,6,1,1
1514893001034704,-1,-2,-2,3,0,-1,-1,-1
1514893001036705,0,0,-7,-14,-3,1,0,-1
1514893001036705,-1,0,2,-4,-9,-5,-1,-2
1514893001058221,-3,-4,-2,-4,8,1,0,0
1514893001058221,-1,-2,-6,-1,-2,-2,-1,-1
1514893001058721,1,2,5,8,0,-1,-1,0
1514893001058721,1,4,0,-3,2,0,-1,0
1514893001071729,-2,-6,-1,-6,-11,-4,-3,-1
1514893001071729,-3,-4,2,3,3,-2,0,0
1514893001080237,-2,0,-8,-6,-3,-1,-2,-1
1514893001080237,0,2,-6,0,5,1,0,-1
1514893001095247,-1,0,-7,0,-5,-2,-1,-2
1514893001095247,-1,-4,14,-4,-4,-2,-1,-3
1514893001095749,-1,-3,-1,4,-1,-1,-1,-2
1514893001095749,0,-4,-6,-2,5,0,0,-1
1514893001118262,-1,-3,1,-2,-6,0,0,-2
1514893001118262,-1,-1,-6,-4,-4,-1,0,-1
1514893001118762,-2,1,-1,3,1,0,-2,-1
1514893001118762,-1,1,-1,-3,2,1,-1,0
1514893001140780,-3,-2,0,-4,-7,-1,0,-2
1514893001140780,0,-2,-5,-7,-6,-3,-1,-1
1514893001141279,1,-1,-15,4,9,2,3,2
1514893001141279,-1,2,17,12,-2,-2,-4,-2
1514893001156291,1,3,14,-4,-3,-3,0,-1
1514893001156291,0,-4,-6,-5,-2,0,-1,-1
1514893001157791,-3,1,6,3,1,-2,-2,-3
1514893001157791,0,-3,-19,-6,1,2,1,1
1514893001177307,-2,-3,2,0,-5,-1,-2,1
1514893001177307,-1,-3,-4,-2,2,-1,-3,-1
1514893001185311,1,0,-6,-9,-5,-3,-2,-1
1514893001185311,0,-1,3,-1,1,0,-1,-3
1514893001200821,1,-3,1,2,-2,-1,-1,-3
1514893001200821,-2,-4,-3,-3,-2,0,0,-1
1514893001201320,0,6,4,4,-1,0,0,-1
1514893001201320,-3,1,1,-3,0,-1,-1,-1
1514893001215330,-7,-11,-15,-8,-3,-2,-3,-2
1514893001215330,-2,-3,9,10,-1,-3,-1,-2
1514893001215832,-1,1,13,2,0,-2,-1,-2
1514893001215832,-1,2,-5,-4,1,0,-1,-1
1514893001237847,0,-1,-5,-5,-2,1,0,0
1514893001237847,-1,-3,2,-3,-2,-1,-2,2
1514893001238846,-1,-1,-3,1,-1,0,-1,-1
1514893001238846,0,-2,-7,-4,-1,-2,0,-1
1514893001260863,-1,-2,-3,-2,-3,-1,0,-1
1514893001260863,-3,-1,-2,1,1,-1,0,-1
1514893001261366,1,1,9,2,-2,-1,-1,-2
1514893001261366,-2,-1,-7,-2,0,0,-1,-2
1514893001274874,2,-3,9,4,0,-3,-1,0
1514893001274874,-1,-1,-11,-1,0,-3,-1,-1
1514893001275873,-2,0,-10,-6,-2,-1,-1,0
1514893001275873,0,-1,-5,-4,-4,-2,-3,-1
1514893001297889,-2,-3,9,7,2,-2,-1,-1
1514893001297889,-1,-3,-4,-2,4,1,0,-1
1514893001299390,0,-2,3,4,-1,0,0,-1
1514893001299390,-1,1,-2,-3,-5,-1,-2,-1
1514893001320410,0,3,-2,-9,-7,-3,-1,-1
1514893001320410,-2,-4,-3,4,3,2,1,-1
1514893001321405,-3,-3,-10,-4,-1,-2,-4,0
1514893001321405,-2,1,12,21,-1,-3,-2,-2
1514893001343923,2,0,-2,-17,1,0,-2,-1
1514893001343923,-4,1,0,-4,-7,-3,-2,-3
1514893001344923,-2,0,-2,14,3,-1,-1,-1
1514893001344923,-3,-3,12,-11,1,-2,-1,-1
1514893001357933,0,-3,-16,1,-6,-2,-1,-1
1514893001357933,1,-3,-6,0,0,0,-1,0
1514893001358932,2,0,2,-2,-3,-1,0,-2
1514893001358932,1,2,-5,-1,-3,-3,-2,-1
1514893001380450,-2,-4,8,5,0,-1,1,-3
1514893001380450,0,-3,4,-4,0,-1,0,-1
1514893001381449,-1,-2,-12,-5,-2,1,-1,0
1514893001381449,-2,4,4,1,-2,0,1,0
1514893001395465,-1,-2,-1,0,-1,0,-1,1
1514893001395465,-1,-2,-8,-1,-2,0,-1,-1
1514893001395465,-3,1,16,-6,-3,-5,0,-3
1514893001395465,0,2,-8,-3,4,0,-1,-3
1514893001418476,-3,-4,-1,1,1,0,0,-2
1514893001418476,-1,-1,7,2,-1,-1,-2,-1
1514893001418977,-1,-2,-2,-3,0,0,-1,-1
1514893001418977,1,-2,-10,-6,-3,-2,-2,-1
1514893001440489,-1,-2,6,-4,-2,-2,0,-1
1514893001440489,0,-2,2,0,1,1,1,0
1514893001442491,-2,2,4,12,2,-1,-2,-1
1514893001442491,1,-1,-9,-3,-2,0,0,0
1514893001454499,-1,-3,-1,-1,-2,0,-2,-2
1514893001454499,-1,-3,-4,-9,-5,-1,0,-2
1514893001462507,1,0,0,-4,-2,-1,-1,-1
1514893001462507,-1,-2,-4,-1,-1,0,0,-1
1514893001478520,0,-2,-1,1,0,-2,0,0
1514893001478520,-2,-1,1,-1,0,0,-1,1
1514893001479017,-1,3,7,3,-1,-1,-2,0
1514893001479017,-1,-1,-2,-4,-1,-1,-2,-2
1514893001500532,-2,-1,-1,-2,0,0,0,-2
1514893001500532,0,0,-2,1,0,-2,-1,0
1514893001501032,0,-1,-12,-6,-1,-1,-2,-2
1514893001501032,-1,-1,4,-1,-3,-3,0,-2
1514893001515542,-1,-2,-7,2,1,0,-1,-2
1514893001515542,-3,-1,18,4,0,0,-1,-2
1514893001517043,0,2,-13,-9,-8,-2,-1,0
1514893001517043,-1,0,-6,0,5,0,0,-1
1514893001538058,0,-4,-3,10,3,2,-2,0
1514893001538058,1,-2,5,3,-6,-3,-2,-2
1514893001539059,-1,0,2,-2,0,-2,-1,-2
1514893001539059,-2,-2,-6,-7,0,-2,-1,0
1514893001560576,-1,-3,-8,2,2,0,1,0
1514893001560576,-1,-3,4,-1,1,0,0,1
1514893001561076,0,0,-4,-2,-4,-3,-2,-3
1514893001561076,-2,0,-4,-4,-3,0,-1,-2
1514893001575084,-1,1,6,-2,-2,-2,-3,-1
1514893001575084,-1,-2,-8,-3,-2,-3,-1,0
1514893001575584,0,-1,0,-1,1,-2,-1,1
1514893001575584,-1,-1,2,0,0,-1,-1,-2
1514893001597610,-1,-3,-4,-1,-1,0,0,0
1514893001597610,-2,0,-1,-2,0,-1,-1,0
1514893001598601,-2,-2,-5,-1,0,0,0,-1
1514893001598601,0,1,0,4,-1,-2,0,0
1514893001620626,-2,-2,-5,-5,-2,0,-1,0
1514893001620626,-2,-1,3,2,-1,0,2,0
1514893001621117,-2,0,-1,-2,-2,1,-1,-1
1514893001621117,0,1,-4,-1,-3,-1,-2,-2
1514893001634636,-2,-1,9,2,-3,-2,-1,-1
1514893001634636,-1,-2,-7,-7,0,0,0,-1
1514893001635637,-1,0,0,-3,-1,-1,1,-2
1514893001635637,0,0,3,-8,-2,1,-1,-2
1514893001658152,-3,-3,-3,6,0,0,0,-3
1514893001658152,0,-1,-6,3,0,-1,-3,-2
1514893001658643,-1,1,21,-1,0,0,1,1
1514893001658643,-2,-2,-5,1,-3,-3,-3,-1
1514893001680668,0,-1,1,1,2,-2,1,0
1514893001680668,-3,-4,-8,0,0,-1,-1,-2
1514893001681670,0,-1,4,0,-2,1,-2,-1
1514893001681670,-2,0,1,-2,-1,0,1,1
1514893001694169,-1,-1,-2,-7,-4,-2,-1,1
1514893001694169,-1,-3,7,2,-1,0,-1,-1
1514893001702184,-2,0,-9,-1,0,-3,-1,0
1514893001702184,0,-2,-5,-3,-2,0,-2,-1
1514893001718196,1,-1,-4,-4,-2,-1,-1,-2
1514893001718196,0,2,4,0,-1,-2,-1,-1
1514893001718686,-2,-1,-3,0,-1,-1,-1,-2
1514893001718686,-1,1,-1,-1,-1,0,-2,-2
1514893001741218,-2,-3,-7,-2,-1,-1,-1,-2
1514893001741218,-1,-2,2,-2,-1,-2,0,-2
1514893001742712,0,0,-9,-3,-1,-1,-1,-1
1514893001742712,1,-2,3,0,-1,-2,-3,0
1514893001754227,-2,-2,5,1,0,0,1,0
1514893001754227,1,-2,-7,-2,-1,-1,-1,-1
1514893001762216,-1,0,-3,1,-1,-1,-1,-1
1514893001762216,-1,-1,-3,-10,-1,-2,0,-1
1514893001778228,0,-3,-2,-7,-2,1,-1,-1
1514893001778228,-2,-1,-2,-1,-1,-1,-1,-1
1514893001778728,-1,-1,-2,-7,-5,-3,0,-2
1514893001778728,0,3,1,-3,-1,-2,-2,2
1514893001800754,0,-1,3,21,11,2,-1,0
1514893001800754,-1,-1,-5,-4,-1,0,0,0
1514893001801245,-1,0,-3,2,-1,-2,-2,0
1514893001801245,-1,-1,1,17,-6,-3,-1,-3
1514893001814754,-1,-2,0,-23,-6,-2,-2,-1
1514893001814754,0,-1,-6,0,4,-1,0,1
1514893001822259,-1,0,2,-3,-1,-1,0,0
1514893001822259,0,-2,0,-1,-2,0,-1,-2
1514893001837779,0,-2,-2,3,-2,-1,-1,-2
1514893001837779,0,1,8,8,-4,1,-2,-3
1514893001838782,1,0,-2,-7,-2,-1,-2,-2
1514893001838782,-1,-3,-3,-2,2,1,0,-1
1514893001860300,1,0,-1,-1,-5,-2,-1,-3
1514893001860300,-2,0,0,-5,0,-1,-2,-2
1514893001861288,-1,0,-2,2,0,0,-1,-1
1514893001861288,-1,-6,-9,-1,0,0,0,0
1514893001874796,-2,-1,11,-4,-3,-3,-2,-1
1514893001874796,0,-1,-3,0,-2,-2,0,-2
1514893001882301,1,1,-2,1,-2,0,-1,-2
1514893001882301,-2,-2,-5,-5,0,-2,0,0
1514893001897812,-2,-1,-3,2,-4,-2,-2,-1
1514893001897812,-1,3,-1,-10,2,-1,-1,-2
1514893001898813,0,-2,-1,2,1,-1,-1,-1
1514893001898813,0,-3,2,-3,-1,-2,-1,-1
1514893001921839,-2,-1,0,1,-1,-3,-1,-1
1514893001921839,-2,0,-1,4,-2,0,-2,-2
1514893001923330,0,0,-4,-2,0,0,0,-1
1514893001923330,-3,-1,2,-4,-1,1,0,-2
1514893001934338,-3,-1,-2,-2,-4,-2,0,-4
1514893001934338,-1,1,-3,2,2,1,0,-2
1514893001943344,-2,-2,-1,-2,-2,-2,-1,-1
1514893001943344,0,-3,2,0,0,0,-2,-1
1514893001957856,0,0,1,0,-3,-2,-3,-1
1514893001957856,-1,-2,-3,-12,-5,0,0,-1
1514893001960868,-1,-1,-6,7,5,1,0,-1
1514893001960868,0,-2,5,1,0,-2,-1,0
1514893001987886,0,-1,2,-3,-3,-1,0,-1
1514893001987886,-1,-2,-3,1,0,0,0,-1
1514893001989376,-1,1,-1,-1,-2,-1,-1,-1
1514893001989376,-3,-2,-6,-5,-1,-1,-1,-2
1514893001994882,-2,-3,-3,4,-1,-2,0,0
1514893001994882,-1,1,0,-6,-2,-1,-1,0
1514893002002887,-3,1,-5,-7,-2,-1,1,-2
1514893002002887,-3,-2,-1,2,-2,0,-1,-1
1514893002019398,-1,-2,6,-1,2,-2,-1,-1
1514893002019398,0,-1,-3,6,-1,-2,-1,-1
1514893002023411,1,1,1,-1,-1,-1,-3,-3
1514893002023411,0,-1,-5,-4,-1,-1,0,-3
1514893002047919,-3,-3,1,-3,-1,1,-2,-2
1514893002047919,-2,-3,-2,1,-1,-1,0,-1
1514893002049420,-1,1,2,5,0,-1,-1,2
1514893002049420,-1,1,0,-1,0,1,-2,-1
1514893002062929,0,-2,-3,-2,1,0,-1,-2
1514893002062929,0,-1,-2,22,-2,-1,-1,0
1514893002064430,-1,-1,1,-15,0,1,-1,-1
1514893002064430,-2,-2,0,0,-2,-2,-2,-1
1514893002077941,-1,-3,-3,-3,-2,-2,0,-1
1514893002077941,-1,0,0,-8,-5,-1,-2,0
1514893002079455,-1,1,-2,5,-1,0,-1,-2
1514893002079455,-2,0,-1,-5,-2,0,-2,-2
1514893002100465,-2,-1,-2,0,-1,0,-1,0
1514893002100465,-3,0,-3,0,-1,-2,-1,-2
1514893002101967,-1,-1,-1,-1,-3,-2,0,-1
1514893002101967,-1,0,2,-2,-1,0,-1,0
1514893002122971,0,-1,-2,-2,-1,1,-1,-1
1514893002122971,-1,1,1,-1,-2,0,0,-2
1514893002124472,-2,1,-4,-4,-2,-4,-1,-1
1514893002124472,-2,-2,-3,-1,0,-3,0,-2
1514893002137991,0,-5,-2,-1,-1,-2,-1,1
1514893002137991,1,1,-1,-4,0,-1,-1,0
1514893002139493,-3,0,0,-3,-3,-1,0,-2
1514893002139493,0,-2,1,5,0,-2,1,-1
1514893002160498,-2,-2,-4,-3,-2,0,-2,0
1514893002160498,-1,1,7,7,-2,-1,-1,-1
1514893002161999,0,-1,-2,-9,-2,-1,-1,-1
1514893002161999,-1,0,1,5,3,0,-1,1
1514893002183016,-1,-3,-5,-2,-2,-2,-1,-2
1514893002183016,-2,0,1,-1,1,-1,0,1
1514893002185517,1,2,7,9,-2,-2,0,-1
1514893002185517,0,-3,-4,0,1,0,1,-1
1514893002197540,-2,-2,-3,-5,-3,0,1,0
1514893002197540,-2,1,-3,7,-2,-2,-2,-1
1514893002204038,-2,0,-2,-7,0,1,-2,-2
1514893002204038,-1,-2,-4,-14,-5,-1,-1,-2
1514893002220550,0,-3,-1,11,3,1,0,0
1514893002220550,-2,0,1,-5,-2,-2,0,0
1514893002222051,-2,0,-1,5,0,-1,-1,0
1514893002222051,-1,-3,-1,-1,-3,-2,-1,-1
1514893002250583,-1,-3,-2,-6,-2,-1,-2,-1
1514893002250583,0,-1,-4,-4,-1,1,-2,0
1514893002252086,1,1,-2,10,-3,0,-2,-2
1514893002252086,-1,-2,0,-16,1,-2,-1,-1
1514893002257076,-1,0,2,4,-1,-2,-1,-3
1514893002257076,-3,1,-3,-7,-1,-3,-1,-2
1514893002265573,1,0,0,1,3,1,-1,-1
1514893002265573,-1,-3,0,3,-3,1,-1,-1
1514893002280606,-1,-2,-5,-2,-1,-2,-1,-2
1514893002280606,-2,0,2,-7,-2,-1,0,1
1514893002282119,-1,0,-2,-3,-4,-3,-2,-1
1514893002282119,-2,0,-2,0,-2,0,-2,0
1514893002303132,-2,-3,-1,-12,1,3,-1,-1
1514893002303132,-2,-2,-5,5,1,-2,-1,-2
1514893002304633,0,-2,-1,4,-3,-1,0,-1
1514893002304633,-1,-2,0,-5,0,-2,-2,-2
1514893002317132,-1,-2,0,-1,-2,-2,0,0
1514893002317132,2,1,-2,4,-2,0,-1,-1
1514893002331642,0,0,-2,-13,1,0,-1,-2
1514893002331642,0,-2,-1,9,-1,0,-1,-1
1514893002340148,-2,-2,2,0,-2,-2,-1,0
1514893002340148,-1,-1,0,0,-1,-3,-1,-1
1514893002342149,-2,-2,-3,-1,0,-2,-1,0
1514893002342149,-1,-4,-2,1,-3,0,-2,0
1514893002362664,-1,-4,-1,-5,-3,-2,-1,-1
1514893002362664,1,5,-4,-4,1,0,-1,-3
1514893002364666,-2,1,-1,3,0,-1,-3,-2
1514893002364666,-1,-1,-2,-2,-1,0,-1,-1
1514893002377674,0,-2,-1,3,0,-2,-1,-2
1514893002377674,-2,2,1,-7,-3,-1,-2,0
1514893002384179,-2,0,-1,-5,0,0,-2,-1
1514893002384179,-1,-2,4,3,-1,0,-1,0
1514893002400691,-1,-3,0,1,-3,-2,-1,-1
1514893002400691,0,0,-8,-9,1,-1,-1,0
1514893002402192,-1,1,3,13,1,-2,-2,0
1514893002402192,-1,-4,-1,-8,-2,-3,-1,-1
1514893002423207,-3,-3,-4,-7,2,1,-2,0
1514893002423207,-1,0,-1,0,-3,-3,-2,-1
1514893002425208,-2,0,-3,-1,-2,0,0,-1
1514893002425208,-2,-3,-2,1,-2,-3,-1,-3
1514893002437217,0,-3,0,-1,-2,-1,-2,-2
1514893002437217,0,-2,-1,0,-1,-1,-1,-1
1514893002444223,0,-1,0,-4,-1,0,-1,-1
1514893002444223,-2,-1,0,0,-1,-1,-2,-1
1514893002460759,-2,-3,-1,2,2,0,-1,-1
1514893002460759,-1,0,0,-1,-1,-2,0,-1
1514893002462235,0,0,-2,1,-2,-3,0,-2
1514893002462235,-1,-2,-1,-4,-2,-1,-1,-1
1514893002483261,1,-3,-3,2,0,0,-2,-3
1514893002483261,-1,-2,-3,-1,0,-1,-2,1
1514893002484250,-2,1,10,8,0,-2,-2,0
1514893002484250,0,-3,-5,-12,0,-1,-1,-3
1514893002497259,-1,0,-1,2,-2,0,-1,-1
1514893002497259,-2,0,-1,-1,1,-1,-1,-1
1514893002504278,-1,0,-4,-10,-1,0,-2,-2
1514893002504278,-2,-2,3,10,-3,0,-2,-1
1514893002520306,-3,-3,0,1,0,0,0,1
1514893002520306,-1,-1,-3,6,-2,0,-1,-3
1514893002521802,-2,1,-5,-3,3,-1,1,-2
1514893002521802,1,-1,-3,-4,-3,0,0,-1
1514893002543301,-1,-2,-1,-2,-2,-4,-1,-1
1514893002543301,-2,2,0,-1,-3,0,-2,0
1514893002544797,0,2,-2,-2,-2,-2,-1,-2
1514893002544797,-1,-4,-3,1,-2,0,0,-1
1514893002556301,-1,-2,3,2,1,-1,-1,0
1514893002556301,0,-2,-1,-1,-1,-1,-1,-1
1514893002573313,-1,1,-3,-6,-2,0,-1,-1
1514893002573313,-2,-2,-2,-1,1,-1,-1,-1
1514893002580318,-1,-4,-6,-10,-4,-3,-1,-2
1514893002580318,0,1,13,16,0,0,-2,-1
1514893002581820,-2,-1,-6,-13,0,0,-2,-1
1514893002581820,-1,-3,5,2,-2,-1,-1,0
1514893002602846,-3,-3,-3,-3,0,0,0,-1
1514893002602846,1,0,-6,-6,-1,-3,-1,-2
1514893002604845,0,1,-1,3,-3,-3,-2,1
1514893002604845,1,-2,-2,1,2,0,-1,0
1514893002616844,0,-1,0,-5,-2,-1,0,-1
1514893002616844,-3,1,-2,0,0,3,0,-1
1514893002625349,0,1,0,-7,-6,-2,-2,1
1514893002625349,0,-2,-4,7,1,-1,-1,0
1514893002640361,1,-2,-3,-5,-2,-1,-2,-2
1514893002640361,0,2,3,1,-1,-2,-1,-1
1514893002642362,-1,1,-1,-1,-2,1,0,-2
1514893002642362,-2,-2,-1,-3,-2,-1,0,-1
1514893002663389,-3,-4,-5,-1,-1,-1,-2,0
1514893002663389,-2,2,4,11,0,-2,-2,1
1514893002664877,0,0,-3,-12,2,1,-1,1
1514893002664877,-1,-4,2,-3,-3,-2,1,-2
1514893002676899,-2,-4,-3,5,1,0,-2,-2
1514893002676899,-2,-1,1,-8,-2,1,0,0
1514893002685392,0,-1,-3,8,-1,-2,-1,-2
1514893002685392,-3,-2,2,1,-1,0,-1,0
1514893002700413,1,-3,0,13,-1,-1,0,-1
1514893002700413,-1,1,-7,-18,-2,-4,0,-2
1514893002701914,-1,2,-2,-1,1,0,1,-1
1514893002701914,-3,-3,-1,-2,-1,-2,0,-4
1514893002722928,-3,-3,1,0,1,1,0,-1
1514893002722928,0,1,3,2,-2,-1,-2,0
1514893002724429,-1,0,3,-6,-3,-2,-2,0
1514893002724429,0,1,-1,-3,-2,0,-2,-1
1514893002736929,-1,-3,-3,12,7,1,1,-2
1514893002736929,2,-1,-7,-6,-4,0,-1,-1
1514893002752945,-2,0,-6,-2,-1,-3,-1,-2
1514893002752945,0,-3,5,6,2,0,-1,0
1514893002760445,0,-2,4,2,-4,-2,-1,0
1514893002760445,-1,0,-4,-7,1,1,0,-1
1514893002761947,-1,2,2,12,-4,0,-2,0
1514893002761947,-1,-3,-11,-19,0,-2,-2,-3
1514893002782961,-3,-2,4,-1,-3,-2,-2,-2
1514893002782961,-2,-1,-5,-2,2,-1,1,-1
1514893002784462,0,0,-3,0,-2,-3,-1,-1
1514893002784462,-2,-3,-1,4,-1,-2,0,-2
1514893002796471,-2,-3,-3,-5,-2,-1,-1,-2
1514893002796471,-1,2,3,-1,-3,-2,-2,0
1514893002805477,-3,0,-3,-6,-1,0,0,0
1514893002805477,-2,-3,-2,7,1,0,0,2
1514893002820487,0,-1,-1,-7,-2,-2,0,-1
1514893002820487,-3,0,-3,-1,-3,-1,-4,-3
1514893002821989,1,1,-1,-2,5,0,-1,-2
1514893002821989,-2,-3,0,3,1,1,-1,-2
1514893002850511,-1,-2,-3,-13,-5,-2,-1,-1
1514893002850511,-1,-1,-4,12,0,-1,0,-2
1514893002852010,-2,0,4,-7,0,-3,-2,0
1514893002852010,0,-4,-1,-2,-3,-1,1,-1
1514893002856513,-2,0,6,-3,0,0,-1,0
1514893002856513,0,-1,-5,1,-3,-4,-2,-2
1514893002865519,0,-1,-3,-12,-3,-2,0,-1
1514893002865519,-2,-2,-2,0,1,0,-1,-1
1514893002881031,-1,-3,-4,0,-1,1,-1,1
1514893002881031,0,-1,1,-6,-3,0,-3,-3
1514893002883542,0,1,-1,7,0,-2,-1,-3
1514893002883542,1,0,5,-1,-4,-2,-2,-1
1514893002903055,-1,-3,-4,-2,1,0,1,-1
1514893002903055,-1,1,-2,-4,-1,-3,-2,0
1514893002904557,-4,1,-4,-1,-2,0,0,0
1514893002904557,-1,0,4,0,-1,0,0,-2
1514893002916565,-1,-2,2,1,-1,-1,-1,-1
1514893002916565,1,-1,0,-3,1,0,-2,0
1514893002925567,-1,-1,-3,-1,-2,-1,-3,1
1514893002925567,-1,-4,-4,-6,-2,-3,-1,-1
1514893002940585,-1,-1,1,2,0,-1,-2,-1
1514893002940585,-1,-1,-5,-3,0,1,0,-2
1514893002942086,0,0,1,1,-3,-2,0,-2
1514893002942086,-1,-1,-4,-3,2,-3,-3,-1
1514893002962590,-1,-3,0,-8,1,1,0,-2
1514893002962590,-2,-1,-6,2,-1,1,-1,0
1514893002969093,0,1,3,-5,-3,-2,-2,-2
1514893002969093,0,-1,9,12,-3,-1,0,0
1514893002993109,-2,-4,-5,0,1,-2,-2,-2
1514893002993109,0,-1,0,-7,-1,-1,0,-1
1514893002995614,-1,-2,-4,-6,-1,0,-2,-1
1514893002995614,0,0,-4,-2,-3,-1,-1,0
1514893003000624,0,-2,-3,2,3,-1,0,-1
1514893003000624,-2,1,5,6,1,-1,1,0
1514893003002125,0,1,-4,-3,-2,-2,0,-2
1514893003002125,-5,-2,-1,0,-1,-3,0,-2
1514893003022630,-1,-1,3,8,-1,-1,0,0
1514893003022630,1,-1,-1,-2,-1,-1,-2,-1
1514893003024632,-2,2,-3,-9,-1,-2,-2,-1
1514893003024632,-1,-2,-7,-7,-1,0,-1,0
1514893003052690,-1,-1,8,5,-1,-3,-3,-1
1514893003052690,-2,0,-4,-12,-2,-2,0,0
1514893003054663,0,0,1,11,-1,-1,-3,-1
1514893003054663,-2,-3,-2,1,-1,0,0,0
1514893003060678,0,-1,-2,-4,0,1,1,1
1514893003060678,-3,1,-1,-2,-4,-2,-2,-2
1514893003062160,-1,-2,-2,3,0,1,-1,-2
1514893003062160,-2,-2,-5,-1,-1,-2,-2,-3
1514893003083183,-2,-2,2,8,0,-1,0,-1
1514893003083183,2,1,0,-1,-1,-3,-2,-1
1514893003084684,0,-1,-2,-8,-2,0,-1,-1
1514893003084684,-1,-2,-6,-6,2,1,0,0
1514893003105189,-2,-2,4,-2,-4,-2,-3,-2
1514893003105189,1,0,-3,1,2,-1,0,-1
1514893003107190,-1,0,0,-4,0,-2,-2,0
1514893003107190,0,-2,-1,-4,-5,-1,-2,-2
1514893003128205,-2,-2,-6,-4,0,0,1,-1
1514893003128205,-3,0,2,-1,-2,0,-1,-2
1514893003129706,0,-2,-3,4,1,-1,0,0
1514893003129706,0,-2,4,2,1,1,0,0
1514893003143215,0,-2,1,-2,-4,-1,-1,-1
1514893003143215,-1,0,1,-3,-3,-1,2,-2
1514893003144717,-2,-1,0,4,-3,-3,-1,-2
1514893003144717,-1,-1,-3,-4,-2,0,-1,-2
1514893003165731,-2,-1,-2,3,0,0,-2,1
1514893003165731,1,-1,0,3,3,2,-1,1
1514893003167735,-1,-2,-1,3,-1,-1,-2,0
1514893003167735,-4,-4,-9,-7,-1,-1,0,-1
1514893003179751,-1,-1,5,8,-2,-3,-1,-1
1514893003179751,-2,-1,-4,-3,-1,0,-1,0
1514893003186756,-2,-2,-1,-2,0,-1,-2,-1
1514893003186756,1,-1,-1,1,-2,-1,0,-1
1514893003203258,-1,-2,-1,-1,-4,-2,0,-2
1514893003203258,-1,-1,-4,-11,2,-2,0,0
1514893003204258,0,0,1,15,-1,0,-1,0
1514893003204258,-3,-1,1,-9,-3,-4,-2,0
1514893003225283,-3,-1,-5,-1,1,1,-1,-3
1514893003225283,0,1,6,6,-2,-2,-1,-1
1514893003227277,-2,-1,-1,-2,-1,0,1,-1
1514893003227277,0,-3,-1,3,-1,1,-2,-1
1514893003239793,2,-2,-5,-6,-3,-3,-1,0
1514893003239793,-2,-1,3,2,-1,-1,-3,-2
1514893003246789,-1,1,-1,1,-1,-3,-2,-1
1514893003246789,-2,-1,0,1,0,-2,-1,-2
1514893003262800,-1,-3,-7,-8,-1,1,1,-2
1514893003262800,-1,-1,-3,-2,-2,0,-1,-2
1514893003264301,-1,-1,1,-11,-2,-3,0,-2
1514893003264301,-1,-3,-1,12,0,1,0,2
1514893003285316,0,0,0,-3,1,-2,-1,-3
1514893003285316,-1,-1,-5,-1,-1,-2,-2,0
1514893003286819,0,0,-2,0,-1,0,-2,0
1514893003286819,-3,-2,6,1,-1,-1,-1,-2
1514893003300326,-2,-1,-1,4,-4,-2,-1,0
1514893003300326,-2,1,-4,-1,5,2,0,-1
1514893003306831,0,0,-7,-2,0,0,-1,0
1514893003306831,-1,-3,-2,-1,-2,-2,0,-2
1514893003322842,0,1,2,5,-4,-2,-2,-1
1514893003322842,-1,-1,-3,-9,-3,-3,-2,-1
1514893003329347,-2,-2,2,-3,-3,-1,-1,-2
1514893003329347,0,-1,0,1,0,-1,-1,-2
1514893003346359,-1,-3,-7,-2,2,1,-2,1
1514893003346359,0,0,-1,1,-4,-1,-1,1
1514893003347860,-4,-3,0,-3,-1,-2,-1,-2
1514893003347860,-2,-2,-1,-3,-2,-2,-1,-1
1514893003360370,-3,1,1,-3,0,-2,-1,0
1514893003360370,-1,1,-2,2,-2,0,-1,-1
1514893003366373,1,-1,-2,-1,-1,0,-1,0
1514893003366373,-2,-2,-4,-6,-2,0,-1,-2
1514893003382884,-1,-2,-8,-3,-1,-2,0,0
1514893003382884,0,1,8,-2,-2,-3,-2,0
1514893003384392,0,-1,1,2,-1,0,-1,1
1514893003384392,0,-2,-3,-1,-1,-1,1,0
1514893003405901,0,-1,-6,0,-5,-1,-1,0
1514893003405901,0,0,6,-1,1,0,-1,-4
1514893003407402,0,-2,-4,-2,-3,1,0,-1
1514893003407402,0,-2,-3,-1,1,-1,1,-2
1514893003419911,-3,1,7,0,-2,0,-1,-3
1514893003419911,-4,-3,-11,-4,-4,-3,1,-1
1514893003433921,-1,0,2,7,-1,0,-1,0
1514893003433921,-1,-3,7,8,9,0,0,1
1514893003450433,-1,-1,4,-9,-4,-2,-2,-2
1514893003450433,-2,-2,-4,6,-2,-1,-1,-2
1514893003451961,0,-2,-3,-7,-1,-3,0,-3
1514893003451961,0,-1,-8,-4,-3,-1,-1,0
1514893003465458,2,-1,2,-8,1,-3,0,0
1514893003465458,0,0,2,3,3,0,-1,0
1514893003466954,-2,-3,-4,-1,-2,-2,0,1
1514893003466954,-2,-2,0,0,-1,-1,-2,-2
1514893003478954,0,-1,-4,-3,0,-1,-2,0
1514893003478954,-1,1,-6,-6,-4,-1,-1,-1
1514893003487959,-1,0,7,-1,-1,1,-1,-2
1514893003487959,-1,-1,-1,1,-1,-1,-2,-1
1514893003502969,-1,-1,2,6,-2,-1,-2,-2
1514893003502969,-1,0,-11,-17,2,-1,1,-2
1514893003504471,0,-1,1,-1,3,0,0,1
1514893003504471,0,-2,4,-4,-5,-3,0,1
1514893003525485,-2,1,-3,-10,-4,1,-1,1
1514893003525485,0,2,6,11,-3,-2,-1,0
1514893003526997,-4,-1,1,10,1,-1,-1,-1
1514893003526997,1,-3,-5,-5,3,1,0,-1
1514893003538995,0,-1,-2,3,0,-1,0,1
1514893003538995,0,-1,-1,-7,-3,-3,-2,0
1514893003548002,1,-2,-5,-8,-2,-2,-2,-1
1514893003548002,-3,-2,1,16,-1,-2,-1,0
1514893003563022,-1,2,-3,-9,3,-1,-2,-2
1514893003563022,0,1,4,-2,-2,-1,-1,0
1514893003564518,1,-2,-3,2,2,0,-1,-1
1514893003564518,-1,-1,-3,-6,-3,-2,-2,-3
1514893003586029,-1,1,9,6,2,0,0,0
1514893003586029,-1,1,-5,2,-4,-1,-2,-2
1514893003587529,-2,-2,-2,-6,2,-1,-2,-1
1514893003587529,-1,-2,-3,-4,-3,-2,-1,0
1514893003599050,1,1,2,0,-1,0,0,0
1514893003599050,-1,-2,-6,0,-1,1,-1,-1
1514893003608054,-1,-2,-1,0,-3,-4,-1,-2
1514893003608054,0,-1,-1,-5,-3,0,-1,-3
1514893003630570,-1,-2,-9,3,5,-1,0,-1
1514893003630570,-4,-1,5,5,0,-3,-2,-2
1514893003632071,0,-4,-3,-1,-2,-1,0,-1
1514893003632071,-3,-4,-8,-12,-3,-1,0,0
1514893003645581,1,0,7,4,-1,1,-2,-1
1514893003645581,1,1,-1,-3,0,2,0,0
1514893003647084,-1,0,0,2,-3,-2,-1,-2
1514893003647084,-1,-2,-4,-1,-2,-2,-1,-1
1514893003659090,-3,2,1,-5,-3,-3,-3,-2
1514893003659090,1,1,-5,9,3,1,2,-3
1514893003668087,-2,-2,0,-11,-1,-1,0,-1
1514893003668087,0,-2,-2,-1,-1,0,-1,-1
1514893003683097,-2,0,-1,10,-3,0,-3,0
1514893003683097,1,1,-1,-12,0,-2,-1,-2
1514893003685611,0,-2,-6,2,-1,-1,-1,0
1514893003685611,-2,-2,7,3,1,-1,-1,0
1514893003713618,0,-2,-6,-7,-4,-2,1,-3
1514893003713618,-2,1,4,3,0,-2,-1,0
1514893003717121,-1,1,17,4,-3,-1,-3,0
1514893003717121,-3,-5,-11,-6,1,2,-1,-3
1514893003720623,-2,-1,1,2,1,0,0,1
1514893003720623,0,-1,-5,-4,-2,-1,-1,-1
1514893003728129,0,-1,4,-7,-3,-2,-1,-3
1514893003728129,-1,0,8,7,-5,-3,-3,-2
1514893003743139,-1,-1,-10,-3,2,-2,-1,-1
1514893003743139,-1,0,2,-2,-1,-2,-1,0
1514893003745641,-1,-2,2,-1,0,0,0,1
1514893003745641,1,-3,-30,-7,-1,0,-1,0
1514893003765655,-1,0,-7,2,0,-1,1,-1
1514893003765655,-1,1,0,3,0,-1,0,0
1514893003767156,-2,-3,-5,-1,-1,-1,1,-2
1514893003767156,-2,0,9,-2,-1,-2,-1,-1
1514893003779165,0,1,3,0,-1,0,-2,0
1514893003779165,-1,-1,-5,2,-4,-3,-2,-1
1514893003788172,-3,-4,-8,-7,1,0,-3,0
1514893003788172,-1,-4,3,-3,0,0,0,1
1514893003802681,-1,0,-2,-2,-3,-2,-2,-1
1514893003802681,0,1,6,-4,0,-1,-3,0
1514893003804683,-2,-1,-5,9,1,-1,0,-1
1514893003804683,-2,-2,-1,5,3,-1,-1,-1
1514893003825207,0,0,0,-6,-2,0,-1,-2
1514893003825207,-2,1,-1,-1,-1,-1,-1,-1
1514893003827210,1,-1,12,-4,-3,0,1,0
1514893003827210,0,-3,-4,-2,-2,-2,0,1
1514893003839223,-2,1,7,5,0,-1,0,0
1514893003839223,0,-1,-3,-4,-1,-1,-2,0
1514893003848214,-1,-3,-1,-4,-2,0,0,-2
1514893003848214,-2,-1,5,1,-3,-2,-2,-2
1514893003862853,-3,1,-3,-7,-1,-1,0,-1
1514893003862853,0,2,3,1,-1,-1,1,0
1514893003864852,-1,0,-7,2,1,-2,-1,0
1514893003864852,-1,-1,-4,-1,0,1,-2,-1
1514893003885857,-1,-1,-4,6,-2,-2,0,-1
1514893003885857,0,-2,-7,-14,-3,0,-1,-2
1514893003887358,-1,-2,-6,3,-1,-3,-2,0
1514893003887358,-2,-2,10,-1,-1,-4,-2,-2
1514893003907872,0,1,3,-6,-3,-2,0,0
1514893003907872,-1,-1,-6,11,3,-2,0,-1
1514893003909375,-1,-4,-5,-16,-4,-1,-1,-1
1514893003909375,-2,-1,17,8,-1,-1,1,-1
1514893003922883,-1,-1,-1,-4,0,0,1,0
1514893003922883,-1,-1,-13,-3,-7,0,-3,1
1514893003924384,-3,-3,5,5,3,1,-2,-1
1514893003924384,-1,-4,-2,-2,-3,-2,-2,-1
1514893003945399,0,1,-7,-2,2,-1,-2,-1
1514893003945399,-2,1,4,-1,0,-1,-2,-2
1514893003946900,0,-3,-6,-3,-2,-2,-3,-2
1514893003946900,-1,-1,-1,-4,-1,0,1,0
1514893003967915,0,1,-3,-1,-1,-1,-1,-1
1514893003967915,0,2,1,-2,0,-3,-3,-1
1514893003970417,-2,-2,-10,2,-1,-3,-2,-1
1514893003970417,-4,-4,7,0,-1,0,-1,-1
1514893003982926,-1,0,7,0,-1,-2,-2,-2
1514893003982926,0,1,-29,-10,-1,-1,1,0
1514893003984433,0,-3,-3,6,-2,-2,-1,-1
1514893003984433,0,0,-5,16,2,-1,0,-2
1514893004005451,-1,1,-5,-13,-1,1,-1,-2
1514893004005451,-2,0,9,-1,-2,-1,-1,-1
1514893004006952,0,-3,-6,-2,-2,-1,-2,0
1514893004006952,-1,-5,-9,-12,-6,-3,-1,0
1514893004027958,-3,2,18,21,3,-1,-1,-1
1514893004027958,-1,-1,-3,0,5,1,0,-1
1514893004029458,-1,-3,5,-5,-2,1,-1,-1
1514893004029458,-1,-2,0,-6,0,-3,-1,0
1514893004042990,0,0,-10,-5,-3,-4,-1,0
1514893004042990,-1,1,3,-1,-4,-2,-1,-1
1514893004045471,-3,-4,-4,0,-2,-2,0,0
1514893004045471,-1,-5,-5,-4,-2,1,-1,-3
1514893004065484,0,-1,12,4,0,-1,-1,-1
1514893004065484,0,0,-33,-3,-2,-1,-1,-2
1514893004066986,0,-3,1,-5,2,-2,0,0
1514893004066986,-3,-2,1,-3,-3,-1,-1,-3
1514893004088000,2,0,-7,-8,-2,0,-3,-1
1514893004088000,-2,-1,16,7,1,-2,-1,1
1514893004090502,0,-2,4,7,-3,-2,-2,-2
1514893004090502,-1,-4,-6,-13,4,1,-1,0
1514893004102009,-2,-1,-4,-5,-2,0,-1,-3
1514893004102009,-1,0,5,-4,-4,-1,0,0
1514893004109015,-1,-1,-2,2,1,0,0,-2
1514893004109015,-1,-3,2,4,0,-1,0,0
1514893004125526,-1,-1,-9,1,0,-2,-2,-2
1514893004125526,0,1,7,-4,-3,-2,-2,-1
1514893004127028,-2,-1,6,2,-1,-2,-1,-2
1514893004127028,-1,-1,0,-1,-1,-1,0,0
1514893004148042,-1,0,-6,-9,-1,-1,-2,0
1514893004148042,-1,1,7,3,-2,-3,-1,0
1514893004150544,-3,-4,-33,-16,-4,-1,-2,-1
1514893004150544,-3,-1,6,5,1,1,-2,-2
1514893004162553,0,-1,-6,2,-4,-2,-2,-1
1514893004162553,0,0,10,3,2,-2,-2,-1
1514893004169058,1,-4,5,7,-3,-1,0,1
1514893004169058,0,-5,4,-3,0,-1,-1,0
1514893004185569,-1,1,-4,-6,-1,0,-1,1
1514893004185569,-1,0,-6,-5,-2,0,-2,-2
1514893004187070,0,-1,11,-1,-1,-2,-1,0
1514893004187070,1,-1,-8,8,-5,-2,0,-1
1514893004208085,-1,0,2,4,5,0,0,-1
1514893004208085,0,0,-6,-4,-3,0,1,-1
1514893004209586,-1,-4,0,-4,1,0,0,-1
1514893004209586,0,-2,2,-3,-6,-1,-1,-1
1514893004222094,0,2,-3,4,4,0,0,1
1514893004222094,1,3,-3,-1,-1,-1,-2,-1
1514893004229101,-1,-1,5,3,-1,0,-1,-1
1514893004229101,0,-2,-1,-5,2,0,0,-1
1514893004253116,-1,-1,-1,-3,-5,-4,-2,-2
1514893004253116,0,-1,0,-2,0,-1,-1,-1
1514893004254619,-1,-2,0,5,2,0,0,-1
1514893004254619,0,-3,-4,-9,-1,0,-3,-2
1514893004275132,-3,-1,-4,-3,-2,-1,1,1
1514893004275132,-1,1,6,8,-2,-2,-1,-2
1514893004277133,-1,-4,-4,-20,-2,-1,-2,-2
1514893004277133,-1,-2,4,13,4,-1,0,-3
1514893004282137,-1,1,-1,1,-3,-1,-2,-1
1514893004282137,-1,-1,-4,-2,-2,0,0,-2
1514893004289642,0,0,-13,-5,-6,-3,-3,0
1514893004289642,-2,0,-3,8,4,-1,-2,1
1514893004305163,-1,-4,1,-4,-2,-2,-2,-2
1514893004305163,-4,-1,-5,-5,-1,1,0,1
1514893004307170,-1,-3,-1,-1,-1,1,-1,-2
1514893004307170,0,0,3,-7,-4,-2,0,-2
1514893004328171,0,1,-1,4,-4,-1,1,1
1514893004328171,-1,1,3,0,-1,-2,-1,0
1514893004329680,-2,-2,-7,0,1,0,0,1
1514893004329680,-2,-3,5,4,-1,-1,-2,-1
1514893004342189,-2,0,-2,-9,1,0,-2,0
1514893004342189,-2,1,4,-5,-2,-3,-3,-1
1514893004356690,0,-2,4,11,0,2,0,-2
1514893004356690,-1,-5,-11,-9,-2,0,0,0
1514893004365196,1,3,0,-4,-4,-1,-3,-1
1514893004365196,-2,1,5,7,-1,0,0,-2
1514893004367210,0,-2,6,-11,-2,-2,-1,-1
1514893004367210,-3,-4,-32,4,2,-1,0,-3
1514893004387712,-1,0,7,-2,-4,-2,-1,-2
1514893004387712,1,3,-5,-2,-2,-2,0,0
1514893004391715,1,1,7,4,1,0,-1,0
1514893004391715,-2,-4,6,-1,-1,1,-1,-1
1514893004401731,-1,0,-4,-2,0,-1,0,-2
1514893004401731,1,-1,-2,0,-3,-4,-3,-2
1514893004410736,-1,-4,-5,-2,0,-1,0,-1
1514893004410736,0,-3,6,-6,-1,-2,0,2
1514893004425239,-1,1,-3,4,-2,-1,0,0
1514893004425239,-1,1,3,-2,-1,0,-2,0
1514893004426740,-2,-2,-5,-4,-1,-1,-1,-3
1514893004426740,-2,-3,0,0,-2,1,0,1
1514893004447754,-1,-3,0,-3,-1,-1,-1,-3
1514893004447754,-1,0,-1,-1,1,-1,1,-1
1514893004449256,-1,-5,-3,3,-2,-1,-1,0
1514893004449256,-2,-1,-2,0,0,-1,-1,-2
1514893004471293,0,0,13,1,-1,-1,-2,0
1514893004471293,-1,-2,-34,-5,1,0,0,0
1514893004474788,-1,1,7,-8,-1,-3,-1,-2
1514893004474788,2,-5,-1,7,3,1,2,-2
1514893004485781,1,0,1,4,-1,1,-1,-2
1514893004485781,-3,1,3,1,-3,-1,-1,-2
1514893004487282,0,0,3,-6,-1,0,-1,2
1514893004487282,-1,-2,-2,-3,-2,-3,-1,-2
1514893004515311,-2,3,1,-5,0,-1,0,-1
1514893004515311,0,1,4,3,0,-1,-2,1
1514893004517304,-1,-3,-1,5,-3,-1,-1,-2
1514893004517304,-2,-3,-4,-6,0,-1,-2,0
1514893004521326,-2,0,-1,2,-1,-3,-2,-2
1514893004521326,-3,0,3,-5,-1,-1,-4,-2
1514893004530332,-2,-2,-1,2,0,-1,-1,0
1514893004530332,1,-2,-3,1,0,-1,-1,0
1514893004552852,0,-1,-1,-1,-1,-3,-1,-1
1514893004552852,1,-1,-1,-5,-3,0,-1,-2
1514893004555330,-2,-2,-3,-10,-4,-2,-2,-1
1514893004555330,-2,0,19,2,3,1,-1,1
1514893004567854,-2,-1,-18,11,0,-2,-2,0
1514893004567854,1,1,8,-8,-1,-2,0,0
1514893004569340,-2,-7,-6,2,-1,-2,-1,-1
1514893004569340,-1,0,11,-3,-4,-4,-1,-2
1514893004581348,1,1,-8,-13,-1,-1,1,2
1514893004581348,-1,-1,5,3,0,-2,-1,-3
1514893004591368,0,-1,0,3,1,0,-1,-2
1514893004591368,0,-2,-6,-11,-4,-2,-1,0
1514893004605365,-1,-1,-1,4,1,0,-2,-1
1514893004605365,0,0,-7,-4,-1,-1,-3,0
1514893004606866,0,0,-1,5,-1,-1,1,0
1514893004606866,-1,-1,4,0,0,-1,-1,-2
1514893004628382,-1,2,-9,-4,-1,-2,0,-3
1514893004628382,-3,0,1,-1,-2,-2,0,-1
1514893004629383,-3,-2,0,3,3,-1,-1,-1
1514893004629383,-2,-2,-3,4,0,1,0,-1
1514893004641391,-2,1,0,-7,-6,-2,-2,0
1514893004641391,0,-1,5,2,0,-2,-1,-2
1514893004650415,-2,-1,0,4,2,-1,-1,0
1514893004650415,-2,-3,-11,1,-2,-3,0,1
1514893004673914,-1,0,3,2,-3,0,-2,0
1514893004673914,1,0,-6,-6,3,1,-2,-1
1514893004675915,-1,-2,-1,-4,-4,0,-1,-2
1514893004675915,-2,-1,1,-6,-4,-1,-1,-2
1514893004696431,-2,-1,-1,3,-1,0,-1,-2
1514893004696431,0,-1,-3,5,0,-2,1,1
1514893004699950,-1,-3,8,-2,-1,-3,-1,-1
1514893004699950,-2,-3,-6,2,-2,-3,-1,-1
1514893004701449,-1,2,15,1,-3,-1,0,-1
1514893004701449,-1,-2,-36,-6,-4,-1,-1,0
1514893004710449,-3,-3,-5,-6,1,1,-1,-2
1514893004710449,-1,0,-2,-2,-3,-2,-3,0
1514893004725470,-1,0,-4,-3,1,-1,0,-1
1514893004725470,-3,-2,15,3,-3,-1,-1,0
1514893004726951,-1,-2,0,-4,-2,0,1,0
1514893004726951,-4,0,-4,-7,-2,1,0,-2
1514893004747966,-1,-1,-2,-4,-3,-1,-1,0
1514893004747966,-1,0,-2,5,2,0,-3,-2
1514893004749469,0,-3,2,4,1,2,0,-2
1514893004749469,-1,-2,2,2,-1,-1,-2,-1
1514893004761977,0,0,13,-5,-1,0,0,-2
1514893004761977,-1,1,0,-12,-3,-1,-1,-2
1514893004771483,0,-3,0,-5,-3,-1,-1,-1
1514893004771483,0,-2,-4,5,1,0,-2,-1
1514893004784992,-1,-1,3,-4,-3,0,-1,-2
1514893004784992,-1,-1,-1,-1,-2,-1,0,1
1514893004791509,-1,-2,-1,-1,-3,-1,1,-2
1514893004791509,-1,-1,5,-4,-2,-2,-2,-1
1514893004808010,0,0,-12,1,-1,-2,-1,-2
1514893004808010,-2,0,12,7,1,-1,-2,0
1514893004809510,0,-2,-8,-16,-3,-2,-1,-1
1514893004809510,1,-1,-4,4,0,0,0,1
1514893004821519,-1,-2,-5,-1,1,0,-2,-3
1514893004821519,-1,0,-5,-2,-1,-1,-2,0
1514893004830525,0,-3,9,4,1,-2,-2,0
1514893004830525,1,2,2,3,0,-1,-1,0
1514893004845554,-3,-1,-3,-5,-1,-2,-2,-2
1514893004845554,1,-1,1,0,4,1,-1,-1
1514893004847046,-2,-1,1,5,-2,-1,-2,0
1514893004847046,-2,-2,-3,-8,-2,1,0,-1
1514893004883083,1,1,-5,1,1,0,0,1
1514893004883083,-1,-3,5,1,-5,-1,0,-4
1514893004884573,-2,0,-6,-7,-2,0,-1,-1
1514893004884573,-1,-3,-4,-8,1,-2,-1,-1
1514893004890567,-1,0,6,-3,-1,0,-1,-1
1514893004890567,-2,-1,-6,-2,0,-2,-2,-2
1514893004892568,0,-2,2,6,-2,-1,-2,-2
1514893004892568,-2,0,0,0,-5,0,0,-1
1514893004905578,0,1,5,-1,-2,-1,-2,-1
1514893004905578,0,-4,-2,-2,2,-2,-1,1
1514893004907087,-1,-1,-3,1,-2,-2,-1,0
1514893004907087,-1,-3,-3,-4,0,0,-1,0
1514893004928095,-2,-1,-8,-3,0,-1,-1,1
1514893004928095,-3,-2,-3,2,-2,0,-1,0
1514893004929598,-1,-2,-5,2,-2,-3,1,-1
1514893004929598,-1,0,-1,4,1,0,1,-1
1514893004950625,-2,1,-1,-6,-2,-2,-2,-4
1514893004950625,-1,-1,-4,-5,0,0,-2,-1
1514893004953122,-3,-3,2,-1,-2,-1,0,-1
1514893004953122,0,-3,-4,-4,-2,0,-1,-3
1514893004965620,1,0,-3,1,0,1,-1,1
1514893004965620,-1,0,3,-3,-1,-1,-1,-2
1514893004967121,-1,-2,-5,0,-1,-1,-2,0
1514893004967121,-3,0,-1,-2,-1,-1,0,0
1514893004987654,-1,-1,-6,0,-1,-3,-1,-2
1514893004987654,0,-2,-1,-4,-3,-1,-1,-2
1514893004989637,-1,0,-4,-4,1,-1,-2,0
1514893004989637,0,0,5,12,0,-4,-1,-1
1514893005011655,-2,-2,-4,-13,2,0,0,0
1514893005011655,1,1,8,-1,-2,-2,-1,0
1514893005015155,0,0,-6,0,-1,1,0,-2
1514893005015155,-1,0,5,7,0,-1,-1,-4
1514893005025162,-2,1,-5,-13,-1,-1,-1,-1
1514893005025162,0,-4,-4,1,-1,0,1,1
1514893005031667,0,-2,-17,-10,0,1,-1,-1
1514893005031667,1,2,4,6,1,0,0,0
1514893005047690,1,-2,-3,7,1,0,-1,-2
1514893005047690,-1,0,-9,-10,-4,-1,-2,-1
1514893005050192,-1,-1,6,0,-2,0,0,-1
1514893005050192,0,0,-5,-8,-3,-2,-2,1
1514893005071705,-1,-1,4,11,1,0,1,-1
1514893005071705,-1,-3,3,-3,-2,0,0,-1
1514893005073197,-1,-3,0,3,-1,-2,-2,-2
1514893005073197,-2,2,-8,-7,-2,-1,-2,-2
1514893005084714,-1,0,4,-10,-2,-3,-2,-1
1514893005084714,-1,-1,-3,4,1,1,-1,-1
1514893005091709,-2,-5,-2,-4,-1,-1,-2,-2
1514893005091709,0,1,2,-1,-1,-1,0,-2
1514893005107722,-3,2,0,9,-2,-1,-1,0
1514893005107722,0,-1,-6,-5,-2,-4,0,-1
1514893005111723,0,0,11,2,1,0,-2,0
1514893005111723,-2,-1,1,15,-2,-1,-1,0
1514893005130236,0,-2,-6,-8,0,0,-1,0
1514893005130236,-2,-2,-1,-9,-3,-2,0,-1
1514893005131737,-2,-5,-9,-1,0,0,0,-2
1514893005131737,0,-2,6,-5,-3,0,0,-1
1514893005144761,0,2,0,1,-4,0,-2,-4
1514893005144761,-2,-2,1,10,3,1,-2,-2
1514893005151752,-2,-2,-4,-4,-4,0,1,0
1514893005151752,-2,-1,5,0,-1,-1,-1,0
1514893005167763,0,-2,-6,-1,0,0,0,0
1514893005167763,-1,-1,3,-4,-2,-1,-2,-1
1514893005169264,-2,-3,-1,1,0,-3,-1,-2
1514893005169264,0,-2,-2,-6,1,-1,-1,-1
1514893005190803,-1,0,0,-5,-5,-2,-1,-1
1514893005190803,0,-2,-11,1,-1,-2,-2,0
1514893005192280,-2,-4,12,10,3,-1,-1,1
1514893005192280,-2,1,-7,-7,-3,-3,-1,0
1514893005204802,0,-1,-3,0,-3,-2,-1,0
1514893005204802,-1,-2,5,6,4,1,-1,-1
1514893005212294,0,-2,-6,-2,0,-1,-3,-2
1514893005212294,0,-1,-3,0,1,0,0,-2
1514893005228309,-1,2,9,-1,-3,-2,-1,-2
1514893005228309,-1,-4,-28,-10,-4,-2,0,-2
1514893005229307,-1,-3,-5,-12,-2,-1,-2,0
1514893005229307,-1,1,2,2,1,0,0,-2
1514893005250822,-1,0,5,3,-1,0,-2,1
1514893005250822,-1,-1,9,1,-3,0,0,-2
1514893005252332,-1,-1,-3,4,-1,-3,0,-2
1514893005252332,-1,0,-5,-4,-2,-2,-1,0
1514893005273838,-1,1,2,-10,1,-2,0,-2
1514893005273838,0,-2,3,0,-1,-2,-2,-1
1514893005275342,-1,-1,-4,-1,-1,-1,1,0
1514893005275342,-1,1,5,2,1,1,0,0
1514893005287847,0,-2,-10,-2,0,-1,0,-1
1514893005287847,-1,-2,9,2,-2,-1,-1,-1
1514893005289862,0,-2,1,-3,-2,0,2,-2
1514893005289862,0,0,1,-1,0,-1,-2,-1
1514893005310364,-3,0,-3,12,0,-1,-2,-2
1514893005310364,-2,-1,-3,-9,-2,0,-1,-2
1514893005311867,0,-2,3,2,0,-2,-2,-1
1514893005311867,0,1,-4,-4,-1,-1,0,-1
1514893005332889,0,-1,-4,13,1,-1,0,-1
1514893005332889,-1,-1,4,-14,-1,0,-2,-1
1514893005334381,-3,-1,2,-1,-3,-1,0,-2
1514893005334381,-1,-3,-4,5,-1,0,0,-1
1514893005348391,-1,2,1,-9,1,-1,0,0
1514893005348391,0,-3,12,5,-1,-1,-1,-1
1514893005349901,-1,-1,-6,-2,-2,0,0,-2
1514893005349901,-3,-2,-3,1,-1,-2,-1,-1
1514893005370421,-2,-1,-6,0,-3,0,-2,-2
1514893005370421,0,0,8,3,0,-2,-1,-2
1514893005373945,-1,-1,0,-7,-2,-1,0,-3
1514893005373945,-1,-1,1,-2,-1,-2,-1,-1
1514893005393440,-1,-1,-2,-3,-2,0,0,-1
1514893005393440,-2,-1,-7,-2,-3,-1,0,-1
1514893005395924,-2,-4,5,7,5,1,0,0
1514893005395924,0,2,-8,-8,-3,0,-1,0
1514893005407942,-1,2,0,-6,-3,-2,0,0
1514893005407942,0,-4,-4,8,0,0,-2,1
1514893005409444,0,-2,-3,-1,-4,-2,-2,0
1514893005409444,0,0,0,1,-1,0,0,-1
1514893005430949,-1,0,-3,-7,-4,0,-2,-1
1514893005430949,-1,-1,-1,-1,-4,-2,0,-1
1514893005432468,-1,-2,0,0,2,0,-1,-2
1514893005432468,-1,-2,0,20,0,-2,-1,-2
1514893005443959,-1,-2,-3,-18,2,-2,0,0
1514893005443959,-1,-4,-7,-6,1,-2,0,0
1514893005453965,-1,-2,2,-2,-3,-3,-1,-3
1514893005453965,0,-2,2,-7,0,-1,-2,-1
1514893005467984,0,2,-6,17,1,-2,-2,-2
1514893005467984,-1,-2,-2,1,-1,-2,-1,-2
1514893005469476,-3,-3,-4,-7,-5,0,-2,0
1514893005469476,-2,-1,-1,-7,-2,0,1,0
1514893005491007,-3,-2,1,1,-2,-1,0,-2
1514893005491007,0,-3,5,-7,-1,-1,-1,-2
1514893005494498,-1,0,1,6,-1,0,-2,-1
1514893005494498,-2,-1,-11,-10,-6,-4,-1,-2
1514893005504501,0,2,0,8,6,1,-1,0
1514893005504501,-3,-1,-4,-1,0,0,-1,-1
1514893005513007,-3,-2,5,-2,-2,-2,0,-2
1514893005513007,-1,0,-1,-3,-3,0,-1,-1
1514893005528027,1,0,11,4,2,-1,1,0
1514893005528027,-2,-2,-2,-3,-3,-1,0,-1
1514893005529519,-2,-3,-6,-3,-1,0,-1,-2
1514893005529519,-2,0,2,0,0,-1,-1,-1
1514893005550533,-1,0,7,0,0,2,-1,1
1514893005550533,0,-3,-5,2,1,0,-1,-1
1514893005552035,0,-3,-9,8,-3,-1,0,-1
1514893005552035,-1,1,-3,-24,1,-2,-1,-3
1514893005564043,-2,-1,2,-4,-5,-2,-1,-1
1514893005564043,-2,-2,-2,13,2,-1,-1,-1
1514893005574050,0,-1,5,-4,-1,0,0,0
1514893005574050,-2,1,1,9,1,-1,-1,-1
1514893005595584,0,4,13,0,-3,-1,-2,-1
1514893005595584,0,-4,-30,-14,0,1,-1,-1
1514893005597067,0,-2,15,10,2,0,-1,-1
1514893005597067,1,2,-11,-3,-1,0,-1,1
1514893005610576,-2,0,7,-5,-2,0,-1,0
1514893005610576,-1,-3,1,0,-2,-3,-1,1
1514893005613078,-1,-4,-6,-2,-2,-4,-1,-2
1514893005613078,2,1,14,3,4,0,-1,-1
1514893005624085,-2,1,-12,2,-1,-2,-1,-2
1514893005624085,0,-2,-18,-3,-4,-1,-3,-2
1514893005633104,-3,-4,-4,-7,-2,-2,0,-2
1514893005633104,0,1,4,-2,0,2,-1,0
1514893005648113,0,1,-12,-3,-3,0,-1,-1
1514893005648113,-2,-2,3,3,-1,0,-1,-3
1514893005649613,-4,-2,-6,-17,-3,-1,0,-2
1514893005649613,1,3,25,1,0,0,1,-1
1514893005670628,0,-1,-3,-6,-3,-1,-2,1
1514893005670628,-3,-1,-13,3,0,-2,-1,-2
1514893005673620,0,-4,-9,1,-1,-1,-1,-2
1514893005673620,-4,1,-2,0,-4,-2,-1,-1
1514893005684638,1,0,8,-4,-1,-3,-1,-1
1514893005684638,-1,-3,12,4,-1,-1,-1,1
1514893005693144,-2,-3,-13,-9,-1,1,-1,-1
1514893005693144,-3,0,12,4,-4,-5,-1,-3
1514893005708145,-1,0,0,4,2,0,-1,-2
1514893005708145,1,1,21,-2,-1,0,-1,0
1514893005709647,-2,-4,-12,-3,1,-1,0,0
1514893005709647,0,0,-15,4,-2,-1,-1,0
1514893005730160,-1,3,26,4,-1,-3,-2,-1
1514893005730160,-3,-5,-25,-2,-2,-1,-3,0
1514893005732161,0,-4,-20,-13,2,-1,-1,-1
1514893005732161,-2,-2,1,5,0,-1,-1,-1
1514893005744674,-2,2,5,-2,-6,-3,-1,-2
1514893005744674,0,-1,3,2,2,-1,-1,-2
1514893005753206,-1,-3,17,10,2,0,0,0
1514893005753206,0,0,-13,-2,-3,-1,-2,-1
1514893005767687,-1,-1,-21,-9,0,0,-1,-1
1514893005767687,0,-2,10,2,-1,1,1,-1
1514893005769700,0,-2,-6,-12,-5,0,-1,1
1514893005769700,-1,1,-10,8,2,0,0,-2
1514893005790713,-2,0,10,2,-3,-3,-2,-2
1514893005790713,-1,0,-2,-12,-4,-4,-3,-1
1514893005793214,-2,-3,-13,15,0,-3,-3,-1
1514893005793214,0,2,68,-10,1,-1,0,1
1514893005804227,0,-1,-83,-21,-6,-2,1,-2
1514893005804227,-1,-6,41,11,4,2,1,-2
1514893005815233,0,0,-8,-3,-4,-2,1,-1
1514893005815233,-1,-2,-9,2,-4,-3,-2,-2
1514893005828236,-1,1,-10,-7,-3,-2,-2,-3
1514893005828236,-2,-4,4,-9,0,-1,0,0
1514893005829737,0,-2,4,4,0,-1,-1,-2
1514893005829737,0,0,-1,1,-3,-1,0,0
1514893005850246,-1,4,13,6,0,0,-2,1
1514893005850246,-2,-2,-22,-13,-4,-1,-1,-1
1514893005856259,1,1,46,-1,-6,-3,-1,0
1514893005856259,-3,-7,-44,-10,7,-1,-1,1
1514893005873771,-1,-2,-7,3,0,-2,-1,-2
1514893005873771,-2,-2,-24,-7,-6,-3,-1,-1
1514893005875277,-2,0,12,16,5,2,-2,0
1514893005875277,0,4,-7,-19,-9,0,-3,-2
1514893005887281,-2,0,-11,10,9,3,-1,0
1514893005887281,0,0,40,9,-5,-2,-1,-1
1514893005901282,-3,-9,-48,-13,-1,-3,-1,-2
1514893005901282,1,0,-12,4,-3,-2,0,-2
1514893005910290,-1,-2,-32,-28,-4,0,1,0
1514893005910290,-2,-3,-3,15,9,1,0,0
1514893005912293,1,0,18,-1,0,-1,0,-1
1514893005912293,-2,0,38,12,-1,-3,-1,-3
1514893005932818,-2,3,30,16,-4,-2,-2,-1
1514893005932818,-1,-6,-64,-24,-2,-2,0,-2
1514893005934320,-2,3,55,1,-2,0,2,-1
1514893005934320,-2,1,5,3,5,0,-1,-2
1514893005947823,1,-2,31,13,-2,-2,-2,-1
1514893005947823,-1,-5,-35,-2,0,1,0,-2
1514893005949334,-5,-8,40,6,-2,-3,-4,-4
1514893005949334,-2,-1,-72,-19,-7,0,8,-1
1514893005970843,-1,-5,-24,-7,-3,-2,-10,-4
1514893005970843,-2,-2,8,4,2,2,3,0
1514893005974333,0,2,19,13,2,2,0,1
1514893005974333,0,-6,-60,-7,-6,-4,-4,1
1514893005992846,2,5,65,-4,0,-3,-2,-1
1514893005992846,-5,-3,-12,-6,-3,-2,1,-2
1514893005994347,-4,-6,-3,0,3,-2,-11,-5
1514893005994347,0,-3,-3,4,-2,3,13,-2
1514893006007359,2,0,0,1,1,-3,-14,0
1514893006007359,2,-5,-8,-10,-8,-4,5,-1
1514893006014864,8,9,43,26,2,6,17,3
1514893006014864,0,0,-28,-29,-5,-2,-5,0
1514893006030878,-9,-8,23,23,-1,-2,3,-7
1514893006030878,0,-2,6,0,3,1,-2,0
1514893006032380,-2,-3,6,2,-4,-10,-26,-3
1514893006032380,6,2,-81,-15,-1,7,24,4
1514893006052890,4,16,20,-9,-1,1,-4,4
1514893006052890,-4,-16,-22,16,-3,-4,-6,-2
1514893006054390,-8,-22,-42,-19,-5,-1,14,-4
1514893006054390,0,2,33,14,4,1,-7,-3
1514893006067901,7,5,47,3,-4,-5,-4,0
1514893006067901,-4,-4,-49,-20,-2,-6,-4,-2
1514893006074905,4,2,-58,-17,-5,5,0,2
1514893006074905,0,4,43,16,2,-10,-29,-5
1514893006090415,-5,2,-64,-9,-2,7,27,4
1514893006090415,8,10,73,12,2,1,3,3
1514893006091917,3,-3,-11,-4,-6,-8,2,-3
1514893006091917,3,3,39,17,-2,-2,-10,-2
1514893006120437,11,13,-22,-6,10,3,-2,1
1514893006120437,-9,-6,-11,4,-1,1,-3,1
1514893006121939,-27,-13,-79,-15,-5,-3,-5,-9
1514893006121939,-8,-6,-11,17,0,-3,-14,-1
1514893006127441,-3,-11,22,-10,-3,1,8,-1
1514893006127441,5,14,-15,-17,-1,1,-1,2
1514893006134447,0,1,33,9,1,3,8,2
1514893006134447,1,-3,22,4,-5,-6,-1,-3
1514893006150460,-3,1,-17,1,2,-3,-6,-4
1514893006150460,9,0,47,9,-1,3,6,2
1514893006151960,7,8,11,-9,1,3,1,3
1514893006151960,-6,3,-30,-2,4,-4,-3,-5
1514893006172973,2,-5,1,-3,-3,3,5,1
1514893006172973,-8,-5,43,12,2,5,-4,-3
1514893006174474,-11,-8,6,-1,0,-3,-7,-2
1514893006174474,4,9,3,5,-6,2,10,2
1514893006187484,-36,-31,-47,6,0,-5,-12,-9
1514893006187484,2,-7,46,-10,-7,-9,-21,-4
1514893006193987,16,7,-40,-2,5,3,25,6
1514893006193987,-13,-5,60,-8,2,5,5,0
1514893006210499,4,-16,-19,-12,-7,-5,-7,-4
1514893006210499,3,13,-13,10,-5,-3,-12,-4
1514893006212003,-4,-3,18,5,1,-1,-5,3
1514893006212003,13,14,-22,-11,4,-3,-5,3
1514893006233518,-4,1,4,14,-4,-1,3,0
1514893006233518,-1,1,43,-18,-11,-6,-10,-4
1514893006234518,6,3,-2,9,3,2,4,2
1514893006234518,12,13,6,29,-9,-2,1,1
1514893006248029,-2,15,-43,-65,8,5,8,4
1514893006248029,-14,-34,3,-4,1,-1,14,-5
1514893006255032,-2,0,9,0,-3,-1,-14,-5
1514893006255032,-2,-13,46,-4,-5,-2,-4,0
1514893006270542,17,19,19,33,5,-3,-19,0
1514893006270542,-4,8,-57,-16,-9,-3,13,1
1514893006272043,-11,-1,65,11,2,1,0,2
1514893006272043,8,-13,-25,-16,8,2,-7,-2
1514893006293058,12,8,-67,14,-5,-2,3,-1
1514893006293058,-7,5,58,2,-1,-3,-10,-3
1514893006294559,-10,-11,-79,-21,4,-6,-14,-6
1514893006294559,-7,0,28,-5,-4,6,12,6
1514893006308569,11,-4,-2,15,-10,-7,-10,-5
1514893006308569,13,10,-44,1,12,11,15,9
1514893006314074,-10,-19,-4,-13,-10,7,30,-2
1514893006314074,-1,7,-20,-16,2,-5,-6,0
1514893006330588,-35,-25,71,2,-4,-4,2,-8
1514893006330588,-2,8,-21,13,5,3,5,-3
1514893006332089,29,19,44,14,-3,-8,-16,4
1514893006332089,2,8,-30,-8,4,1,2,5
1514893006353102,-6,-2,-24,-9,-8,0,-3,-1
1514893006353102,4,29,-37,7,-10,-7,-9,-4
1514893006355103,-12,-24,-24,-20,15,5,3,0
1514893006355103,-45,-32,47,11,-10,-8,-12,-21
1514893006375616,5,9,19,22,-2,-1,4,4
1514893006375616,-7,-20,-28,-30,13,4,-5,1
1514893006376117,10,7,-36,1,-7,-4,-1,-4
1514893006376117,42,25,-9,8,0,1,2,6
1514893006389628,17,43,48,-2,7,2,-11,5
1514893006389628,-20,-7,-9,11,-6,-2,5,-2
1514893006390628,-6,-25,-54,-8,-6,-11,-21,-8
1514893006390628,-42,-34,-1,0,9,7,6,-10
1514893006412142,38,26,11,-9,-2,5,-2,6
1514893006412142,34,10,21,19,-4,2,24,15
1514893006413145,-25,23,-28,-34,-5,-8,-22,-9
1514893006413145,18,9,-30,-14,-2,2,1,3
1514893006436160,-11,-4,1,18,9,3,7,1
1514893006436160,-8,-17,22,20,11,2,-2,3
1514893006437661,34,27,-1,-19,-10,-2,4,6
1514893006437661,1,5,9,5,8,0,0,4
1514893006449668,-2,-10,-22,-15,-18,-13,-17,-24
1514893006449668,-4,-9,19,16,11,2,2,-1
1514893006457175,8,1,4,8,-3,0,-2,0
1514893006457175,-21,12,-9,4,-11,-4,3,0
1514893006472685,-4,8,-11,-9,17,4,-2,6
1514893006472685,-15,-25,28,-23,-24,-14,-24,-21
1514893006479690,-5,11,-4,9,2,3,-1,6
1514893006479690,7,-16,-10,1,4,6,22,5
1514893006496202,51,3,2,-16,-7,-1,9,14
1514893006496202,-33,50,-4,-3,7,0,-15,-12
1514893006497202,-34,-68,0,-8,-7,-3,-6,-8
1514893006497202,-22,5,-45,17,-4,-10,-9,-7
1514893006511212,28,9,5,-2,-3,1,-6,4
1514893006511212,-33,-26,-42,14,-14,-5,-8,-6
1514893006512213,7,20,-2,-26,14,9,23,2
1514893006512213,11,-11,13,-31,-6,-9,-15,-1
1514893006532227,-13,-28,-9,-23,8,4,21,3
1514893006532227,1,-35,30,36,-1,-5,4,-3
1514893006533230,3,23,73,16,3,4,-18,-6
1514893006533230,-16,-2,53,19,-9,-3,4,-3
1514893006555252,2,17,-40,-48,-5,-1,5,6
1514893006555252,15,-18,3,17,11,1,-10,-1
1514893006556254,11,21,36,42,-2,0,8,0
1514893006556254,-35,-13,19,-13,-9,-1,-2,-14
1514893006569753,67,29,-19,5,12,5,6,6
1514893006569753,-83,-54,46,3,-8,-11,-12,2
1514893006570254,36,-36,-5,-17,-9,-2,0,-3
1514893006570254,-8,8,-45,6,11,2,-24,-2
1514893006592279,-35,13,51,60,1,2,51,1
1514893006592279,13,-19,-84,-75,15,0,-25,-2
1514893006592780,7,30,-29,16,-7,12,43,12
1514893006592780,12,-10,36,12,8,0,-2,-3
1514893006606289,-23,-21,-15,21,-4,0,0,-2
1514893006606289,108,98,-33,-2,-8,-5,1,10
1514893006622300,-29,-72,-94,-19,-6,-7,-2,-4
1514893006622300,31,29,17,-24,-11,0,-2,7
1514893006629808,-19,12,4,32,2,0,-4,-7
1514893006629808,31,20,27,21,5,9,20,7
1514893006630297,-11,-22,0,-9,-11,-9,-24,-3
1514893006630297,-20,-27,-56,-29,-8,-7,1,-7
1514893006652312,-31,-13,0,-29,14,-1,-19,-8
1514893006652312,7,-19,12,-40,-7,4,22,7
1514893006652812,30,58,23,38,8,-2,-16,1
1514893006652812,-69,-65,-34,48,-30,-9,9,-17
1514893006675328,-10,-7,-27,-47,14,2,-7,-3
1514893006675328,8,24,-6,-5,-4,-7,-22,1
1514893006676328,-17,32,59,37,7,5,8,-7
1514893006676328,57,45,44,12,-2,0,5,12
1514893006689396,2,6,-48,-2,-3,-13,-33,-5
1514893006689396,18,44,71,1,-1,5,20,-2
1514893006690396,-32,-25,-44,-21,-10,-10,-25,-4
1514893006690396,-23,-4,1,-39,14,1,7,-9
1514893006712413,6,-47,51,16,-18,-6,-24,-7
1514893006712413,-16,26,22,-8,-1,2,-3,-4
1514893006712902,1,27,-16,9,-9,-9,-3,3
1514893006712902,-33,-1,12,2,15,7,-4,-4
1514893006735429,-27,-33,9,-37,-12,-9,-2,-3
1514893006735429,12,-7,-51,5,2,7,9,6
1514893006735919,27,24,1,-1,6,-4,3,-2
1514893006735919,-19,-45,33,7,-6,-10,-23,-9
1514893006749438,22,23,-39,14,0,7,24,4
1514893006749438,4,-7,-27,-36,-35,-12,-5,-6
1514893006750439,10,-20,23,20,35,10,1,5
1514893006750439,-28,-53,7,-34,1,-1,-16,-3
1514893006779950,-58,-12,15,2,-13,-3,12,-12
1514893006779950,-10,-12,-33,25,-1,-1,-10,-7
1514893006786956,59,75,1,-11,-6,4,14,16
1514893006786956,23,-38,-8,2,7,-3,-12,9
1514893006795463,-22,-34,-43,5,-19,-4,1,-10
1514893006795463,21,9,99,19,-1,-4,4,4
1514893006795962,8,-8,-18,-24,21,0,-14,-7
1514893006795962,49,92,47,20,-23,-2,0,5
1514893006809471,-21,-28,-37,-10,28,10,14,3
1514893006809471,-59,-73,-82,-2,0,-1,-8,-13
1514893006810472,-16,-14,100,11,-11,-11,-15,-10
1514893006810472,18,25,-46,-30,-13,0,18,2
1514893006833498,35,13,11,-1,23,12,3,13
1514893006833498,10,40,15,55,-9,-8,-4,4
1514893006835489,-21,-46,-43,-28,11,4,3,-6
1514893006835489,-41,-16,11,10,-6,2,4,-2
1514893006863008,9,55,15,23,-4,-4,-16,-6
1514893006863008,9,-15,-3,-51,4,5,27,11
1514893006863510,-94,-29,-35,3,-12,-11,-3,-19
1514893006863510,21,28,37,43,8,2,-25,-2
1514893006869523,2,-24,-53,-54,-25,-6,9,0
1514893006869523,38,33,48,34,38,12,16,7
1514893006870524,13,13,-30,-20,-11,3,12,6
1514893006870524,-31,-60,-68,-18,15,-1,1,-8
1514893006892029,-30,-13,-16,20,-24,-20,-50,-9
1514893006892029,18,25,25,-10,-4,4,1,0
1514893006893030,24,2,-27,-42,-19,-4,4,-8
1514893006893030,27,48,-33,23,15,12,22,18
1514893006916046,-3,5,76,13,1,-6,-18,-11
1514893006916046,-59,-87,-48,-18,-3,-1,-3,-18
1514893006918058,-10,10,119,46,10,2,-6,4
1514893006918058,6,44,9,-20,-7,-8,-7,-4
1514893006929566,18,-9,-25,-13,12,6,10,12
1514893006929566,-3,-3,64,51,-24,-6,0,-5
1514893006930557,-10,0,-21,-45,29,6,-17,-7
1514893006930557,75,68,9,-14,-4,3,34,20
1514893006959578,-78,-87,21,1,-16,-12,-13,-29
1514893006959578,-31,-11,-42,-11,4,-3,-10,-7
1514893006967082,-8,-15,20,24,-27,-7,-5,1
1514893006967082,112,106,18,-11,17,8,19,28
1514893006975088,-47,-22,-4,5,9,-1,4,-14
1514893006975088,-64,-32,61,-1,-12,-14,-32,-17
1514893006982093,-10,-15,-14,11,-9,7,3,5
1514893006982093,61,60,-2,-10,11,5,14,11
1514893006990598,-24,-28,6,19,-18,-1,12,-3
1514893006990598,17,0,-16,-10,11,-1,-12,3
1514893006991099,8,16,-7,-28,-9,-2,-25,-10
1514893006991099,-8,-11,-1,17,-13,-3,30,4
1514893007012115,72,95,-15,-22,12,-1,-23,10
1514893007012115,-84,-92,-101,-27,-12,-4,14,-29
1514893007013115,62,32,37,7,-5,-11,2,5
1514893007013115,-45,-23,-11,47,0,2,-12,-20
1514893007035631,79,74,-4,-37,-5,5,4,26
1514893007035631,-27,3,10,-34,4,1,-7,-3
1514893007036143,-82,-31,59,55,5,-5,10,-5
1514893007036143,13,0,-25,-5,-16,-14,-33,-10
1514893007049650,48,101,26,16,18,20,36,27
1514893007049650,-22,-42,11,-14,-5,-6,-24,-6
1514893007050651,17,66,-2,53,-26,-9,16,3
1514893007050651,-40,26,-33,-63,28,18,14,-8
1514893007072657,-15,-81,-31,-1,-3,-9,-1,-4
1514893007072657,118,90,40,19,-16,4,26,26
1514893007074158,-57,-110,-65,-26,23,-2,-9,-18
1514893007074158,25,-7,27,44,-13,-16,-29,-1
1514893007095187,38,31,24,28,3,6,-1,10
1514893007095187,22,3,71,-66,0,4,0,0
1514893007096173,43,19,-80,26,3,7,38,14
1514893007096173,-41,-64,-29,-17,-10,-11,-18,-13
1514893007111190,16,23,70,56,8,1,-3,-5
1514893007111190,25,23,-64,-36,0,3,9,12
1514893007112686,-28,-45,22,-4,0,7,3,5
1514893007112686,-39,-47,-19,-41,-5,-10,-48,-11
1514893007132198,13,-11,46,29,-21,-12,-1,-7
1514893007132198,-13,71,-30,-9,22,5,8,3
1514893007133199,15,-39,-10,12,-1,0,14,2
1514893007133199,-19,-4,47,-9,6,6,17,-3
1514893007155227,-29,-24,-9,-9,-1,-2,-13,-7
1514893007155227,6,34,-36,19,-6,0,-6,10
1514893007156228,-25,46,48,-20,15,3,-16,-5
1514893007156228,-20,-91,-77,-30,-12,-1,10,-6
1514893007169735,15,27,39,36,-2,-2,13,0
1514893007169735,9,-14,-21,-8,2,-1,18,-1
1514893007170225,-30,30,-9,-19,-24,-20,-26,-11
1514893007170225,55,31,-32,16,1,9,9,16
1514893007192254,-20,24,45,-19,34,8,-13,-6
1514893007192254,-16,-11,-29,50,-13,-9,-12,-16
1514893007192754,14,-6,-34,-40,-6,-4,19,9
1514893007192754,14,63,87,36,6,-1,1,-4
1514893007216759,-23,-92,-45,-27,-8,-6,-9,-8
1514893007216759,-5,25,-14,15,-1,-3,-10,-1
1514893007217769,14,-7,-33,-24,10,8,13,19
1514893007217769,18,73,93,24,6,-1,-11,0
1514893007229769,-56,-83,-37,-16,-20,-14,-20,-24
1514893007229769,-8,16,47,10,-10,-3,-9,-5
1514893007230268,19,4,-28,13,8,8,5,2
1514893007230268,6,-38,32,-17,-9,-12,-39,-6
1514893007260289,22,26,-97,-40,0,8,47,17
1514893007260289,-22,-16,-7,19,1,-4,-9,-6
1514893007261290,22,39,35,-12,-8,1,-2,2
1514893007261290,41,15,-1,25,-4,0,9,7
1514893007275300,-72,-41,-42,-44,0,0,-11,-7
1514893007275300,-16,-29,26,6,-2,-4,-2,-8
1514893007277313,-6,0,-2,20,1,0,2,-5
1514893007277313,-12,-5,24,17,7,0,4,-3
1514893007297842,34,59,40,-10,-6,-1,-5,13
1514893007297842,20,-46,-18,1,5,5,13,5
1514893007298816,-38,-34,-51,-34,-14,-16,-52,-25
1514893007298816,-29,0,47,16,-4,2,35,2
1514893007320343,45,15,-53,-21,-3,1,10,2
1514893007320343,-46,-18,58,5,7,-4,-13,-8
1514893007321337,42,44,14,29,2,-1,-17,-1
1514893007321337,-6,-28,-43,-28,-2,3,5,2
1514893007334351,12,23,18,9,-2,2,1,3
1514893007334351,-23,-37,-70,6,1,-5,2,-5
1514893007342358,10,-7,18,3,-27,-6,-10,-4
1514893007342358,-18,35,-66,-51,37,13,20,8
1514893007349853,26,-12,59,34,0,-4,-11,3
1514893007349853,67,51,-32,-8,-3,9,-3,8
1514893007350353,-44,-54,66,18,7,1,10,-8
1514893007350353,-23,-35,14,-2,-11,-8,-11,-9
1514893007380374,-4,-1,9,0,-15,-2,-11,-6
1514893007380374,40,54,31,11,30,12,16,17
1514893007380874,35,25,28,-3,-6,0,14,16
1514893007380874,-24,-29,-18,-11,-10,-10,-30,-20
1514893007395397,16,16,-47,9,-6,0,26,8
1514893007395397,6,-13,49,-2,-8,1,6,2
1514893007396387,-29,31,-20,26,12,3,2,-2
1514893007396387,-48,-57,10,-15,-7,-11,-13,-15
1514893007408894,-32,-43,11,12,5,-3,-6,-9
1514893007408894,63,79,-10,-11,-14,1,-18,11
1514893007424907,25,-15,-35,-17,6,2,17,-2
1514893007424907,-39,-34,-52,-4,1,-3,-10,-6
1514893007433412,-8,19,56,29,5,-6,-6,-4
1514893007433412,17,-27,-67,-14,-18,-10,-25,-7
1514893007434912,19,30,41,21,32,26,48,12
1514893007434912,-20,7,-21,17,0,0,1,-1
1514893007455437,-12,-53,7,1,-19,-4,1,-4
1514893007455437,8,-12,-2,-14,21,1,1,1
1514893007455927,-8,-39,-29,-18,-17,-10,-22,-10
1514893007455927,4,-9,-63,-10,-16,-5,5,0
1514893007469450,-12,25,-43,-3,14,3,-5,-2
1514893007469450,-13,-41,23,14,3,0,1,-7
1514893007476942,18,32,30,7,-10,-10,-6,0
1514893007476942,-1,25,11,-22,0,4,5,5
1514893007491963,-20,-15,-82,-17,-6,-5,-16,-8
1514893007491963,-20,-17,65,-10,9,-1,6,3
1514893007492969,14,56,26,23,4,1,-25,-2
1514893007492969,21,-19,10,2,-7,-1,14,-1
1514893007522975,-10,6,39,14,5,5,9,2
1514893007522975,-4,-8,-78,-36,6,-3,-13,-2
1514893007523476,-4,-2,68,21,-6,-3,9,-1
1514893007523476,-9,3,-17,11,-14,-17,-64,-11
1514893007528980,17,-3,-47,-16,17,17,52,6
1514893007528980,-18,3,-25,-16,-2,1,13,-5
1514893007536997,14,13,-17,-12,8,9,21,10
1514893007536997,18,18,23,20,-12,-22,-46,-8
1514893007552013,-19,-32,-7,-38,-6,10,21,-2
1514893007552013,-6,-11,37,24,-7,-8,-16,-8
1514893007553014,29,47,-42,-2,10,7,-11,9
1514893007553014,-38,-70,49,0,-10,-3,34,-2
1514893007575512,-33,-10,-43,-10,8,-14,-46,-8
1514893007575512,-4,-18,-9,-18,-10,10,49,5
1514893007576013,4,26,-2,-3,5,-8,-14,-2
1514893007576013,-3,11,-28,-25,6,11,19,2
1514893007598041,43,27,53,36,-17,-13,-23,-2
1514893007598041,-48,-24,-25,-34,-7,-10,-29,-12
1514893007598528,-15,-38,24,17,23,3,-18,-10
1514893007598528,30,53,2,8,-3,12,44,21
1514893007613042,46,34,17,27,17,-4,-18,4
1514893007613042,-17,-35,11,25,-10,-6,8,1
1514893007613539,-12,-22,-47,-2,-15,5,8,-8
1514893007613539,-5,8,-51,-32,-5,2,5,-1
1514893007635554,17,22,53,-19,-8,-7,-9,0
1514893007635554,42,39,-16,31,10,5,16,17
1514893007637060,-46,-29,-60,-38,-12,4,8,-3
1514893007637060,7,-16,95,66,13,11,13,4
1514893007649064,-1,17,51,-17,-8,7,8,3
1514893007649064,17,15,-35,13,32,6,11,1
1514893007657082,-39,-43,-12,-30,-31,-20,-5,-4
1514893007657082,53,23,34,-2,0,15,21,10
1514893007672090,-52,-58,5,37,15,-9,-16,-20
1514893007672090,-11,-14,31,-15,-10,-4,-28,-8
1514893007673091,7,7,10,-9,-9,-1,4,4
1514893007673091,-10,4,-1,-14,12,-9,-19,-7
1514893007695624,22,32,-16,-23,-7,4,-5,-1
1514893007695624,-15,-8,-23,-5,-14,-8,18,-3
1514893007696608,26,25,-2,8,8,0,1,4
1514893007696608,1,13,-27,-10,-12,-9,-17,-5
1514893007709616,-4,-12,-8,-6,-9,0,11,5
1514893007709616,2,22,8,7,7,-3,5,1
1514893007717112,19,2,22,-31,0,1,6,6
1514893007717112,15,36,-15,19,3,-10,-32,-3
1514893007732136,-50,-70,-22,-8,-9,-6,-9,-13
1514893007732136,-13,-40,3,-19,-22,-1,21,-4
1514893007733136,9,9,-1,-15,6,2,7,4
1514893007733136,-8,-12,-6,17,18,0,-10,-2
1514893007755139,-15,-12,-21,2,1,5,22,0
1514893007755139,-5,9,-37,11,-12,-12,-19,-3
1514893007756139,8,-15,23,-13,-29,-15,-12,-4
1514893007756139,26,94,-5,25,27,2,-8,9
1514893007778173,-3,-5,46,-28,-9,3,0,-8
1514893007778173,-45,-54,-11,-4,-5,4,6,-10
1514893007779166,9,4,-10,9,-1,0,20,7
1514893007779166,16,27,-71,-35,-10,-10,-26,-5
1514893007792165,0,-1,45,22,-4,-2,25,0
1514893007792165,28,30,25,24,6,17,1,9
1514893007793667,-6,-2,9,0,9,-3,-8,-5
1514893007793667,-32,-32,11,-5,-5,-4,-2,-5
1514893007815691,32,33,0,1,-15,-3,2,8
1514893007815691,6,-4,-25,0,20,4,1,-1
1514893007816692,-15,-25,11,20,1,-6,-22,-12
1514893007816692,29,-6,11,-16,-9,6,19,10
1514893007845703,-63,40,-21,-3,-4,-7,-21,-5
1514893007845703,28,-48,2,26,17,5,16,0
1514893007846203,-45,-51,-22,-15,4,-6,-20,-7
1514893007846203,6,-11,21,-4,-8,1,11,-3
1514893007852207,35,35,-13,13,-1,-8,-30,-1
1514893007852207,32,47,-34,-24,-4,7,13,16
1514893007853210,-18,-10,-70,-17,12,-1,5,-1
1514893007853210,-28,-50,68,20,-3,7,17,-3
1514893007875223,6,-13,-21,-30,-2,-5,-10,-2
1514893007875223,-2,30,43,30,2,-6,-18,-5
1514893007876224,-18,-2,13,-3,-7,-2,-1,-11
1514893007876224,12,20,-28,-16,-5,2,8,10
1514893007898245,26,22,8,3,-13,-1,10,7
1514893007898245,-16,-36,-56,-3,-1,-7,-46,-18
1514893007898740,-9,10,11,-42,0,1,21,2
1514893007898740,-31,-31,-21,5,-12,-7,1,-5
1514893007913252,-4,-21,-18,3,10,2,-1,-11
1514893007913252,24,43,12,6,-8,-2,-4,3
1514893007915252,34,68,55,16,-6,-3,-29,5
1514893007915252,-3,15,2,-1,0,-1,22,2
1514893007935266,-12,-60,-23,-18,13,6,-3,4
1514893007935266,-17,-22,20,-7,-6,-4,28,3
1514893007936267,15,-13,-38,-7,-4,-3,-11,2
1514893007936267,-28,-6,20,7,-11,-6,-19,-12
1514893007957784,-17,-32,-32,-29,-3,-4,-15,-3
1514893007957784,-20,-30,4,6,0,-4,2,-5
1514893007958796,51,36,1,44,-13,3,-6,13
1514893007958796,-27,-21,-33,-46,34,5,-12,-9
1514893007972808,-10,-4,24,17,-11,-8,-27,-9
1514893007972808,-19,-26,-15,17,8,1,-2,-1
1514893007973303,6,36,16,-14,11,3,8,-2
1514893007973303,40,12,-21,15,-19,1,7,10
1514893008002814,-9,-4,1,-31,-6,-2,7,-2
1514893008002814,-16,3,21,19,27,1,-15,-6
1514893008003814,-7,-7,-13,-2,-14,-5,-17,-4
1514893008003814,34,21,15,26,5,5,18,3
1514893008017348,-21,32,41,-8,8,1,10,4
1514893008017348,-35,-57,-26,-14,-19,-8,-3,-10
1514893008018325,10,5,85,25,3,7,21,8
1514893008018325,-23,-46,-50,-19,-14,-5,-19,-9
1514893008032335,34,26,12,6,5,4,30,11
1514893008032335,39,64,27,35,6,-2,-17,-2
1514893008032835,-74,-75,-42,-38,10,-6,-12,-9
1514893008032835,37,29,10,2,-5,12,2,6
1514893008063356,-4,6,29,18,-7,-5,0,-3
1514893008063356,2,-16,29,-16,-6,-7,-5,-3
1514893008064357,16,-1,-43,-1,-9,1,2,2
1514893008064357,15,20,58,26,4,-10,-22,-2
1514893008077867,-49,-26,-71,-5,-17,-4,0,-9
1514893008077867,17,8,21,-31,26,12,21,11
1514893008078869,0,12,-21,6,-3,-1,-4,-2
1514893008078869,-81,-46,-27,-24,-3,-11,-12,-21
1514893008092878,28,-9,30,12,-13,-3,8,25
1514893008092878,-4,-22,-3,20,3,3,-15,-17
1514893008093378,13,18,-30,-20,-4,-10,-14,-7
1514893008093378,-22,1,24,55,14,9,20,7
1514893008114893,-24,-16,-9,-20,-5,-4,-11,-10
1514893008114893,-4,6,-27,3,-14,-10,-20,1
1514893008115894,14,21,25,-3,13,20,34,11
1514893008115894,2,-4,-45,-22,-12,-13,-9,-7
1514893008137925,-4,-38,33,24,14,-1,-20,-7
1514893008137925,30,49,-35,-28,-19,3,24,12
1514893008138411,-48,-18,-19,-2,6,-5,-6,-13
1514893008138411,-15,-69,-25,-44,-15,-5,-11,-4
1514893008151919,12,12,-18,33,8,-3,-38,-5
1514893008151919,5,36,46,5,17,8,20,0
1514893008152920,16,18,30,11,-10,3,16,8
1514893008152920,24,50,-16,6,6,1,4,5
1514893008175436,-9,-26,20,-21,-2,-3,-9,-8
1514893008175436,-7,-17,53,12,-4,-1,-16,0
1514893008175938,-11,-9,-22,-4,5,0,5,-3
1514893008175938,44,21,25,-22,-4,-4,-3,4
1514893008197952,13,12,-12,42,11,6,13,4
1514893008197952,-43,-42,-26,-47,-24,-12,1,-11
1514893008199953,0,-1,66,40,12,-8,-47,-13
1514893008199953,-8,-25,7,1,3,8,51,7
1514893008213463,44,33,-44,-11,16,6,14,7
1514893008213463,-47,-3,30,0,-18,-14,-17,-9
1514893008214964,-48,-61,19,4,-13,-7,-16,-17
1514893008214964,-1,7,-30,-7,8,0,-3,-1
1514893008235478,24,11,-19,-17,0,6,30,9
1514893008235478,6,12,43,56,-2,-5,-19,3
1514893008235979,24,33,42,-2,-2,1,34,16
1514893008235979,24,33,15,-11,-5,2,4,2
1514893008257994,-67,-48,-45,-2,1,1,3,-13
1514893008257994,-12,-41,-27,-19,-1,1,-5,-1
1514893008258494,35,-10,-67,-31,-10,-21,-79,-8
1514893008258494,12,1,68,60,-3,20,80,16
1514893008273005,25,27,-45,-34,16,5,8,9
1514893008273005,-2,28,-14,-21,-16,0,-1,5
1514893008274506,-71,-49,-15,4,14,-7,-12,-22
1514893008274506,-16,-35,-27,-10,2,3,-17,-3
1514893008296525,14,23,44,34,-9,-6,-11,-3
1514893008296525,7,-17,-2,-8,-5,-4,12,-1
1514893008298032,21,-4,-93,-33,-1,8,18,9
1514893008298032,-15,15,18,4,-6,-22,-61,-18
1514893008318043,-16,2,32,14,-5,5,28,3
1514893008318043,30,31,31,15,4,-1,-30,-4
1514893008318538,7,6,-12,-34,-12,0,36,5
1514893008318538,-2,14,-20,0,-7,-7,-24,-4
1514893008340052,9,-1,40,-6,9,4,-12,-6
1514893008340052,7,40,-21,-29,2,-3,6,2
1514893008341053,12,-35,44,32,-15,1,9,3
1514893008341053,-43,-28,-43,0,24,1,-4,0
1514893008355072,-29,-41,-30,-10,-9,-5,2,-14
1514893008355072,30,31,-17,27,2,13,18,7
1514893008356073,-44,-24,-15,-40,-6,-2,11,6
1514893008356073,36,38,40,-18,-4,-6,-2,-10
1514893008378079,12,17,-13,8,-1,-10,-34,-1
1514893008378079,-22,-23,28,1,3,8,20,5
1514893008379583,8,39,15,54,-8,2,12,-3
1514893008379583,11,0,11,-4,13,7,-5,6
1514893008400094,-7,17,36,-1,4,-9,-24,-3
1514893008400094,-13,-55,-58,-48,-4,8,31,4
1514893008401095,34,39,27,12,12,0,-16,-3
1514893008401095,-35,-45,-18,-20,-5,-5,4,-6
1514893008415117,1,5,48,-3,-13,1,9,0
1514893008415117,2,2,43,15,-10,-7,-25,-8
1514893008416116,5,-6,-68,5,5,2,6,0
1514893008416116,17,22,11,22,8,-3,-7,2
1514893008438121,12,-1,-14,8,-5,-3,-2,-1
1514893008438121,8,13,-25,-5,3,-1,9,4
1514893008438622,-13,-5,63,-11,-5,-5,-14,-11
1514893008438622,15,1,-25,-22,-16,2,11,7
1514893008451643,-5,-33,-15,18,0,-4,8,-5
1514893008451643,20,42,-3,5,5,-8,-18,-1
1514893008459645,23,36,5,-29,-2,14,31,8
1514893008459645,-18,-38,8,5,-4,-5,-8,2
1514893008475157,-1,10,4,52,-1,-5,-16,-11
1514893008475157,-14,-43,-33,-19,-8,-5,6,-5
1514893008476649,6,5,-32,-11,6,-1,-2,2
1514893008476649,-8,-3,54,-9,-14,-7,-17,-9
1514893008497664,13,4,-68,-21,-4,3,15,8
1514893008497664,-1,5,-7,-7,-2,0,-8,-2
1514893008499667,10,15,4,32,2,-2,-4,1
1514893008499667,-42,-17,-39,-24,-17,-5,-15,-11
1514893008511675,-1,-13,-32,-68,25,12,7,0
1514893008511675,2,8,93,44,-1,-7,-18,-3
1514893008520681,25,21,-28,-14,-5,-5,4,6
1514893008520681,-12,8,-38,-8,-1,1,9,-7
1514893008535200,16,26,31,26,-3,-3,1,4
1514893008535200,-22,-47,-79,-40,5,0,-26,-4
1514893008536692,-5,1,38,40,2,4,9,-3
1514893008536692,50,39,23,5,-7,-4,-2,6
1514893008558207,-65,1,0,-10,-11,-8,-15,-6
1514893008558207,9,-5,42,-2,-9,-4,8,0
1514893008559708,-6,5,-22,11,4,1,-11,-12
1514893008559708,-11,-7,7,23,2,-6,4,-2
1514893008571716,6,-27,-20,-30,19,14,2,4
1514893008571716,15,34,-61,13,3,2,1,4
1514893008580723,-6,-23,-27,-35,-7,-1,7,1
1514893008580723,-30,-22,-70,0,-14,-9,-8,-10
1514893008595734,17,10,99,20,-11,-2,14,6
1514893008595734,7,5,-21,-43,13,3,-2,2
1514893008597734,-10,-17,39,21,1,-6,-10,-7
1514893008597734,-10,-30,-68,-16,-2,1,-1,0
1514893008617761,18,12,-47,-28,-11,-2,2,5
1514893008617761,-25,1,-36,1,-20,-17,-30,-20
1514893008619250,-46,-33,25,18,13,5,11,0
1514893008619250,19,1,34,12,0,4,17,2
1514893008631270,-10,-6,-11,9,-3,-2,-2,-3
1514893008631270,36,32,50,18,-3,-4,0,1
1514893008647770,18,13,-42,-13,-14,0,-2,7
1514893008647770,-49,-31,-16,-19,23,1,-10,-10
1514893008655276,-10,-35,46,19,0,5,16,-6
1514893008655276,-4,14,-88,-23,-2,-1,-5,-4
1514893008662281,8,-9,0,12,-22,-13,-16,0
1514893008662281,-15,-4,67,-5,5,6,7,3
1514893008678792,23,12,-16,-19,3,2,4,15
1514893008678792,-3,1,11,1,6,2,7,-12
1514893008680296,-41,-48,0,3,5,-7,-16,-12
1514893008680296,17,-1,4,20,-6,-1,3,-3
1514893008700306,2,-5,29,-8,-21,-8,-6,0
1514893008700306,11,57,-19,13,24,9,21,13
1514893008701809,-11,-12,-39,-36,1,-3,-3,-4
1514893008701809,7,-10,20,5,-5,1,-4,0
1514893008714317,4,-1,-34,-7,-9,-2,0,2
1514893008714317,18,23,6,3,-5,-4,-21,-6
1514893008723824,-17,-17,15,1,1,-1,14,-2
1514893008723824,16,24,-21,-18,-13,-7,-4,6
1514893008737833,-11,-10,-16,39,11,-4,-3,-8
1514893008737833,-18,-50,18,2,-2,-1,0,-5
1514893008739334,17,32,-14,4,1,3,-10,5
1514893008739334,20,16,13,-26,-4,-2,-9,1
1514893008760349,11,14,7,-11,2,4,15,5
1514893008760349,-27,-51,9,8,-2,-1,3,-1
1514893008766353,28,62,55,37,-4,-5,-15,-1
1514893008766353,0,-47,-39,-42,9,10,32,6
1514893008775360,19,23,19,4,-4,-10,-28,-8
1514893008775360,-73,-20,18,-1,-4,2,12,-7
1514893008776861,23,11,-32,-24,20,13,46,12
1514893008776861,21,67,0,-3,-11,-2,-19,-2
1514893008798376,-3,-28,4,-5,3,-3,0,-6
1514893008798376,22,-8,34,7,-17,1,6,10
1514893008801891,14,30,-13,4,4,4,0,5
1514893008801891,38,22,-33,4,14,-8,-26,0
1514893008820391,-51,3,-25,7,-3,15,44,4
1514893008820391,-4,-46,37,-4,-1,-3,-5,0
1514893008821893,-22,-6,-10,9,-13,-6,-12,0
1514893008821893,-4,-39,-25,-34,2,3,-7,-6
1514893008842907,10,-9,10,28,-7,-5,-15,2
1514893008842907,4,15,-14,-20,5,2,-3,0
1514893008844409,9,3,19,21,1,4,0,2
1514893008844409,18,21,48,39,2,5,28,15
1514893008857918,-41,-18,21,-19,7,-7,-26,-25
1514893008857918,16,20,-41,4,-4,2,9,8
1514893008859919,-12,-24,66,-16,-1,-4,-13,-9
1514893008859919,5,25,25,21,-8,-9,-20,-5
1514893008880436,-3,-45,-33,-29,-1,-1,11,-3
1514893008880436,32,25,-27,4,-12,-4,3,7
1514893008881936,-2,4,10,-40,8,3,-11,-6
1514893008881936,-2,14,5,15,-5,-1,-7,-1
1514893008902950,12,17,-5,11,11,-3,-6,-4
1514893008902950,-6,-19,-43,-26,6,15,46,15
1514893008906452,-1,4,82,51,-32,-13,-5,-4
1514893008906452,37,13,-8,-33,27,-3,-25,5
1514893008925476,-77,-80,-83,-17,-5,9,39,-9
1514893008925476,-12,-16,20,3,-6,-3,-9,-11
1514893008926977,4,15,-23,11,9,4,-4,-1
1514893008926977,1,31,-25,-8,-4,4,29,6
1514893008940476,30,-7,65,55,-16,-11,-26,2
1514893008940476,19,36,6,-47,15,-2,-10,7
1514893008941979,-18,-9,-61,-34,1,5,23,-2
1514893008941979,-46,-62,-5,-1,-7,-7,-11,-11
1514893008954996,42,31,-6,2,-6,0,-7,6
1514893008954996,-10,-10,38,20,-15,-13,-19,-11
1514893008961502,21,-8,-64,-27,9,7,13,7
1514893008961502,-50,-15,-26,42,4,2,14,0
1514893008978004,15,16,-54,-73,-20,-3,0,4
1514893008978004,-17,-27,20,59,-7,-12,-20,-11
1514893008979505,21,29,0,-46,12,4,4,4
1514893008979505,-36,-45,52,24,-9,-2,11,-5
1514893009002036,23,15,-23,-31,3,-3,-8,-3
1514893009002036,-8,30,38,32,-3,-2,-14,-4
1514893009006023,2,-12,-25,3,-6,2,25,9
1514893009006023,0,-16,1,-11,3,4,5,-4
1514893009014529,-8,32,24,60,6,-5,-15,2
1514893009014529,-6,-22,-30,-79,-3,-2,0,-4
1514893009021551,-3,-7,16,16,-5,-6,-24,-6
1514893009021551,10,6,-10,-16,-8,-1,0,2
1514893009038046,9,18,33,32,0,0,-10,5
1514893009038046,-25,-14,-66,-15,12,5,13,-7
1514893009039559,-18,17,30,29,-5,-4,9,-1
1514893009039559,-2,-12,8,-17,-1,-3,-17,-4
1514893009060071,22,41,10,10,-6,-4,-8,0
1514893009060071,-32,-55,4,-19,14,6,6,-4
1514893009062074,14,-9,-73,-15,-1,-3,-6,1
1514893009062074,10,43,7,5,-8,-3,12,-2
1514893009074581,-43,-59,2,-17,-1,2,-1,-6
1514893009074581,27,38,68,47,7,3,-3,8
1514893009089081,-16,0,-13,-13,-1,-1,5,-2
1514893009089081,13,3,6,-1,-7,-1,-18,-2
1514893009098092,10,8,40,13,0,-6,-15,-4
1514893009098092,34,40,-2,-7,-6,5,20,12
1514893009099095,-16,-25,31,-14,-8,1,-6,-5
1514893009099095,-28,-32,31,25,7,0,-3,1
1514893009120103,11,-5,-6,-41,0,-2,-30,-19
1514893009120103,-13,10,-29,1,-7,0,26,3
1514893009121604,23,20,44,12,-1,-10,-32,-5
1514893009121604,-23,-46,15,9,-4,-3,34,3
1514893009134613,-12,-18,-22,-4,5,9,14,3
1514893009134613,1,5,5,1,-5,-5,-6,-3
1514893009141619,-2,4,19,-6,-5,1,2,1
1514893009141619,-7,-1,-38,18,9,-5,-16,-5
1514893009158130,15,6,54,0,7,1,11,0
1514893009158130,-1,-21,-26,16,-13,-5,-6,-6
1514893009161133,3,12,6,-9,-1,-2,-9,2
1514893009161133,5,26,-20,21,7,9,-4,1
1514893009180646,1,-4,-26,-33,1,4,1,-3
1514893009180646,-4,1,-38,-3,-5,-6,0,2
1514893009182157,-8,-18,39,4,6,-2,-2,-7
1514893009182157,13,15,8,1,-7,-4,-15,-4
1514893009194165,25,28,-22,0,-2,2,17,10
1514893009194165,-24,-41,36,-18,-8,-1,-5,-6
1514893009210679,-8,13,-71,41,15,-4,-15,-3
1514893009210679,23,4,-33,-21,1,3,4,5
1514893009217683,-37,-36,11,-7,-16,-9,-18,-7
1514893009217683,15,15,-5,29,-1,-6,-19,-6
1514893009221185,31,-2,23,-18,0,6,21,8
1514893009221185,-9,32,-5,-23,-6,-2,-6,0
1514893009240206,-3,-16,-38,-1,0,-7,-10,-4
1514893009240206,-15,-2,65,24,-1,-1,0,0
1514893009241690,7,18,3,3,-6,1,0,-3
1514893009241690,-35,-63,8,-1,3,-5,-12,-8
1514893009254208,-18,-24,-17,-4,2,4,22,1
1514893009254208,-5,-4,-25,-36,-1,-1,-16,-1
1514893009270709,-3,-6,-74,-10,-7,-7,-15,-1
1514893009270709,24,16,76,15,-2,5,13,0
1514893009277715,-4,20,2,26,-5,-1,4,10
1514893009277715,68,67,72,-12,14,4,17,8
1514893009281218,-82,-115,-72,-1,10,0,-5,-13
1514893009281218,-1,1,21,23,-9,-8,-13,-11
1514893009300232,-2,1,57,0,6,-1,2,-6
1514893009300232,-9,6,-88,-19,-9,2,-1,6
1514893009301733,44,65,70,16,-4,2,6,12
1514893009301733,-29,-29,-20,8,3,-3,3,-8
1514893009313741,5,-3,-3,-10,0,4,15,-1
1514893009313741,9,-14,34,-15,-4,-3,-7,2
1514893009324758,-9,48,-64,33,3,-1,4,2
1514893009324758,5,-56,-48,-43,-2,-1,-7,-9
1514893009338272,-16,-19,53,30,-8,-10,0,-6
1514893009338272,-31,-15,-19,-9,9,4,-7,-8
1514893009340268,6,2,32,-5,-7,-2,1,-1
1514893009340268,35,22,-9,-9,5,4,1,13
1514893009360283,8,20,-27,-16,-2,-3,1,7
1514893009360283,-10,-9,-40,8,2,7,3,-10
1514893009361789,2,-7,115,22,-3,-5,-20,-7
1514893009361789,-2,-3,-61,-19,-4,-3,-14,3
1514893009374793,17,-6,-61,-41,1,4,17,13
1514893009374793,-60,-26,16,20,-3,-5,5,-18
1514893009382799,10,8,-52,-18,-6,-4,-4,2
1514893009382799,-10,28,9,-25,-1,1,12,-1
1514893009397799,-10,-23,-9,13,-1,-3,-17,0
1514893009397799,30,25,68,65,-3,-5,-12,5
1514893009399300,-10,-8,-32,-79,-9,-2,8,2
1514893009399300,11,27,7,35,9,-3,-17,-5
1514893009421317,6,-33,-26,-19,-4,9,18,7
1514893009421317,0,6,-6,-22,-9,-9,-4,-3
1514893009424318,-25,-39,-11,35,9,-1,1,-9
1514893009424318,3,16,26,-34,0,2,7,5
1514893009442341,22,27,36,47,-6,-1,6,0
1514893009442341,-2,-6,-49,-33,8,3,2,3
1514893009448845,10,3,6,35,9,0,-6,2
1514893009448845,8,19,-45,-37,-24,-10,0,0
1514893009457851,-16,-8,-3,7,26,7,24,0
1514893009457851,29,21,17,-7,-8,-1,-1,7
1514893009459357,-13,33,-19,9,-5,-7,-13,-8
1514893009459357,-85,-98,15,8,-2,-1,14,-14
1514893009480358,3,9,-28,-22,-3,1,-20,-5
1514893009480358,-1,-8,-19,-2,-2,-3,-2,2
1514893009481859,24,21,-4,-16,-6,-1,-7,1
1514893009481859,18,4,10,15,-6,-4,10,0
1514893009493867,-8,3,26,-3,1,-2,-6,-5
1514893009493867,11,13,-36,-3,-1,0,1,5
1514893009510379,3,-9,-12,-12,4,1,2,7
1514893009510379,19,-2,-34,7,-2,-5,-16,-8
1514893009517884,-20,-30,96,14,-7,-9,2,-2
1514893009517884,8,30,24,-1,-3,-1,-6,1
1514893009519385,-13,-31,-7,-13,-5,-3,-4,-7
1514893009519385,-4,-15,9,10,6,5,9,7
1514893009540400,4,14,-31,-18,2,-7,-37,3
1514893009540400,20,8,-36,7,-1,9,32,2
1514893009542941,-11,-29,102,18,-10,-3,15,2
1514893009542941,16,22,12,-8,11,2,-15,0
1514893009554412,-5,8,-58,16,-1,-2,-4,-4
1514893009554412,-1,26,78,-10,-7,0,10,4
1514893009562917,-12,-28,-25,-33,-8,-6,-11,-12
1514893009562917,18,31,-15,21,0,-3,1,3
1514893009577927,9,-6,1,10,5,0,-7,8
1514893009577927,-29,-2,9,-7,-7,-6,-15,-18
1514893009579429,26,18,-6,-7,0,5,5,1
1514893009579429,-4,-13,28,-9,-1,3,7,-1
1514893009600443,5,17,56,38,-10,-5,-7,1
1514893009600443,-8,-4,34,-3,19,6,5,5
1514893009601944,13,38,-13,-12,-4,-1,12,-8
1514893009601944,-45,-69,-42,-46,-11,-8,-11,7
1514893009622969,6,-22,-73,8,-13,-5,-18,-5
1514893009622969,-2,-19,-45,-4,9,2,-1,7
1514893009628963,-4,-3,55,7,-3,-5,-16,-8
1514893009628963,13,20,6,8,-4,-1,-10,-10
1514893009637969,24,33,-11,-8,3,4,29,1
1514893009637969,-38,-23,26,28,-8,-7,-11,-6
1514893009639470,-7,-7,-75,1,7,1,-5,3
1514893009639470,27,50,11,33,-1,-5,-12,15
1514893009660485,-59,-89,-28,-58,-4,-3,-6,-35
1514893009660485,15,22,-5,-12,1,-5,-7,0
1514893009661986,-15,-1,-77,6,1,5,-6,-1
1514893009661986,2,11,29,14,7,13,18,2
1514893009690007,29,48,13,4,5,4,5,9
1514893009690007,-3,4,-13,-14,-6,-5,-3,-3
1514893009692009,-14,-18,29,-19,-7,-10,-18,-4
1514893009692009,5,19,36,14,-24,-7,23,6
1514893009697512,18,41,-27,0,41,21,18,12
1514893009697512,-2,-49,-41,-46,-15,-8,-21,-5
1514893009699526,-6,4,33,-2,-1,2,18,4
1514893009699526,-11,-21,21,4,-3,-8,-24,-17
1514893009720040,1,21,21,-2,-4,3,36,8
1514893009720040,19,14,-5,43,6,-1,-22,1
1514893009723039,-3,-9,10,-7,-8,-8,11,2
1514893009723039,-1,-26,-27,-7,3,6,23,5
1514893009743056,-21,-4,-1,-2,-4,-9,-27,-10
1514893009743056,21,10,4,-14,-6,-1,5,-4
1514893009744555,-14,-13,-24,28,3,-4,-23,-8
1514893009744555,-12,-24,-2,1,8,5,36,1
1514893009757553,2,0,-7,-28,-25,-3,1,9
1514893009757553,6,2,44,64,36,10,13,-11
1514893009759555,9,28,-29,-27,-16,-9,-12,7
1514893009759555,-8,3,-3,-3,9,7,-4,0
1514893009787585,20,-35,-45,-17,-14,-9,-11,-5
1514893009787585,-67,-46,-12,22,-3,-6,-2,-4
1514893009789587,4,-3,-22,-42,-5,1,-8,-3
1514893009789587,-8,26,-7,30,-5,-6,-10,-12
1514893009803086,19,28,15,19,18,2,15,10
1514893009803086,-6,-32,-45,-16,-6,1,3,7
1514893009804587,16,9,38,12,15,1,-12,-4
1514893009804587,-26,-22,-29,-24,-21,-4,27,-2
1514893009817097,-2,-12,25,25,1,1,-12,-5
1514893009817097,8,23,-27,-46,-6,-8,-7,-1
1514893009824601,7,-6,18,17,5,1,11,5
1514893009824601,18,18,-24,-16,0,3,-23,-4
1514893009840112,-9,8,46,45,0,-4,-12,-5
1514893009840112,-12,-11,15,-41,7,4,21,1
1514893009841613,11,8,-31,-16,-17,-3,3,0
1514893009841613,24,19,6,25,14,-4,-22,2
1514893009863128,-38,-38,-8,-30,2,2,21,8
1514893009863128,42,6,5,-17,-13,1,-5,-11
1514893009865142,-13,-18,22,28,8,0,-3,-4
1514893009865142,6,19,75,-13,-9,-2,18,2
1514893009877138,-5,-3,-21,0,2,-1,-19,-3
1514893009877138,-16,17,-14,5,-7,-6,-3,-5
1514893009883643,11,2,37,-4,-4,1,11,0
1514893009883643,19,-16,21,11,9,0,-5,1
1514893009900154,7,13,16,-11,-15,-3,-5,0
1514893009900154,4,16,-29,-3,0,-1,7,8
1514893009902156,-31,14,53,34,2,0,-9,-5
1514893009902156,5,10,-48,-20,-9,-1,11,6
1514893009930177,10,25,-23,-44,-1,-2,-10,-9
1514893009930177,-48,-84,-18,37,3,-6,-18,-10
1514893009931677,1,-3,-12,-8,-20,-2,-9,-2
1514893009931677,-13,-17,37,42,30,8,18,0
1514893009937180,-2,1,-11,-10,4,-1,5,7
1514893009937180,55,73,62,40,-4,1,3,2
1514893009943685,-47,-21,-57,-32,-3,-1,-3,-14
1514893009943685,-5,-42,31,-18,-21,-8,-14,-6
1514893009961197,8,16,16,16,0,-5,-13,-5
1514893009961197,-18,0,-45,8,0,-3,-1,4
1514893009962699,16,1,8,-39,-5,0,22,8
1514893009962699,6,17,1,9,4,6,-8,-4
1514893009982713,4,7,27,18,1,-1,3,-5
1514893009982713,-10,-23,14,-15,-11,0,-8,0
1514893009984214,11,-3,-16,-6,1,-5,3,-1
1514893009984214,-11,3,-51,8,4,0,-21,-5
1514893009998228,25,0,29,28,3,2,2,4
1514893009998228,-23,-19,23,-31,-10,-10,-4,-13
1514893010003727,7,0,-25,-6,-4,0,-15,3
1514893010003727,14,18,13,9,9,2,8,1
1514893010020239,20,34,0,1,-4,1,9,5
1514893010020239,-18,-43,-41,-8,1,2,-11,2
1514893010021748,4,-2,-67,-16,8,2,6,0
1514893010021748,-8,-2,76,25,-10,-6,-18,-2
1514893010042755,-6,1,33,17,2,4,5,-7
1514893010042755,13,15,-63,-7,-5,0,9,5
1514893010044256,-6,-10,-10,-7,4,1,5,-3
1514893010044256,0,-1,-30,13,2,0,4,0
1514893010065272,-24,-23,-25,-71,-18,-11,-13,-8
1514893010065272,12,19,41,11,7,-5,-14,0
1514893010066772,3,5,69,31,3,7,14,-1
1514893010066772,-4,18,-36,-11,-2,-4,2,2
1514893010080282,14,-14,7,-11,-3,2,0,-3
1514893010080282,-30,-54,-36,-5,-4,0,-8,-2
1514893010081783,16,26,37,17,-1,-1,12,8
1514893010081783,-7,-14,44,7,13,0,-20,-4
1514893010103298,-6,4,-20,-3,-6,-1,7,-4
1514893010103298,4,12,48,8,6,6,9,5
1514893010105800,-2,5,10,11,2,-6,-34,-9
1514893010105800,1,-10,-80,-46,-18,2,37,9
1514893010117308,-8,10,37,30,6,-4,-15,-6
1514893010117308,21,13,30,3,3,0,3,6
1514893010125313,-4,-18,-54,7,1,6,7,-3
1514893010125313,-7,-1,-37,-33,-19,-5,8,-2
1514893010140824,3,-15,-44,-9,12,5,0,4
1514893010140824,14,42,38,5,0,3,13,1
1514893010142338,-34,-30,-65,-24,-9,-8,-6,-9
1514893010142338,-10,-19,20,11,-3,-6,-17,-6
1514893010162842,-17,-8,-32,-29,-4,-3,3,-5
1514893010162842,58,66,33,0,-8,0,14,12
1514893010164341,-15,25,59,60,13,-2,1,6
1514893010164341,-24,-63,-42,-75,-6,-3,-19,-19
1514893010176349,-25,-11,-21,5,-3,-12,-11,-5
1514893010176349,25,13,-18,-3,6,4,-17,-1
1514893010185356,5,16,-5,-26,-11,-1,-9,1
1514893010185356,-17,-21,19,12,13,4,17,-2
1514893010207872,-22,-37,-23,9,2,2,-2,-3
1514893010207872,2,7,-47,-26,-7,-2,9,1
1514893010209373,32,13,36,-1,-7,-4,-13,1
1514893010209373,15,19,-44,22,13,5,-10,7
1514893010224384,-3,-3,9,-22,-9,-3,1,-2
1514893010224384,-13,-8,6,27,4,0,3,-3
1514893010226885,9,-11,16,-15,4,-4,-28,0
1514893010226885,-14,-18,-28,-12,0,2,37,4
1514893010245398,3,21,34,13,-5,0,5,0
1514893010245398,-19,-8,29,23,-10,-10,-24,-8
1514893010246901,-14,-25,-48,-26,6,2,15,0
1514893010246901,44,22,15,-22,0,-3,-9,-1
1514893010260409,-4,-7,-26,-9,0,-3,-17,-5
1514893010260409,-2,8,8,15,-1,3,28,7
1514893010261910,29,13,-3,7,-9,-6,3,2
1514893010261910,-28,-43,-24,-24,-5,-4,-11,-10
1514893010282925,-6,-11,43,31,-4,-10,-6,-6
1514893010282925,-4,13,-17,3,2,6,5,-5
1514893010284426,20,10,21,-2,5,4,17,14
1514893010284426,-46,-14,17,12,-3,-3,-9,0
1514893010296435,-23,-26,-38,-18,-4,-7,-15,-14
1514893010296435,-7,-31,-8,-8,-6,-3,-11,-2
1514893010312949,6,11,-13,15,2,5,16,2
1514893010312949,23,41,26,5,-2,-5,-19,0
1514893010320952,-5,3,-22,-7,-1,5,15,5
1514893010320952,-1,6,-9,-1,1,-5,-27,-7
1514893010324454,-8,-8,9,-5,1,6,37,2
1514893010324454,6,6,-10,5,-3,-4,-9,-4
1514893010342967,6,5,-2,7,-2,0,1,5
1514893010342967,3,-3,1,-14,1,-2,2,-1
1514893010345481,-14,-13,14,7,-2,-3,-10,-8
1514893010345481,-1,4,-1,5,-4,-4,-8,0
1514893010356487,9,7,16,7,2,1,8,4
1514893010356487,-6,-5,-18,-13,-2,-1,2,-4
1514893010365484,-15,-11,28,-1,-1,-4,-14,-6
1514893010365484,12,11,-11,15,2,5,7,4
1514893010379493,6,4,-10,-3,0,3,0,0
1514893010379493,-8,-11,-20,7,-1,-2,-2,-2
1514893010387999,-5,-6,-3,-18,-6,-5,-4,-2
1514893010387999,10,11,22,3,1,1,-2,1
1514893010402522,0,3,1,-1,-3,-1,-1,-2
1514893010402522,-4,-6,-11,-5,1,1,0,-1
1514893010404522,-1,-1,4,11,2,0,-1,-2
1514893010404522,5,10,12,12,2,1,-1,2
1514893010416519,-11,-18,15,-14,-8,-5,-4,-4
1514893010416519,1,0,-18,-7,-4,-2,1,1
1514893010425539,-2,-5,-6,2,3,0,-3,-1
1514893010425539,0,5,18,0,-2,-3,-4,-1
1514893010440046,5,7,7,4,2,2,1,3
1514893010440046,0,-3,4,-2,0,-2,1,-1
1514893010442048,-2,-4,16,2,-4,-2,-4,-4
1514893010442048,0,-5,-29,-6,-5,-4,-3,-1
1514893010463053,2,1,1,1,2,1,0,3
1514893010463053,0,4,17,-17,0,-2,-1,-1
1514893010465054,-1,-4,-5,13,5,3,0,1
1514893010465054,2,5,15,4,-3,0,-1,-2
1514893010476575,-1,-1,-19,-5,0,0,-1,0
1514893010476575,-3,3,9,-2,-5,-3,-1,-2
1514893010485581,-6,-12,-19,-2,-5,-3,-2,-3
1514893010485581,0,1,-4,-5,-2,0,-1,-1
1514893010501590,0,4,6,0,-4,0,-1,-2
1514893010501590,-1,-2,-8,-1,5,3,-3,-2
1514893010503581,3,4,8,8,2,2,6,2
1514893010503581,-4,-9,-10,-7,-1,-1,0,-2
1514893010522594,-3,3,7,7,-2,-2,-4,-1
1514893010522594,2,1,16,1,-2,-1,2,1
1514893010526106,-1,-5,-14,-6,4,0,-4,-2
1514893010526106,1,1,24,-1,-5,-2,-1,-1
1514893010536113,-2,3,-12,0,3,1,4,1
1514893010536113,-3,-4,-34,-1,-1,-3,-4,-2
1514893010545110,-1,0,16,8,-3,-4,-4,-3
1514893010545110,-1,-2,-10,3,-5,-5,-2,-2
1514893010560120,0,0,-1,-11,5,-1,1,-2
1514893010560120,-2,-3,4,-2,1,1,1,0
1514893010561622,-2,-2,-3,0,1,1,-1,-2
1514893010561622,-1,-4,5,-8,-4,-2,-1,-1
1514893010583637,-2,3,10,6,-5,-2,-1,-1
1514893010583637,0,2,5,3,-2,-2,1,0
1514893010586641,-1,2,-7,-9,-4,-2,0,-1
1514893010586641,-4,-8,11,4,1,0,-2,-4
1514893010605153,10,7,-9,10,-1,-1,-1,0
1514893010605153,2,1,9,-7,4,3,3,0
1514893010606654,-7,-8,-3,0,-4,-1,-2,-1
1514893010606654,-10,-7,-8,-6,-1,-3,-3,-4
1514893010620665,-8,-11,-7,0,1,-1,1,0
1514893010620665,0,6,6,2,-2,-1,-1,0
1514893010622165,3,-1,-2,-4,-3,-3,-2,-1
1514893010622165,2,1,-2,0,2,2,-2,1
1514893010642679,0,1,3,-5,-2,0,0,0
1514893010642679,-1,1,-6,-2,-2,-2,-3,-1
1514893010644180,-1,-3,-15,0,-2,0,-1,2
1514893010644180,0,0,26,2,-2,-2,0,-2
1514893010665195,2,6,-14,-1,-2,-1,-2,0
1514893010665195,-3,0,-7,-5,-3,0,-1,0
1514893010666696,-6,-13,-3,1,0,-1,0,-2
1514893010666696,2,-1,-20,-3,1,-2,0,0
1514893010680206,0,3,8,0,1,0,-3,0
1514893010680206,0,1,-9,-5,-4,-3,-1,1
1514893010681706,-4,0,7,-3,-3,1,-2,-2
1514893010681706,0,-1,1,7,0,-3,-2,-1
1514893010702722,-2,0,2,-4,-1,-2,0,0
1514893010702722,2,1,2,3,1,-1,-2,-2
1514893010704223,9,4,2,-5,-3,-2,-2,0
1514893010704223,-24,-3,-20,-8,-2,-2,-1,-6
1514893010725237,-5,-10,15,0,-1,0,-2,-3
1514893010725237,-3,-1,-11,1,-1,1,-1,-3
1514893010726738,3,2,16,-2,-3,-2,-1,-2
1514893010726738,9,2,-10,4,3,1,-2,2
1514893010739747,0,2,12,4,-1,-2,-2,0
1514893010739747,-4,-4,6,0,-3,0,1,-1
1514893010746252,-1,-1,-9,-5,-2,-1,-1,-1
1514893010746252,2,-1,2,-2,-1,-2,0,0
1514893010762765,-1,0,-8,-4,0,-3,-1,0
1514893010762765,0,-4,5,2,2,-3,-2,-1
1514893010764266,-3,0,-7,-2,-1,-1,-1,0
1514893010764266,2,-2,5,-3,-2,-1,-1,1
1514893010785280,2,2,-8,-2,-1,0,-3,-2
1514893010785280,1,3,10,0,0,-1,-1,0
1514893010786781,-12,-14,-33,-3,0,-1,-2,-4
1514893010786781,3,-3,-5,1,-1,0,-1,0
1514893010799790,3,1,2,-1,-1,-1,-1,-3
1514893010799790,-2,2,0,-1,0,-2,-2,0
1514893010806294,3,5,7,-1,0,-2,0,-1
1514893010806294,2,-3,-1,-1,-1,0,0,0
1514893010822806,-2,2,-9,0,-2,-2,0,-1
1514893010822806,0,1,4,0,-2,-2,-3,-2
1514893010824314,1,-2,4,0,0,-2,-1,-2
1514893010824314,-1,-3,-1,-1,-2,0,0,1
1514893010845322,0,2,-1,-2,0,0,0,-2
1514893010845322,-2,4,0,-1,0,-1,-3,-2
1514893010846827,-4,-8,-3,-3,-1,-2,-2,-2
1514893010846827,0,-4,-5,-3,-2,0,-2,-1
1514893010860333,-3,0,-6,-3,-3,-1,0,1
1514893010860333,1,4,9,4,-1,0,0,-2
1514893010866349,0,-2,-2,-2,-1,-1,-1,1
1514893010866349,0,-1,1,-3,0,-2,-1,-1
1514893010882849,-3,-1,-5,0,2,0,0,-1
1514893010882849,-1,-3,-11,-1,0,0,-1,-2
1514893010884350,-1,1,15,2,-2,-2,-3,0
1514893010884350,-2,-2,-1,-9,-4,-1,-1,-2
1514893010905364,0,-2,-6,2,5,4,0,1
1514893010905364,-1,-4,-5,-3,1,-2,1,-2
1514893010906866,-2,-1,-3,3,2,-1,-2,-2
1514893010906866,-1,-1,10,1,-1,-2,-2,-2
1514893010919875,-1,-1,-1,-7,-6,-3,-2,0
1514893010919875,-2,-1,-3,-3,-1,-2,1,-2
1514893010926379,0,-1,-4,-1,-1,0,0,-1
1514893010926379,-1,-4,-2,0,-1,-1,-2,-2
1514893010942891,0,1,-3,-2,-2,-3,-1,-1
1514893010942891,-2,0,-1,0,-2,0,-1,-1
1514893010944392,-2,0,0,-3,-3,0,0,0
1514893010944392,1,-3,-1,0,2,2,0,0
1514893010965407,-2,-1,-4,-3,0,-2,-1,-1
1514893010965407,-2,-1,0,-1,-2,-1,-2,0
1514893010966908,0,-1,2,-1,-2,0,-1,-1
1514893010966908,0,-2,-3,0,0,0,0,-1
1514893010979419,-1,0,-2,0,-3,-2,-1,0
1514893010979419,-2,1,1,-3,-2,0,-2,0
1514893010986424,0,-2,1,1,0,-1,0,-1
1514893010986424,-1,-4,-2,0,-1,0,-1,-1
1514893011003452,-3,-1,-2,-2,-1,-1,-1,-2
1514893011003452,0,1,0,-1,-1,-3,-2,-2
1514893011004935,-1,-1,-2,-1,-2,-2,-1,-1
1514893011004935,0,-2,-2,0,0,-1,0,-1
1514893011025453,-2,0,0,-1,-2,0,-1,-2
1514893011025453,-2,0,-3,1,0,-2,-1,0
1514893011026955,-1,-2,0,-1,-1,-2,0,-2
1514893011026955,1,-2,0,0,-2,-3,0,1
1514893011039966,-1,1,-2,-2,-2,-1,-3,-2
1514893011039966,-2,-1,-3,-1,-2,-1,0,-2
1514893011046466,-1,-3,-2,1,-1,0,-1,-1
1514893011046466,-2,-2,0,0,0,2,-3,-4
1514893011062976,-1,0,0,-1,-2,0,-3,-2
1514893011062976,-1,-1,0,-4,-1,-1,0,0
1514893011066485,0,-2,1,-1,0,-1,-1,-1
1514893011066485,-2,-2,0,-2,-1,-3,0,1
1514893011085496,1,-1,-3,-2,-1,-2,1,-2
1514893011085496,-1,2,-1,-2,-2,-1,-1,-2
1514893011087498,-1,-2,-2,-2,-2,-1,-1,0
1514893011087498,-2,-3,0,2,0,-2,-1,-1
1514893011099502,-1,-1,-2,-2,0,1,-1,0
1514893011099502,-1,-1,-2,-1,-2,-1,-3,-1
1514893011108010,-2,-1,-2,-1,1,-2,0,1
1514893011108010,-2,-1,-1,0,-1,1,-1,-2
1514893011122518,1,1,0,0,0,-3,2,-1
1514893011122518,-2,-1,-4,-2,-2,0,-2,-2
1514893011124522,-2,-3,2,-1,-2,1,-2,-2
1514893011124522,0,-2,-2,-2,0,-1,-2,-2
1514893011145536,-1,2,0,-2,-2,-1,-1,-2
1514893011145536,0,0,0,-1,-2,-1,0,-1
1514893011147541,-2,-6,-5,-1,-1,-3,-1,-4
1514893011147541,-2,-3,-5,-2,1,0,1,-1
1514893011159045,0,0,-1,-1,-1,0,-1,-2
1514893011159045,0,3,3,2,-1,-1,-3,-3
1514893011177057,0,-3,-2,0,-2,1,0,0
1514893011177057,-3,0,2,1,-2,0,-1,-1
1514893011183063,-1,0,1,0,-1,-2,0,0
1514893011183063,-3,0,1,-3,-2,-3,-1,0
1514893011184566,1,0,1,1,0,1,-1,1
1514893011184566,-2,-3,-2,-1,-1,-1,-1,-1
1514893011214083,0,1,-1,-2,-1,0,-2,-2
1514893011214083,-1,-1,-2,-1,0,-1,1,-3
1514893011217089,-2,-1,-2,-1,1,-1,-3,-2
1514893011217089,0,-2,-1,-3,-1,0,0,1
1514893011219089,-2,-1,-3,-1,-1,0,-2,0
1514893011219089,-1,-1,0,-1,-1,0,-2,0
1514893011228094,-2,-1,-1,-1,-2,-2,0,-1
1514893011228094,-1,-1,-1,-1,0,-2,-1,0
1514893011242604,1,-1,-2,-2,-2,-1,-1,0
1514893011242604,0,-1,-1,-2,-2,-1,-2,-1
1514893011244104,-2,-2,0,1,0,1,0,0
1514893011244104,-2,-4,-2,-1,-2,-1,-1,-2
1514893011265700,-3,1,-2,0,-1,1,-2,0
1514893011265700,0,-1,-3,-3,-1,-2,-1,-1
1514893011267203,-2,-2,-2,-2,-2,-2,-2,-1
1514893011267203,0,-2,-1,-1,-1,-1,-2,-3
1514893011278708,-3,0,-1,0,-2,-3,-3,-2
1514893011278708,-2,0,-1,-1,-1,1,-2,-1
1514893011287715,-1,-2,-2,-1,0,0,-1,-3
1514893011287715,-1,-1,0,0,-1,1,1,-1
1514893011303727,-2,-2,-1,-2,-1,0,0,0
1514893011303727,0,0,-1,-2,0,0,-1,-1
1514893011305230,1,-1,-1,-1,-1,-1,0,-1
1514893011305230,0,-1,1,-1,-1,0,0,-1
1514893011325243,0,0,0,0,-1,-1,-2,-1
1514893011325243,-2,-1,-1,-2,-2,-2,1,-1
1514893011326744,-2,-2,0,-2,0,-2,-1,0
1514893011326744,-2,-1,-1,0,-1,-1,0,0
1514893011338750,1,-1,-1,-1,1,0,0,-2
1514893011338750,-1,-3,-2,0,-1,0,-2,0
1514893011348257,-2,-2,-1,-1,-1,1,-1,-1
1514893011348257,0,-1,1,-2,-2,-2,0,-1
1514893011364270,-1,0,-2,-1,-2,-1,0,-2
1514893011364270,-3,-1,-1,-2,-1,1,-3,-1
1514893011366272,-3,-2,0,-1,-1,-2,1,-1
1514893011366272,-2,-3,-2,0,0,0,-1,0
1514893011385284,-1,-1,-1,2,-1,-1,-1,0
1514893011385284,-2,0,-2,-2,-1,-3,0,-1
1514893011387287,-1,-1,-1,-2,0,0,-1,-2
1514893011387287,-1,0,0,-2,0,-2,-2,-1
1514893011399294,0,0,-2,0,0,-1,-2,-1
1514893011399294,1,-1,-1,-2,-1,-2,-1,-2
1514893011407799,0,-2,-1,-1,-2,-1,-2,-2
1514893011407799,-1,-1,-1,0,-2,0,0,0
1514893011423312,-2,0,-2,-3,-1,-2,-1,-1
1514893011423312,0,1,-2,-1,0,-1,0,-1
1514893011424812,-1,-3,0,-1,-1,0,0,-2
1514893011424812,0,-2,-1,-1,0,-1,0,0
1514893011444825,-2,0,-1,-2,-1,-1,-1,-1
1514893011444825,-2,0,0,1,-2,0,-2,-2
1514893011452832,0,-3,-1,0,-1,0,-2,-1
1514893011452832,-1,-2,1,0,-2,0,-1,-2
1514893011458835,-1,1,-2,-4,-1,-1,-2,0
1514893011458835,0,1,-4,-2,-1,0,-1,0
1514893011467842,-2,-3,-1,-2,-1,-3,-2,-1
1514893011467842,-2,-1,-1,-3,-1,-2,-1,-1
1514893011482853,-1,-2,-2,-2,-1,-3,-1,-1
1514893011482853,0,-2,-1,0,-3,-1,-2,-2
1514893011484353,0,-2,1,-1,-1,-1,0,1
1514893011484353,0,-1,-1,-3,-1,-3,-1,-1
1514893011505367,-1,-1,-1,-2,-1,-1,-1,0
1514893011505367,-3,1,-2,-1,-1,-1,-1,-1
1514893011506868,-1,-1,-1,0,-2,-1,-1,0
1514893011506868,-2,-1,-3,0,1,-1,-1,-1
1514893011528384,-1,0,-1,0,0,0,-1,-2
1514893011528384,-2,-3,-2,-1,-1,-1,-1,-1
1514893011529886,-2,-2,-2,-1,-1,0,-3,0
1514893011529886,-2,-1,0,0,0,-2,-1,-1
1514893011541893,1,-1,0,0,-1,0,-1,-1
1514893011541893,-1,-4,-1,-1,0,-1,-1,0
1514893011548911,-1,-1,-2,-2,-1,-1,1,-1
1514893011548911,1,1,0,0,-2,0,-1,-2
1514893011565411,-1,0,-1,-1,0,-2,-2,-1
1514893011565411,-1,0,-2,-3,-2,0,0,0
1514893011566911,-1,-1,-1,0,0,-1,-2,-1
1514893011566911,0,-2,-3,0,-2,-1,-2,-2
1514893011587926,-1,0,-3,-1,-1,-1,0,0
1514893011587926,-1,-1,-1,-1,-1,-1,-2,-1
1514893011589427,-2,-1,-4,-1,-1,-3,-1,-2
1514893011589427,-2,0,1,-3,1,0,0,-1
1514893011602936,1,-1,1,1,-1,-1,-1,-3
1514893011602936,0,-1,1,-1,0,-3,-1,-3
1514893011604438,-1,-3,0,0,-2,0,-1,0
1514893011604438,-2,-2,-1,0,0,-1,-1,0
1514893011625452,0,-1,-1,-2,-2,0,-1,1
1514893011625452,-1,-3,-1,-1,0,-1,-1,-1
1514893011626953,-1,0,-1,-1,-2,0,0,-2
1514893011626953,-1,-1,-3,0,-1,-2,0,0
1514893011647968,-1,-1,-2,-1,-1,-1,-1,0
1514893011647968,0,-1,-3,-1,-2,-2,-2,0
1514893011649469,-2,-2,0,-1,-2,-1,-1,-1
1514893011649469,-2,1,0,-2,-3,1,-1,-2
1514893011662002,-1,0,-1,-1,-2,-2,0,0
1514893011662002,-1,-2,-1,-1,0,-1,-2,-2
1514893011668984,0,-3,-2,0,0,-2,0,0
1514893011668984,0,-1,-1,-2,1,0,0,-2
1514893011684994,0,-1,-1,-1,-1,-1,-1,-1
1514893011684994,-1,-1,-1,-2,0,0,0,-2
1514893011686996,0,-2,-1,-1,-1,-2,-2,-1
1514893011686996,-2,-2,-1,0,-1,-1,-1,0
1514893011708011,-2,0,0,-1,-1,0,0,-1
1514893011708011,-1,-2,-1,-1,-3,0,0,0
1514893011710512,-2,-1,0,-2,0,0,-1,-2
1514893011710512,-1,-1,0,0,-1,-2,-2,-1
1514893011722021,-4,-1,-2,-3,-1,-1,-1,-2
1514893011722021,-1,-2,1,-2,-1,0,-2,-2
1514893011729025,0,-2,-1,-1,-2,-1,0,-1
1514893011729025,0,-1,-2,-2,0,-2,-1,0
1514893011745037,-1,-2,0,-1,-1,-1,-2,1
1514893011745037,-1,-1,-1,0,-1,1,0,-1
1514893011747056,-2,-3,-1,-1,0,0,-1,0
1514893011747056,-1,-1,-1,-3,-3,-3,-2,-1
1514893011767553,-2,3,-2,0,-1,-2,-1,-1
1514893011767553,-1,-2,-2,-2,-2,-3,-2,0
1514893011769554,-1,0,-1,-1,-1,-2,-1,-2
1514893011769554,-2,-1,-1,0,-1,-1,-1,-1
1514893011782063,-2,-1,-1,-1,-2,-1,-1,-1
1514893011782063,-2,0,-1,0,-1,-1,-2,-1
1514893011789068,-1,-3,-2,-1,0,-1,-1,0
1514893011789068,2,-1,0,-2,-1,-2,-1,-3
1514893011805079,0,-1,0,0,-1,0,-2,-1
1514893011805079,1,-1,-3,-2,0,-1,0,1
1514893011807080,-2,-3,1,-1,-2,0,0,-2
1514893011807080,-2,1,0,1,1,-1,-2,-1
1514893011827595,-2,0,-1,-3,0,-2,-2,-1
1514893011827595,-1,-1,0,-2,-3,0,-2,-2
1514893011829096,-1,0,-1,-1,-2,-1,-3,-2
1514893011829096,-1,1,-1,0,-1,-1,-1,-1
1514893011842105,1,1,0,1,-2,-4,-1,-2
1514893011842105,0,-2,-1,-1,1,-1,-1,-1
1514893011848610,0,-2,-1,-2,-1,-2,-1,-1
1514893011848610,0,-1,-2,0,-1,0,1,-1
1514893011865123,2,-1,-3,-1,-1,1,0,-1
1514893011865123,-2,1,0,0,-1,-2,-1,0
1514893011867143,0,-2,-2,-1,0,-1,-3,-1
1514893011867143,-3,-2,0,-1,0,-1,0,-1
1514893011887650,-2,-1,-3,-1,0,-1,2,-1
1514893011887650,-1,-1,-1,-1,-2,-1,-2,-1
1514893011889138,-2,1,-1,0,-1,-1,-1,-2
1514893011889138,1,0,-2,-2,-2,0,-1,0
1514893011902148,-1,0,-2,-2,-1,-2,-3,-1
1514893011902148,-1,-1,-2,0,0,-3,0,-1
1514893011909653,-1,-2,-2,-3,-2,-1,0,1
1514893011909653,-2,0,0,-1,-1,-1,-1,0
1514893011925165,0,1,-2,1,1,0,-1,0
1514893011925165,-1,-2,-1,-1,0,0,0,-2
1514893011926665,-1,-1,-1,-1,0,-1,0,0
1514893011926665,0,1,-1,0,-1,-1,0,-2
1514893011947680,-2,-1,0,-2,1,-1,-2,-1
1514893011947680,-1,-2,0,2,-2,-1,-1,-1
1514893011949181,-1,-3,-2,1,-1,1,0,0
1514893011949181,-1,0,-1,2,-2,-1,0,0
1514893011962190,0,-1,-2,-4,-3,0,0,-1
1514893011962190,1,-2,-1,-3,-2,0,-1,-2
1514893011976200,-1,-2,-1,-2,-1,-2,-2,-2
1514893011976200,-1,-1,-1,-1,1,-2,-2,-1
1514893011985207,0,-1,-1,1,-2,-1,-2,-2
1514893011985207,0,-2,-1,-3,0,0,-1,-1
1514893011986707,0,0,1,-2,-4,-1,-1,-1
1514893011986707,-1,2,0,2,2,-1,0,-2
1514893012007722,-1,0,0,1,-1,-1,-2,-1
1514893012007722,-1,-4,-4,-2,-2,-2,-3,-2
1514893012009234,-4,-7,-7,-4,0,-2,-2,-2
1514893012009234,0,-3,-2,-4,-2,-1,-1,0
1514893012021233,-2,0,0,-3,-1,-2,0,0
1514893012021233,-1,-1,1,0,-1,0,1,-1
1514893012030252,-1,-2,1,2,-1,1,-1,-1
1514893012030252,-1,0,-2,-3,-1,0,-3,-2
1514893012045249,0,2,-2,-1,1,0,-2,-1
1514893012045249,-3,0,1,-2,1,0,-2,0
1514893012046752,-1,-2,1,2,-1,0,-2,-2
1514893012046752,-2,1,-2,0,-1,-2,0,-1
1514893012067765,0,-1,0,-3,-4,0,0,-2
1514893012067765,-2,-2,-2,-2,-2,-1,0,0
1514893012070266,-1,-1,1,0,-1,-2,-1,1
1514893012070266,0,0,-2,-1,1,1,0,-1
1514893012081280,-1,1,-3,-1,1,0,0,-1
1514893012081280,1,-2,-2,-2,0,-2,0,-2
1514893012090283,-2,-3,0,-1,-1,-2,0,-3
1514893012090283,-2,0,-1,1,-2,-2,-1,-1
1514893012105291,-3,-1,-2,-1,-1,0,-2,1
1514893012105291,-1,-3,0,-2,0,-1,-1,0
1514893012107803,-1,-2,0,3,1,0,-2,1
1514893012107803,-1,0,-1,-9,-4,-1,-1,-1
1514893012127834,-1,2,1,6,2,-2,-1,-3
1514893012127834,-1,-1,0,-1,-1,0,-2,-2
1514893012129321,0,-2,0,-4,-1,-3,0,1
1514893012129321,-1,1,-1,-1,-1,-1,0,-1
1514893012141817,-1,0,-1,-4,-4,0,-1,0
1514893012141817,-3,-2,-1,1,0,-1,-3,0
1514893012157830,0,-3,-2,-3,-3,-2,-1,-3
1514893012157830,-3,0,0,-1,-2,0,-1,0
1514893012165334,0,0,-3,-2,-1,1,0,-2
1514893012165334,-1,-3,-2,1,0,-1,-1,-1
1514893012166846,-1,-3,-2,-1,-1,-2,0,-2
1514893012166846,-2,0,-2,1,2,-1,-2,-1
1514893012187859,-1,-2,-1,0,0,-1,0,-1
1514893012187859,-2,0,-1,0,-2,-1,-2,1
1514893012189360,-3,-3,-1,-2,-1,0,-1,-1
1514893012189360,0,0,0,-1,-1,-2,-1,-2
1514893012201359,-2,1,-2,-2,1,-1,-2,-1
1514893012201359,-2,-2,-1,-1,-1,1,0,0
1514893012210367,-1,-2,-2,-2,-1,0,0,0
1514893012210367,-2,0,-1,1,-1,0,-1,0
1514893012225387,-1,1,0,-3,-2,-2,-2,0
1514893012225387,0,-2,-2,1,-3,-1,-1,-1
1514893012226887,-1,0,-3,-4,-1,-1,-2,1
1514893012226887,-3,-2,-1,2,-1,0,-2,0
1514893012246903,0,0,-2,1,-2,-3,-1,-3
1514893012246903,-1,-2,-1,-2,-2,-1,0,-2
1514893012263406,-2,-3,-1,2,-1,-1,-1,-2
1514893012263406,-1,0,-1,-2,-2,-2,-2,-1
1514893012264404,0,0,-1,-2,-1,-2,-1,0
1514893012264404,0,-2,-1,-1,-1,-1,-2,-1
1514893012270410,0,-4,-3,-1,0,-1,0,-1
1514893012270410,-1,-1,-2,-1,-2,-3,-2,-2
1514893012285418,0,2,1,-3,0,-1,-1,0
1514893012285418,-1,-3,-1,2,1,-1,0,-1
1514893012287420,-2,-1,-1,-1,0,-2,0,-2
1514893012287420,1,0,-1,-1,-1,0,0,0
1514893012308436,-1,-2,-2,-1,-2,0,-1,-3
1514893012308436,-1,-1,-1,-3,1,-2,-1,-1
1514893012310937,0,-5,0,1,-1,-1,-3,0
1514893012310937,-1,1,-1,-1,0,-1,0,0
1514893012321444,0,0,-4,-2,-2,-1,1,-1
1514893012321444,-1,-2,-1,-4,-2,-1,0,-3
1514893012331455,-2,-1,-1,1,-1,-1,-1,-2
1514893012331455,0,0,-3,-3,-3,-2,0,0
1514893012345962,0,-1,0,2,0,0,-1,0
1514893012345962,-1,-4,-1,0,0,1,-3,-2
1514893012347963,0,-3,0,-1,-2,0,0,0
1514893012347963,-1,1,-1,-4,0,-2,-3,-3
1514893012367477,-2,0,-2,0,0,-2,-1,-1
1514893012367477,-2,-3,-2,-1,0,-3,-1,-2
1514893012369478,-3,-3,0,-2,-1,0,-1,-2
1514893012369478,1,0,0,-2,-1,-3,0,-1
1514893012381486,-1,0,-1,0,-2,-2,-1,-2
1514893012381486,-2,-3,-2,-1,-2,-1,0,2
1514893012390493,-2,-1,-2,-1,-1,-2,-2,0
1514893012390493,-2,-1,-2,-3,-3,0,-2,0
1514893012405013,0,-1,0,-4,-3,0,-1,-2
1514893012405013,0,-3,-1,0,-1,-2,-1,0
1514893012407014,-1,-2,0,-1,0,0,-1,-1
1514893012407014,-1,0,-2,-1,0,-1,-2,-1
1514893012427519,-1,1,-2,0,-1,-2,-3,-2
1514893012427519,-2,0,-1,-2,-3,-1,-2,-2
1514893012429521,-1,-2,-2,-2,-2,-2,-1,0
1514893012429521,1,2,-2,2,0,-1,-1,0
1514893012450048,0,0,-2,-2,1,0,2,-1
1514893012450048,-1,-2,0,-5,-4,-2,-1,-1
1514893012452046,0,-1,0,0,-1,-2,0,0
1514893012452046,0,-2,-2,3,0,-2,-1,0
1514893012465045,-3,0,0,-2,0,-1,-4,-1
1514893012465045,-1,-4,-1,0,1,0,0,0
1514893012467047,-1,-2,-2,-3,-1,-2,-1,-2
1514893012467047,0,1,-1,-4,-2,0,-2,-1
1514893012488062,1,0,-1,-1,-1,-2,-1,-2
1514893012488062,-1,-1,-2,1,0,1,0,-2
1514893012489563,-2,-2,-2,0,1,-1,-2,-1
1514893012489563,-2,-1,-2,0,-2,-3,-1,-1
1514893012511579,-2,-1,-4,-2,-2,0,-3,0
1514893012511579,-1,-3,1,-1,-4,-2,-1,0
1514893012515082,0,-2,0,1,-1,-1,-1,-3
1514893012515082,-2,0,-1,1,-1,-1,0,-2
1514893012525114,-1,-1,-1,1,1,0,0,0
1514893012525114,-2,-2,-3,0,0,-2,-1,-1
1514893012527104,0,-2,0,-1,-2,1,-1,1
1514893012527104,0,1,0,0,1,0,-2,-2
1514893012548604,1,1,0,-2,-1,-2,-2,0
1514893012548604,1,-2,-1,-2,0,-1,0,-1
1514893012550105,0,-3,-1,-2,-1,-1,-1,-1
1514893012550105,-2,-2,-1,1,2,-2,-1,-2
1514893012570120,-1,1,-1,-4,-2,-1,-1,-1
1514893012570120,-1,-5,-1,-3,-2,-1,-1,-1
1514893012571623,-2,-3,0,-1,-1,-1,-1,-2
1514893012571623,0,1,-1,1,0,0,-1,0
1514893012585140,0,1,-1,-1,-3,-1,-1,-1
1514893012585140,0,-2,-1,0,-1,-1,-1,-1
1514893012586641,-1,-3,-1,-1,-3,-1,0,-1
1514893012586641,-1,0,-2,-4,-4,-1,-1,-1
1514893012607648,-1,1,-1,-1,0,-1,0,0
1514893012607648,0,-2,-4,-4,-2,0,1,-1
1514893012609147,-2,-2,-1,-1,1,-1,-1,-1
1514893012609147,-1,0,-2,2,-1,-2,-1,-1
1514893012630163,-2,-1,-2,-1,-1,-2,0,-1
1514893012630163,-2,-2,0,0,-1,-1,-1,-3
1514893012631663,-2,-2,-1,0,-1,1,-1,0
1514893012631663,-2,1,-2,-4,-4,0,-1,-2
1514893012644696,-1,0,-1,-2,-2,-2,-1,0
1514893012644696,-1,-2,0,2,2,1,-1,-1
1514893012651187,-1,-3,-3,-1,0,-1,-1,-2
1514893012651187,-1,-1,-1,-4,-2,-1,-1,-2
1514893012667700,0,0,-2,0,-3,0,-1,0
1514893012667700,0,-2,-2,1,-1,-1,1,-2
1514893012669199,0,-5,-2,0,-1,-1,0,-2
1514893012669199,-1,1,-1,-2,-1,-3,-1,-1
1514893012691206,0,-1,-1,3,3,1,-2,1
1514893012691206,0,-2,0,-1,-1,-2,-3,-1
1514893012695209,-2,-2,0,-1,0,-2,-1,0
1514893012695209,-1,-1,-2,-3,-1,0,-2,-1
1514893012704715,1,-1,-3,-3,-4,-3,-1,-1
1514893012704715,-1,-2,0,-5,-2,1,-1,-2
1514893012711234,0,-1,-1,2,0,0,-1,-1
1514893012711234,-1,1,0,0,-2,-1,0,-1
1514893012727758,-2,1,-1,-1,-1,-1,-1,1
1514893012727758,-1,-2,-2,-1,-2,-2,-2,0
1514893012729232,0,-2,0,-3,-2,2,-1,-2
1514893012729232,-1,1,-1,-2,-1,-1,-1,0
1514893012750247,1,1,0,-2,-1,-1,0,-2
1514893012750247,1,-2,-2,-1,-3,-2,-1,-2
1514893012751748,-1,-2,-2,0,0,0,0,0
1514893012751748,0,0,-2,0,0,0,0,0
1514893012764761,-3,-1,-2,-2,-2,-2,0,0
1514893012764761,0,-2,1,0,-1,-2,-1,-1
1514893012771262,-1,-3,-1,-3,0,-1,-1,-1
1514893012771262,0,-2,-2,1,2,0,-1,-1
1514893012795279,0,1,-2,-3,-1,-2,-2,0
1514893012795279,-2,-1,-1,-3,-2,-2,0,-2
1514893012796794,1,-1,0,2,-1,-1,-2,0
1514893012796794,-1,1,-1,-2,0,0,-2,0
1514893012810290,1,0,-1,0,-2,-1,1,0
1514893012810290,-2,-1,-2,0,0,0,-1,-2
1514893012812791,-2,-2,-1,-3,-1,-1,1,-2
1514893012812791,-1,0,-2,-8,-2,0,-1,-1
1514893012823799,-1,0,-1,1,0,0,-3,-3
1514893012823799,-1,-4,-2,0,-2,-1,0,0
1514893012832809,0,-3,-3,0,-1,-3,-1,-1
1514893012832809,0,-1,-2,1,-2,-2,-2,-1
1514893012847817,2,-1,-1,-4,0,-1,0,-2
1514893012847817,-1,-4,-1,-2,0,-1,-2,-1
1514893012849328,-3,-1,1,0,0,0,0,1
1514893012849328,-2,-2,0,0,-2,-1,-1,-2
1514893012869331,-1,0,-2,-2,-1,0,-2,-2
1514893012869331,1,-1,-1,0,0,0,-1,-1
1514893012870332,-1,-2,-1,-3,-2,-1,-1,-1
1514893012870332,0,0,-2,-3,-3,0,-1,0
1514893012884357,-2,0,-2,4,0,0,-1,-1
1514893012884357,-3,-1,-1,-1,1,-1,0,0
1514893012891847,-1,-1,-1,0,-1,-2,0,-2
1514893012891847,-1,1,-1,0,-3,0,-1,-1
1514893012906868,-2,0,-1,-3,-2,-3,-1,-1
1514893012906868,-1,-2,-1,-1,-1,2,0,0
1514893012907858,0,-4,-3,3,0,2,-1,-2
1514893012907858,-1,-1,-1,-2,-1,-3,0,-2
1514893012929386,0,0,0,-1,-1,-1,-4,-1
1514893012929386,-1,-3,2,4,1,0,-2,-2
1514893012930378,-1,-1,1,-1,-2,-1,-1,-1
1514893012930378,1,-1,-1,0,0,-3,-1,0
1514893012943896,0,0,-2,-5,0,-1,1,0
1514893012943896,0,-3,0,-4,-1,-2,-1,1
1514893012951890,-1,-3,-1,-2,0,-2,-2,-1
1514893012951890,0,1,-2,-2,-2,0,-1,-1
1514893012966910,-2,2,0,-4,0,0,-2,0
1514893012966910,-2,-2,-2,-1,-3,-2,-1,0
1514893012967902,-1,-4,1,1,3,0,0,-1
1514893012967902,-1,1,-1,-1,0,-1,0,-1
1514893012989416,-1,-1,-1,-1,-3,-1,0,0
1514893012989416,1,-1,0,0,-1,-1,1,-1
1514893012990417,-2,-3,0,-2,-3,-1,-1,-1
1514893012990417,-1,0,0,-1,-2,-1,1,0
1514893013005437,-1,0,-1,-1,-2,0,-1,-2
1514893013005437,-2,-1,0,-5,-3,1,1,-2
1514893013012932,-2,0,0,3,-1,-2,-1,-1
1514893013012932,-2,0,-3,2,0,0,0,-2
1514893013026942,-3,-3,-3,-2,-3,-3,-1,-1
1514893013026942,-1,-2,-2,-1,-1,-1,-2,-2
1514893013027943,0,0,-1,-2,-1,0,-1,-2
1514893013027943,0,-1,-1,-1,-3,0,-2,-1
1514893013049461,1,1,0,1,0,-1,-1,0
1514893013049461,-3,-2,-1,-1,0,1,0,-2
1514893013051460,-1,-2,0,-2,0,-1,-2,-2
1514893013051460,-1,1,-2,1,-1,-2,0,-1
1514893013063969,0,-1,-1,-2,-1,-2,-2,-1
1514893013063969,-1,-2,-2,-1,-2,-2,0,0
1514893013071974,1,-1,-1,1,0,1,1,-1
1514893013071974,-1,-2,0,-2,-1,1,-1,1
1514893013086985,-2,1,-1,-1,-3,-1,-1,-1
1514893013086985,0,-1,-4,-2,-1,-1,-2,-1
1514893013087985,-2,-3,0,-2,0,-2,-1,-2
1514893013087985,0,0,-1,-1,-1,-1,-2,1
1514893013109501,-1,0,-1,1,1,-3,0,-1
1514893013109501,0,-3,-1,-2,-2,-1,-1,0
1514893013111002,-1,-1,-2,-2,-2,0,0,-1
1514893013111002,0,-2,-2,-7,-3,-4,-1,-2
1514893013124011,-1,-2,-1,3,1,2,-1,-2
1514893013124011,-1,0,0,1,-2,-1,-3,1
1514893013132017,0,0,0,-2,-1,0,-1,-1
1514893013132017,-2,-4,-1,0,-1,-2,-3,-1
1514893013147028,-1,0,-1,-4,-1,-1,-1,-2
1514893013147028,1,-3,-1,-1,0,-2,-1,-3
1514893013148029,0,-2,-1,2,2,0,0,-2
1514893013148029,-1,2,-1,-3,-1,0,-1,-2
1514893013169543,0,1,0,0,-2,0,-1,0
1514893013169543,-2,-2,-2,0,0,-1,-1,-1
1514893013170545,-2,0,-1,-3,-2,-2,-2,0
1514893013170545,-2,0,-1,0,-1,1,-1,0
1514893013184053,-1,-3,-1,-2,0,-1,-2,-1
1514893013184053,-1,-2,-1,-1,-1,-1,-1,-1
1514893013199565,-4,-1,-2,0,-1,0,-1,-1
1514893013199565,-1,0,1,1,0,-3,-2,-1
1514893013207570,-1,-1,0,-3,-1,-2,-1,-3
1514893013207570,-1,-3,-2,0,-1,0,0,-2
1514893013209071,0,-4,-2,-1,0,-2,0,-1
1514893013209071,-1,1,-1,-2,1,-1,0,-1
1514893013229586,-3,1,0,-2,-1,-3,-2,2
1514893013229586,-1,-1,-1,-1,-1,-1,-3,-1
1514893013230086,-1,-1,-2,0,-3,0,-1,0
1514893013230086,0,1,-2,-1,-3,-2,0,-1
1514893013244106,-1,0,-2,-1,-1,-2,-1,-1
1514893013244106,-3,-3,-1,-1,0,-2,1,-2
1514893013252102,-1,1,-2,0,-1,-1,-1,-1
1514893013252102,0,0,0,0,-1,1,-2,0
1514893013267122,-1,-5,0,-1,-2,-2,0,-2
1514893013267122,-1,-2,-2,0,-1,-1,-2,0
1514893013267614,0,-2,0,-3,-3,-3,-1,-1
1514893013267614,-2,1,-3,1,1,3,-2,-2
1514893013289641,0,0,-2,-1,0,1,0,0
1514893013289641,-1,0,-1,0,0,-1,-1,-1
1514893013290139,1,2,1,-1,-2,-2,-1,0
1514893013290139,-1,0,0,-4,-3,-2,-1,0
1514893013304144,0,0,-3,-1,-1,-1,0,-2
1514893013304144,0,-3,-1,1,-1,0,-1,-1
1514893013312655,-2,-3,-2,-4,-3,0,-1,-1
1514893013312655,-1,1,0,-1,-2,-2,-1,-1
1514893013327165,-1,2,-1,2,0,-1,-2,-3
1514893013327165,2,-1,0,1,-2,-2,-2,-2
1514893013327656,-1,1,-2,1,0,-1,-1,-3
1514893013327656,0,-1,-2,-2,-1,-1,-1,-1
1514893013349686,-3,-1,1,-3,-3,2,0,0
1514893013349686,0,-1,1,-1,-1,-3,-1,-1
1514893013350171,0,0,1,0,-1,-1,0,0
1514893013350171,1,-1,-1,0,2,-2,0,-2
1514893013364183,-1,-1,-2,-2,0,-2,-2,-2
1514893013364183,-2,-3,-2,-4,-3,-2,0,-1
1514893013372699,-1,-1,-1,0,-1,-1,0,-1
1514893013372699,-1,-1,-2,0,1,1,-1,-1
1514893013386707,-1,0,-1,-1,-1,0,-1,-1
1514893013386707,0,-3,-1,-2,-2,-2,0,1
1514893013394702,-1,-2,-1,-2,-1,-1,-1,-1
1514893013394702,-1,0,-2,-4,-3,-2,-1,-3
1514893013409374,0,-2,-2,0,0,-1,0,1
1514893013409374,-3,-1,-1,0,-1,0,0,-1
1514893013410368,-3,-1,-2,-2,-1,0,0,0
1514893013410368,-1,0,-1,1,0,-2,-3,0
1514893013432382,-1,1,-1,-3,-3,-1,-1,1
1514893013432382,-1,-1,-2,-2,-1,-1,-2,-2
1514893013433384,-2,1,1,4,1,-1,-2,-1
1514893013433384,-2,1,-1,0,-2,1,0,-2
1514893013447382,0,-1,1,1,2,-1,-2,-1
1514893013447382,0,-1,-1,-1,0,0,-1,-1
1514893013448885,-2,-1,-1,-1,-3,0,-1,0
1514893013448885,-1,1,-1,1,-1,0,0,-1
1514893013469396,-2,-1,-1,-3,-1,-2,0,-2
1514893013469396,-2,-1,0,-1,-1,1,-1,-2
1514893013471408,-2,0,-1,0,1,-2,0,-1
1514893013471408,0,0,-1,-2,-3,-2,-2,3
1514893013493914,-1,-2,-1,-1,-1,-1,-2,-2
1514893013493914,-2,-3,-1,0,-1,-2,0,-1
1514893013495916,-1,-2,-1,-3,-3,-1,0,0
1514893013495916,-1,-2,-3,0,0,-2,-1,-1
1514893013506924,-1,-2,-3,-3,-2,-1,0,-2
1514893013506924,0,-1,-2,-1,0,-2,-2,-2
1514893013507925,-3,1,-2,1,-2,0,-3,0
1514893013507925,-1,1,0,-3,-2,-1,-1,0
1514893013529449,1,-2,-1,-1,-2,0,0,-1
1514893013529449,-1,-1,2,-1,0,-2,0,0
1514893013530439,0,1,-2,-2,0,0,-2,-1
1514893013530439,-1,-2,0,3,1,-2,-1,-2
1514893013552483,-2,-2,0,0,-2,-1,-2,0
1514893013552483,-1,-3,1,1,1,-1,-1,0
1514893013553459,-1,-1,-3,-3,-1,-1,-1,-1
1514893013553459,1,3,0,-3,-1,0,-1,-2
1514893013566966,-1,-2,-1,0,-1,-1,-1,0
1514893013566966,-2,-3,-1,-3,-2,1,0,-1
1514893013567967,-2,-1,0,0,0,-2,0,0
1514893013567967,-2,-1,-2,1,-2,-1,0,-2
1514893013589482,0,0,-1,-1,-1,-1,-1,0
1514893013589482,-1,-2,-1,0,1,1,-3,-1
1514893013590483,-1,0,-1,-2,-1,0,-1,0
1514893013590483,-1,-3,0,0,-1,-1,0,0
1514893013614000,0,0,0,-4,-3,-1,-1,-2
1514893013614000,-1,-2,-1,0,0,0,0,-1
1514893013615500,-2,-1,-1,-1,-2,-1,-2,-1
1514893013615500,0,0,-2,-1,-1,-1,0,1
1514893013627037,-2,-4,-2,-1,0,0,-1,-1
1514893013627037,-1,-2,-1,-1,-3,-3,-1,-2
1514893013628039,-1,1,-2,1,-1,-1,0,-2
1514893013628039,-1,-1,0,-2,-2,-2,-2,-2
1514893013649536,-1,-2,0,-1,-1,-1,0,-1
1514893013649536,0,-3,0,1,-1,-3,-1,-2
1514893013650537,0,-3,0,-4,-1,-1,0,0
1514893013650537,-1,0,-1,1,0,-2,-2,-1
1514893013673047,-2,-1,-1,1,1,0,-1,0
1514893013673047,-1,-2,-1,0,0,-1,-1,-2
1514893013674041,0,1,-1,-1,-3,-2,-1,-1
1514893013674041,0,0,-1,-2,-2,-1,-2,-1
1514893013687060,-2,-3,-2,0,0,-1,-1,0
1514893013687060,-1,-1,0,-3,-1,0,-1,1
1514893013688067,-2,-1,-2,5,0,-1,-1,-1
1514893013688067,-2,0,-2,0,-1,-2,-1,-1
1514893013709566,-1,0,0,-1,-1,-2,0,-1
1514893013709566,-2,-3,-1,-2,-2,-1,-3,0
1514893013710069,1,-1,-1,-3,0,-1,-1,-1
1514893013710069,-1,-1,-1,-1,0,0,-1,1
1514893013732592,-1,-4,-1,-2,-3,0,-2,0
1514893013732592,1,2,-1,-2,-2,-2,0,-2
1514893013733593,-1,-1,-2,-2,-2,0,0,-1
1514893013733593,-1,0,-1,0,-1,-1,-2,-2
1514893013747610,-1,-1,-2,-2,-2,-2,2,-2
1514893013747610,0,-3,0,0,-1,0,1,1
1514893013748595,-1,1,0,0,-2,0,-1,-1
1514893013748595,-1,-1,0,-2,-1,-2,-2,-1
1514893013769621,-2,-2,-1,0,1,-2,0,0
1514893013769621,-1,-3,0,0,-1,-1,-1,-2
1514893013770609,1,0,-1,0,-1,-1,0,-2
1514893013770609,0,-1,-2,-2,0,1,-1,-1
1514893013792624,-1,-3,0,1,-1,1,-2,-1
1514893013792624,-2,-3,-3,-1,-2,-2,-1,-2
1514893013793636,-2,0,-2,-2,-1,-1,-2,0
1514893013793636,-1,1,0,-1,-1,0,0,-1
1514893013808136,1,0,-1,-1,-2,0,0,0
1514893013808136,-3,-2,-1,1,-1,-1,0,-1
1514893013810137,6,-1,-1,-1,-1,-2,-2,-2
1514893013810137,0,0,-1,0,0,-1,0,-1
1514893013829661,-1,-4,-1,-3,1,-2,0,-2
1514893013829661,-1,-1,-2,-1,-2,-1,0,0
1514893013831153,-3,1,-1,-2,-1,-1,-1,-2
1514893013831153,-1,1,-2,1,-1,0,-1,-3
1514893013852667,1,-2,-1,0,-1,-1,-2,1
1514893013852667,0,-2,-2,0,-1,-2,-2,1
1514893013854168,-2,-2,0,0,1,-2,0,0
1514893013854168,-1,-1,-1,-2,-2,0,-2,2
1514893013867177,-2,0,-2,-2,-2,-1,-1,-2
1514893013867177,-2,-3,0,-1,-2,-1,-1,-1
1514893013867677,-2,2,-2,-2,-2,0,-1,1
1514893013867677,-1,-1,0,-1,-1,0,1,-2
1514893013889694,-2,-3,-1,-1,-2,-2,-1,-1
1514893013889694,-2,-2,0,-2,-3,-1,-1,-2
1514893013890194,-2,1,1,2,1,0,-2,-2
1514893013890194,-1,0,-2,-4,0,0,0,0
1514893013913210,-2,-1,0,0,0,0,-1,-2
1514893013913210,-1,-3,-1,-1,-1,-1,1,-2
1514893013919214,-2,0,-2,-3,-1,-1,-1,-3
1514893013919214,-2,1,0,-2,-3,-2,-3,0
1514893013927220,0,-1,0,-2,-1,-2,1,-1
1514893013927220,-2,-1,-4,0,3,0,0,-1
1514893013927720,-1,-1,-2,-1,-2,-1,-1,0
1514893013927720,-1,-1,-1,0,0,0,-1,-2
1514893013949235,0,-4,0,-2,0,-1,-2,-3
1514893013949235,0,-2,1,-1,-1,-1,0,0
1514893013950236,-1,0,-2,0,0,-1,0,-1
1514893013950236,-1,1,-3,-1,-1,-1,-1,0
1514893013973753,-1,-3,-3,-1,-1,0,-2,0
1514893013973753,-2,-1,0,-1,-1,-4,-1,-1
1514893013974253,-1,0,0,-2,-1,-2,0,-2
1514893013974253,-1,1,-1,-1,-3,-3,0,0
1514893013986274,0,-2,-1,-2,0,-1,-1,-2
1514893013986274,-1,-3,-2,-1,1,-1,-1,-1
1514893013994277,2,-1,-1,-1,-1,-1,-3,0
1514893013994277,2,-1,0,-2,-1,-2,0,-2
1514893014009287,-2,-2,-2,-1,0,1,2,-1
1514893014009287,-2,-1,1,0,1,0,-2,-1
1514893014010279,-1,-1,-1,4,-2,-1,0,1
1514893014010279,0,1,-1,-2,0,-1,0,-1
1514893014040300,-1,-4,-1,-2,-3,-2,-1,-2
1514893014040300,-1,-1,-3,-1,-2,-1,0,-2
1514893014040800,-2,0,-1,0,1,-1,-1,-2
1514893014040800,0,1,-1,0,0,0,-4,-1
1514893014046317,-2,-2,0,-1,-1,-1,0,1
1514893014046317,-2,-4,-1,-2,-3,-2,-1,-1
1514893014054320,-1,-2,-2,-1,0,-1,0,-1
1514893014054320,-1,0,-2,0,-3,-2,-1,-2
1514893014069321,-1,0,-1,-1,0,-3,-2,0
1514893014069321,-2,-2,0,-2,-3,-1,1,-3
1514893014070329,0,2,0,-4,0,-2,0,0
1514893014070329,0,-1,0,-2,0,-2,-1,-1
1514893014092837,-1,-3,-2,0,-3,-1,1,-1
1514893014092837,-2,-4,2,0,-1,-2,-1,0
1514893014093337,1,-1,-1,-1,-2,-1,0,0
1514893014093337,-2,2,-2,1,0,0,-2,0
1514893014115354,0,-1,-1,-1,1,0,-2,1
1514893014115354,-1,-2,-1,-1,-2,1,-2,-2
1514893014115855,-2,-1,-1,-2,-1,-1,-3,-1
1514893014115855,0,0,-3,0,-4,-3,0,0
1514893014129865,-1,-3,-1,1,0,-3,-2,-1
1514893014129865,-1,-2,-2,-3,-1,-2,0,0
1514893014131364,-2,-1,-1,0,-1,-1,-1,-1
1514893014131364,-2,0,-2,4,-1,-1,-1,-1
1514893014152879,-2,-4,-1,0,-2,0,0,-3
1514893014152879,1,-3,-2,-1,-1,-2,-1,0
1514893014153380,-2,2,-1,-5,-3,-3,0,-2
1514893014153380,-2,0,-2,-2,0,0,0,0
1514893014166407,-2,-2,-1,0,0,-1,0,-2
1514893014166407,1,-3,0,0,-1,-2,-3,-1
1514893014174395,-1,1,-1,-1,-1,1,-1,0
1514893014174395,0,-1,0,-3,-2,-2,-2,0
1514893014189405,-1,1,-1,-1,-2,-2,0,1
1514893014189405,-2,-2,-4,0,0,1,-1,-2
1514893014190406,0,0,1,-1,-2,-2,-4,0
1514893014190406,0,0,-2,-3,-3,-1,-1,-1
1514893014213922,0,-2,0,0,0,0,-1,-2
1514893014213922,-4,-2,-2,1,0,-1,-1,-1
1514893014215936,0,4,-1,1,0,1,0,-2
1514893014215936,-3,1,1,-2,-1,-1,1,-1
1514893014226932,-1,-3,-2,-4,-1,-1,-1,0
1514893014226932,-1,-3,-2,-2,-2,-1,-1,-2
1514893014234437,-1,-3,-1,-1,-1,-3,1,-2
1514893014234437,0,1,-1,0,-1,-1,-2,-2
1514893014249447,0,-1,-3,-3,-2,-1,-1,-1
1514893014249447,0,-3,1,1,1,-1,-2,-1
1514893014251449,-2,-1,-1,0,1,0,-2,-1
1514893014251449,-1,0,-1,-1,-1,-2,-2,-1
1514893014273467,-2,-1,2,0,0,-1,-1,-2
1514893014273467,0,-2,-2,-1,-2,-1,-1,-1
1514893014274465,-1,1,-3,-2,0,0,0,-1
1514893014274465,0,-2,-1,1,-2,-2,-1,0
1514893014294980,0,-2,-2,-2,-1,-1,-2,0
1514893014294980,-1,-3,-1,-1,1,-1,-1,1
1514893014295980,0,-2,-2,-1,-2,-2,-1,1
1514893014295980,-4,1,-3,-1,-1,0,0,-3
1514893014310502,0,-3,1,0,-3,-2,-2,-2
1514893014310502,-2,-2,0,1,0,2,0,-1
1514893014311992,0,-1,-5,-4,-1,-3,-1,1
1514893014311992,-2,-1,-2,-3,0,-1,-1,-2
1514893014332506,-2,-3,1,-1,-4,-2,-1,-1
1514893014332506,-2,-1,0,-2,1,-2,-1,0
1514893014333507,-1,0,0,0,-2,-3,-2,0
1514893014333507,1,3,-1,-1,-1,0,-2,0
1514893014362527,-1,-2,-1,-1,-2,-1,-1,1
1514893014362527,-1,-4,-1,-1,-1,0,-1,0
1514893014363530,-2,0,-1,-2,-1,0,0,-3
1514893014363530,1,0,-2,-2,-1,-1,-1,0
1514893014369532,0,-1,0,-1,-2,-1,-1,-2
1514893014369532,0,-3,-1,-1,0,-2,-1,0
1514893014370033,-2,2,0,-1,0,-1,-2,-1
1514893014370033,1,2,-1,-2,0,-2,-3,-1
1514893014400064,-2,-4,-4,-2,-2,0,0,-2
1514893014400064,0,-1,0,-1,-1,-3,-1,-1
1514893014401065,0,-1,-1,-2,0,-1,-1,-1
1514893014401065,0,-1,-1,-2,-2,0,0,-1
1514893014415076,0,0,1,-1,1,1,-1,-1
1514893014415076,-2,-2,-2,-1,-2,-1,1,-2
1514893014416075,-2,1,-1,-2,-3,-2,-2,-2
1514893014416075,-2,0,-1,5,3,-1,-2,-2
1514893014429575,-1,-3,0,-2,-1,-2,-3,-2
1514893014429575,1,-3,0,-2,0,-1,-2,0
1514893014430576,-1,-2,-1,-1,-1,-2,0,-2
1514893014430576,-1,0,-1,-1,-1,-2,0,0
1514893014452591,-1,-1,-1,-1,0,-2,1,0
1514893014452591,0,-3,-2,-2,0,0,-2,0
1514893014453596,-1,-1,-1,-3,-4,-2,-1,0
1514893014453596,-2,2,-1,-3,-4,0,0,-1
1514893014475108,-2,-4,0,1,1,1,0,-1
1514893014475108,0,1,0,1,-2,1,0,-1
1514893014476108,0,0,-5,-1,-1,-1,-2,0
1514893014476108,-2,0,6,-2,-2,-3,-2,0
1514893014489630,-1,-1,-1,0,0,-2,-3,0
1514893014489630,1,0,-1,-1,-1,-1,-1,-2
1514893014490117,-1,-2,-2,0,1,0,-2,0
1514893014490117,1,2,-4,-6,-4,0,-1,0
1514893014512649,-2,-4,-4,1,2,0,-1,0
1514893014512649,-2,-2,-2,0,-1,-1,0,-2
1514893014513634,-1,-1,-2,-2,-2,-1,-1,-1
1514893014513634,0,0,-1,-1,0,-2,0,0
1514893014535151,0,-4,-1,-5,-3,-2,-1,-2
1514893014535151,-1,-4,-4,0,-2,-1,0,0
1514893014536151,1,0,1,0,1,0,0,-3
1514893014536151,0,0,-2,-2,-3,-1,-1,-1
1514893014549677,-2,-1,-1,2,0,-2,-1,-2
1514893014549677,-3,-2,0,-1,-1,-2,-1,-1
1514893014550178,-1,1,1,-2,-1,-1,-2,0
1514893014550178,0,-1,-1,-1,-2,-1,0,-1
1514893014572676,0,-1,-1,1,-1,0,-2,0
1514893014572676,-1,-3,1,-1,-2,0,0,-2
1514893014574695,-1,0,0,-2,-3,0,0,-2
1514893014574695,-1,0,-2,0,0,1,-3,-2
1514893014595202,2,-2,-1,3,2,-1,0,1
1514893014595202,-2,-5,1,-1,-1,-2,0,-1
1514893014595692,0,1,-2,0,1,0,0,-2
1514893014595692,-2,-2,-4,-3,0,-1,-2,-2
1514893014610718,-1,0,-1,-5,-1,-1,-1,1
1514893014610718,-2,-2,-3,0,0,-1,-1,-2
1514893014612704,-3,0,1,1,0,-2,-2,0
1514893014612704,0,0,-2,0,-1,-1,-1,-1
1514893014632718,0,-1,-1,-3,-2,-2,1,-2
1514893014632718,1,0,1,-4,-3,-1,0,1
1514893014633219,-1,-2,-1,1,-1,-3,0,-3
1514893014633219,0,0,-1,0,0,-1,-1,-2
1514893014655234,-1,-4,-1,-4,-1,-2,0,0
1514893014655234,-2,-3,-2,-1,0,-1,-1,0
1514893014656235,1,1,-2,-1,0,0,-2,1
1514893014656235,0,0,-2,-2,0,-1,-1,-1
1514893014669244,-2,-1,-3,-1,-1,-2,-1,-2
1514893014669244,-1,-1,-2,-3,-2,-1,-2,0
1514893014670245,1,0,0,0,-2,1,-1,-1
1514893014670245,-1,0,0,-1,-2,-1,-2,-2
1514893014692771,-1,-2,-2,-2,-3,0,0,-1
1514893014692771,-2,-2,-1,1,-1,0,1,-2
1514893014694262,-1,0,-2,-3,-2,-2,-2,-2
1514893014694262,-1,-2,-4,-1,-2,-1,0,-1
1514893014715787,-1,-1,0,4,-1,-3,-1,-1
1514893014715787,0,-2,-1,-2,0,0,1,-1
1514893014716289,-1,-1,-1,-3,-3,-1,0,-1
1514893014716289,0,2,0,-2,1,0,0,1
1514893014729299,0,-1,1,-1,0,0,-2,-3
1514893014729299,-1,-2,0,2,-1,-2,0,-1
1514893014730287,-1,2,-3,-3,-1,0,0,-1
1514893014730287,-2,-1,-2,-1,-1,-2,0,0
1514893014752816,-1,0,1,0,-1,1,0,-1
1514893014752816,0,1,0,1,0,-1,-2,-1
1514893014753303,-2,0,-1,-2,-1,-2,-1,0
1514893014753303,-1,0,-1,-2,-2,-2,-1,-1
1514893014776320,-3,-3,-3,-1,0,1,1,-1
1514893014776320,-1,-2,0,-2,-1,-1,-1,-2
1514893014778325,-1,2,1,1,1,-2,-2,-1
1514893014778325,-1,-2,-4,0,-1,-2,-1,-2
1514893014789330,0,1,0,-2,-1,-3,-3,-2
1514893014789330,0,0,-1,-2,0,1,-1,0
1514893014790342,0,0,-1,-3,-2,0,-1,-1
1514893014790342,-1,-2,0,0,1,1,-1,1
1514893014813348,-1,-3,1,-1,-3,-1,-2,0
1514893014813348,-1,-2,0,-2,-1,-3,0,-1
1514893014814856,0,0,-2,-1,-1,-1,-1,0
1514893014814856,-2,-1,-1,3,-3,-1,-3,-2
1514893014834871,-1,-2,-2,-3,1,0,0,-1
1514893014834871,-3,-2,-3,-1,1,-1,-1,-2
1514893014835872,-1,-1,-1,-2,-1,-2,0,-3
1514893014835872,-1,2,0,-4,-2,-3,-1,-2
1514893014849387,0,-4,-1,2,1,0,-2,-2
1514893014849387,-1,-1,0,-1,-2,-2,-1,-1
1514893014850384,0,-1,0,0,-1,-2,1,-2
1514893014850384,1,0,-2,1,1,-1,-1,0
1514893014872388,0,0,-1,-3,-2,-3,-2,-3
1514893014872388,0,-2,1,-1,-1,-1,-2,-2
1514893014873389,-3,0,-2,-1,-3,-1,-2,1
1514893014873389,-2,-2,1,-3,0,-2,-1,0
1514893014894913,-3,-3,-2,-3,-1,0,0,0
1514893014894913,-1,-1,-4,0,-2,-3,0,-1
1514893014895914,0,1,1,-1,-1,-1,0,1
1514893014895914,-2,-1,-1,-2,-1,-1,-1,-2
1514893014909423,-1,-3,-2,1,0,-3,-1,0
1514893014909423,-2,-2,-2,1,-1,0,-2,0
1514893014910416,0,-1,-2,-2,-2,-1,-2,-1
1514893014910416,-1,0,-2,-4,-3,-1,0,0
1514893014932430,-2,-3,0,3,-1,-1,-2,-1
1514893014932430,-3,-3,0,1,0,1,1,0
1514893014933443,-1,-2,-2,1,0,-1,-1,-1
1514893014933443,0,1,1,-3,-1,-1,-1,-1
1514893014954946,-1,-1,-2,-4,-2,-1,-1,0
1514893014954946,0,2,-2,0,-1,-2,-1,0
1514893014955948,-1,1,0,0,0,-2,-1,0
1514893014955948,-2,-2,-4,1,0,-1,-2,-2
1514893014968971,0,-2,2,-1,-4,-1,2,-3
1514893014968971,0,-2,-1,-3,-2,-2,-2,-2
1514893014977962,0,0,-1,-1,-1,0,-1,-1
1514893014977962,-3,-2,-4,-1,-1,-2,-3,-2
1514893014999978,0,-3,-2,-1,-1,-1,0,-1
1514893014999978,-1,-3,0,0,-1,0,0,-2
1514893015001979,-1,-2,-1,-1,0,-1,-1,1
1514893015001979,0,-1,0,-2,-1,0,-2,-1
1514893015015491,-2,-1,-3,-1,0,0,-1,-1
1514893015015491,-1,-1,0,-2,0,-2,-2,-1
1514893015016990,0,3,-2,-2,-1,-1,-1,0
1514893015016990,-2,-2,0,-5,-3,-3,-1,-2
1514893015028998,-1,-2,-2,1,-1,-2,-1,1
1514893015028998,1,-2,-4,2,0,-1,-1,-1
1514893015038005,1,1,0,-2,-2,-1,-2,-1
1514893015038005,0,-1,1,-1,-2,-1,-1,-1
1514893015052014,-2,-1,-2,-5,0,0,0,-1
1514893015052014,-3,-1,0,-1,0,-1,1,0
1514893015060533,-1,0,-2,2,1,-1,-1,-2
1514893015060533,-1,-1,-2,-2,-2,-2,0,-1
1514893015091042,-1,-2,1,-2,-1,-2,-2,-3
1514893015091042,1,1,0,-1,-4,-2,-1,-1
1514893015092543,-1,-3,-2,2,1,-1,0,-1
1514893015092543,1,1,0,1,-1,-1,0,1
1514893015093045,-2,-2,-1,-1,-3,1,-1,-1
1514893015093045,-1,-1,0,-4,-3,-1,-1,-2
1514893015098050,-2,1,-2,-3,-2,-4,-1,-1
1514893015098050,-1,-1,0,2,0,-1,-3,-1
1514893015114560,-2,-3,-1,-1,1,-2,1,-1
1514893015114560,-1,1,-2,-1,0,1,0,0
1514893015118567,-1,-3,-1,-1,-2,-1,1,0
1514893015118567,0,-2,-2,0,1,-2,-2,-3
1514893015135073,-1,-1,-2,-3,-1,-2,-2,-1
1514893015135073,-3,-1,-2,5,0,0,0,-1
1514893015137074,-3,1,2,-2,-2,-1,-1,-1
1514893015137074,-2,-1,-2,0,0,-1,-1,-1
1514893015149585,-1,1,-2,-2,1,0,0,-2
1514893015149585,-1,-3,-3,-2,-1,-1,-3,0
1514893015157589,1,1,-1,0,-2,-2,-2,0
1514893015157589,-1,0,-1,-4,-2,1,0,0
1514893015173600,-2,-3,1,3,0,0,-2,-2
1514893015173600,-1,1,0,-3,-1,-2,-3,-1
1514893015175101,-1,-2,-3,-3,0,0,-1,-1
1514893015175101,-1,-4,0,-1,-2,-1,0,0
1514893015195128,-1,-1,-1,-4,-2,0,-1,-2
1514893015195128,1,1,0,2,1,0,0,0
1514893015197122,0,-1,-1,-2,-2,-1,-2,-2
1514893015197122,-2,0,-3,-2,-1,-1,0,0
1514893015209626,0,-3,-3,-2,-2,-2,0,-1
1514893015209626,-1,1,5,-1,-3,-1,1,-2
1514893015218633,-1,1,-2,-5,-2,-3,-2,-2
1514893015218633,0,0,-2,1,0,0,-2,-2
1514893015240148,-2,-1,-3,0,-2,-1,0,0
1514893015240148,-2,-3,0,0,0,-2,-1,0
1514893015241649,-2,-1,-2,0,-2,3,-1,-2
1514893015241649,-4,-2,-1,-4,-3,-3,-1,-1
1514893015255161,-1,-2,1,1,-1,-3,-1,0
1514893015255161,-2,-1,-2,-5,-1,0,1,0
1514893015256659,-2,-1,-3,1,1,-1,-1,-1
1514893015256659,-1,-1,-1,-1,-2,-1,0,0
1514893015268668,-1,-2,-1,-1,-2,-1,1,-1
1514893015268668,-1,-2,-9,0,0,-1,0,-2
1514893015277674,0,1,9,-1,-1,-1,0,0
1514893015277674,-2,-1,-3,2,1,-3,-1,-1
1514893015292684,-2,-3,-2,-1,0,-3,-1,-1
1514893015292684,0,1,-4,-2,0,-2,-2,-2
1514893015294189,-1,-1,-6,0,0,-1,-1,0
1514893015294189,1,-1,1,0,-1,0,-1,0
1514893015315214,1,-4,-2,-1,-1,0,-2,0
1514893015315214,0,1,-3,0,2,0,0,0
1514893015316702,1,1,2,-3,-3,-1,-1,-1
1514893015316702,0,-3,-9,-5,-1,-1,-2,0
1514893015338218,-1,-2,10,1,-1,-2,-1,-4
1514893015338218,-2,-2,0,0,1,-1,0,-2
1514893015339719,-1,0,-3,-2,-1,0,0,-2
1514893015339719,0,-1,0,0,-1,-1,-1,-1
1514893015352727,-2,-3,-7,-3,-2,-1,0,0
1514893015352727,-1,-1,3,-5,-2,-2,0,0
1514893015354228,0,0,-9,3,0,0,-1,0
1514893015354228,-2,-4,8,1,0,-3,-1,-2
1514893015375243,-2,0,-7,-1,0,0,-2,0
1514893015375243,-1,1,7,0,1,-2,-2,0
1514893015376744,0,0,-6,-5,-3,-2,-1,1
1514893015376744,0,-1,-3,-1,2,1,-1,-1
1514893015398263,0,-2,1,-3,-3,1,-2,2
1514893015398263,-1,-1,-7,0,-3,-1,-2,-1
1514893015399760,-3,0,10,1,-2,-2,-2,-1
1514893015399760,-2,-6,-9,-7,-5,-2,0,-1
1514893015412770,0,-3,-8,1,1,1,1,-1
1514893015412770,-1,1,8,-2,-4,-1,-1,-3
1514893015414273,-2,-1,6,0,-2,0,-3,0
1514893015414273,0,-2,0,-2,-3,-2,0,-1
1514893015435286,-2,1,-2,-1,-1,-2,0,0
1514893015435286,-1,-3,-12,-2,-1,0,0,-1
1514893015436793,-2,-1,-9,-8,-5,-2,-2,-1
1514893015436793,-2,0,16,9,8,3,0,-2
1514893015457801,-2,-5,1,4,3,2,0,-2
1514893015457801,0,1,-4,-2,0,-1,-1,0
1514893015459311,0,0,-2,-3,0,1,1,0
1514893015459311,1,-1,-2,-10,-4,-4,-2,0
1514893015472311,-1,-4,-4,-3,-4,-3,-2,-1
1514893015472311,-2,2,18,23,2,0,-1,-1
1514893015479817,-3,-3,-15,-15,1,-3,0,-1
1514893015479817,0,-1,-17,-3,-2,-1,-2,-1
1514893015495328,-1,0,15,-2,-1,-3,-1,-2
1514893015495328,-1,0,-3,-6,-5,-3,-3,-1
1514893015496829,-3,0,3,4,-1,-2,-2,-1
1514893015496829,-2,2,-9,6,4,0,1,-1
1514893015517343,-1,-3,13,-6,-5,0,-1,-2
1514893015517343,-1,1,-5,-4,1,-1,0,0
1514893015519345,-1,0,3,4,1,-1,-2,-1
1514893015519345,-2,-4,-15,-7,-1,0,-1,-2
1514893015531854,2,2,30,9,-5,-2,-2,-3
1514893015531854,0,1,-27,-7,-1,-1,0,1
1514893015538858,-1,-1,12,10,-1,-1,-1,0
1514893015538858,-2,-4,-21,-13,-2,-2,-2,0
1514893015554870,-1,-3,1,5,0,1,-1,1
1514893015554870,-2,-3,-3,4,0,0,1,-1
1514893015556872,2,4,0,-8,-1,-1,1,-2
1514893015556872,-1,-2,4,4,-4,0,-2,-1
1514893015578386,-2,-4,-26,-6,1,-1,-1,-2
1514893015578386,0,-1,11,-9,-3,-2,0,-3
1514893015579887,-2,1,-3,-3,-3,1,-1,-2
1514893015579887,-1,0,15,4,-2,-1,-2,-1
1514893015591896,-1,-5,-14,-2,4,0,0,-1
1514893015591896,-1,-2,-15,7,5,2,-1,0
1514893015599401,-1,0,23,19,-4,-3,0,0
1514893015599401,-1,1,11,-19,0,-1,1,0
1514893015615936,-1,0,-13,-2,-2,-3,-1,-1
1514893015615936,-2,-3,-3,6,2,0,0,-2
1514893015618415,2,-2,-10,-5,-1,-1,-1,-1
1514893015618415,-2,-3,-2,5,-3,-3,-2,-3
1514893015637428,-1,-3,11,0,-3,-3,0,-1
1514893015637428,-2,1,14,-9,-6,-2,-2,-2
1514893015638930,-2,-2,-23,-3,7,0,-1,1
1514893015638930,-1,-2,-1,1,-5,0,3,1
1514893015651451,-2,-2,-15,-9,-5,-1,-3,-6
1514893015651451,-1,4,15,-3,-5,-1,-1,-5
1514893015660445,-1,2,-16,28,16,3,-2,-5
1514893015660445,1,3,17,49,-8,-5,-1,1
1514893015674955,-4,-9,-50,-57,12,4,7,12
1514893015674955,-1,0,34,-19,-13,-2,-4,-10
1514893015676956,0,-1,3,-14,3,-1,-5,-4
1514893015676956,-3,-7,1,10,10,2,-2,-4
1514893015697506,1,2,-10,40,-10,-3,-2,-2
1514893015697506,2,1,22,-24,0,-1,3,6
1514893015699508,0,1,12,-22,-10,-3,-2,0
1514893015699508,-2,1,30,1,-7,-3,-2,-2
1514893015712527,-1,4,6,10,3,2,1,-1
1514893015712527,-3,-6,-40,8,-2,-2,-3,2
1514893015719029,-6,-5,-23,-12,3,2,0,0
1514893015719029,-1,-4,-10,-11,2,0,0,-1
1514893015735031,-4,-2,2,4,-3,0,-2,-1
1514893015735031,0,3,-15,7,0,-1,-3,1
1514893015737032,2,7,62,4,-10,-3,1,-1
1514893015737032,0,-11,-86,-10,-4,-3,-2,0
1514893015757548,-2,-4,27,-12,-3,-2,-4,-3
1514893015757548,2,3,22,18,-6,-3,-2,-1
1514893015759049,1,3,17,-3,1,-3,-10,3
1514893015759049,-3,-4,-16,-14,8,5,14,2
1514893015771066,1,1,41,-1,-9,-5,-6,-4
1514893015771066,-2,-4,-56,-9,7,2,0,2
1514893015780062,-1,4,32,5,-8,-6,-7,-4
1514893015780062,0,-4,26,-6,-4,2,7,1
1514893015795073,-1,-4,-3,0,-1,0,0,-2
1514893015795073,-5,-2,23,0,-8,-3,0,-1
1514893015796574,4,4,-45,2,6,0,-6,-1
1514893015796574,-5,-6,5,-8,6,-2,-6,-3
1514893015818590,-2,-3,1,-4,-10,-4,-1,-4
1514893015818590,-6,-3,-66,-11,6,-1,-10,-6
1514893015821093,-3,1,-22,0,-4,2,6,-1
1514893015821093,8,3,-2,4,-6,-2,-4,3
1514893015840105,2,-4,5,10,7,1,0,-3
1514893015840105,-8,0,49,7,1,-2,-1,0
1514893015841606,-7,-11,-58,-4,-9,-5,5,-1
1514893015841606,1,6,49,-8,2,-2,-13,0
1514893015855126,-4,-6,-10,-4,-1,-5,-12,1
1514893015855126,3,3,-10,5,-1,3,23,4
1514893015856632,0,1,-12,1,3,3,9,1
1514893015856632,-4,-4,4,-8,-5,-3,-2,-2
1514893015877647,0,4,-36,-2,-1,-6,-17,-6
1514893015877647,5,7,2,4,2,7,17,4
1514893015879145,2,-2,31,-20,-3,-1,7,1
1514893015879145,-12,-5,61,49,10,5,4,-2
1514893015891641,-2,-8,-73,-21,-1,-2,-5,-3
1514893015891641,-3,1,66,4,3,-2,-12,-3
1514893015900648,-2,-2,-16,3,-5,-5,-1,-3
1514893015900648,2,-2,10,-23,-4,-3,-8,-3
1514893015916161,4,-2,20,-4,2,3,10,1
1514893015916161,-3,1,-73,-1,-1,-6,-16,-3
1514893015918161,2,1,56,-15,-7,4,14,5
1514893015918161,-4,-1,10,13,-3,-4,-10,-4
1514893015937684,-5,1,-8,-1,-3,-1,6,-2
1514893015937684,9,2,2,4,0,-4,-7,-4
1514893015939185,13,4,0,8,2,8,10,3
1514893015939185,3,-2,-40,-15,-8,3,16,-1
1514893015951184,-1,-3,23,3,-2,-2,-7,-2
1514893015951184,-2,10,22,2,-3,3,-3,1
1514893015960189,-13,-13,12,5,1,-5,-13,-7
1514893015960189,10,-2,-28,-8,-2,1,9,4
1514893015976201,-2,-9,-9,-7,2,-2,-3,-4
1514893015976201,-2,2,46,-3,-3,-1,4,0
1514893015978703,2,5,-35,8,10,-1,-7,-1
1514893015978703,1,5,3,-20,2,2,-2,1
1514893015997716,4,-6,-21,26,3,2,5,3
1514893015997716,-6,-2,19,-22,5,-1,-4,-5
1514893015999218,0,2,-49,-15,-14,-5,-8,-3
1514893015999218,-1,-4,38,14,-4,-4,-3,-4
1514893016011226,-2,2,0,6,5,1,6,1
1514893016011226,4,2,-2,-3,0,3,10,7
1514893016020734,-8,-10,-19,15,4,-1,-12,-6
1514893016020734,4,2,-22,-18,-3,-6,-6,5
1514893016035244,-1,-5,44,-12,-10,-1,-12,-5
1514893016035244,1,-3,-56,-8,-4,4,28,13
1514893016036745,-7,4,35,7,-1,-9,-11,-17
1514893016036745,-2,-1,68,-1,7,6,4,6
1514893016057759,4,-3,-49,-1,-11,0,15,17
1514893016057759,3,5,0,23,-9,-6,-20,-15
1514893016059261,-11,-8,-15,-33,3,-1,-12,-8
1514893016059261,-2,3,-19,0,8,1,1,-3
1514893016071268,-10,-4,51,51,-9,-6,-4,-11
1514893016071268,1,4,23,-39,22,3,-3,0
1514893016082280,2,-10,-61,5,-17,-2,9,2
1514893016082280,5,8,-1,9,9,-2,-10,0
1514893016095286,-17,-4,32,-15,-3,-1,0,3
1514893016095286,-12,-14,45,-14,-9,-4,-8,-2
1514893016096787,11,9,43,18,4,3,10,3
1514893016096787,-13,-3,-13,-18,-4,0,-1,-10
1514893016118305,11,-8,-15,15,-5,0,2,0
1514893016118305,11,8,46,15,-3,-5,-5,3
1514893016119306,-8,-1,16,-32,-4,-1,-4,-1
1514893016119306,1,-4,-11,45,3,0,-5,12
1514893016132313,4,-3,-39,-28,1,6,33,2
1514893016132313,-5,-11,-31,-3,-13,-7,-3,-11
1514893016140320,-1,11,59,14,15,0,-10,-9
1514893016140320,-7,-8,-115,-37,-20,-11,-19,-20
1514893016170339,-9,3,22,19,7,-4,-14,6
1514893016170339,-2,-4,-15,-11,8,9,5,-8
1514893016171840,6,3,3,-2,-12,-2,1,12
1514893016171840,2,-1,-26,1,11,1,14,-3
1514893016177847,4,3,-36,-7,-2,-2,-2,3
1514893016177847,-15,1,42,-3,-33,-9,-11,-10
1514893016179349,2,9,-14,47,33,8,3,0
1514893016179349,-7,-13,-27,-35,-33,-9,-3,-4
1514893016200361,9,-9,-7,6,54,13,5,4
1514893016200361,-8,-11,-12,14,-22,-9,-4,3
1514893016201863,-2,-5,16,15,0,0,0,-4
1514893016201863,7,6,32,15,-1,3,10,10
1514893016215872,1,2,30,-4,-11,-1,5,4
1514893016215872,3,1,-76,-62,8,-1,-7,-6
1514893016216874,4,15,47,44,-4,-6,-2,7
1514893016216874,-11,-28,-5,5,-2,-4,-2,-5
1514893016237888,-9,4,-10,-33,3,-3,-16,-31
1514893016237888,12,5,22,58,14,-2,-22,-3
1514893016239890,8,6,-68,-40,-14,3,24,18
1514893016239890,-1,-2,-28,-1,-3,-4,-11,-3
1514893016259902,-5,-4,-10,6,-16,-5,5,8
1514893016259902,-5,-11,8,-9,2,1,12,9
1514893016261903,-5,-4,-17,19,6,0,-5,-13
1514893016261903,5,5,41,5,-4,1,6,7
1514893016275412,-8,-10,-37,-47,-13,-1,-4,-8
1514893016275412,11,23,-44,45,25,7,-2,-6
1514893016282918,-8,-24,-94,-58,-20,-5,1,4
1514893016282918,-10,-7,25,13,8,3,-2,-2
1514893016297928,6,17,32,50,13,1,-7,-6
1514893016297928,-7,-7,-2,7,-6,0,9,4
1514893016300432,-3,6,71,-8,3,1,3,4
1514893016300432,3,-4,-32,-54,-4,-3,3,9
1514893016320447,10,3,83,-2,-13,-2,-6,-5
1514893016320447,-5,-2,-4,-1,-6,-6,-20,-15
1514893016321947,-12,-5,39,38,-10,-4,-9,-14
1514893016321947,-16,-14,-67,-51,34,8,-1,8
1514893016335457,5,2,-22,0,-11,0,16,-4
1514893016335457,-3,-3,58,19,-5,-5,-3,15
1514893016336958,3,8,-17,-17,7,-4,-4,13
1514893016336958,-2,-4,15,13,-9,6,27,-14
1514893016357472,-7,2,12,26,10,0,-32,-11
1514893016357472,6,4,-6,-15,-7,2,10,8
1514893016359472,-3,-3,-46,-22,-18,-9,-7,-14
1514893016359472,-3,-2,85,23,9,3,-2,-1
1514893016379987,-11,-12,-2,-5,7,6,13,15
1514893016379987,7,3,14,21,-17,-5,16,7
1514893016381487,7,14,5,-12,17,3,-10,-7
1514893016381487,4,-7,-38,5,-2,-7,-26,-2
1514893016394497,-7,-1,73,-20,-26,-4,9,-9
1514893016394497,5,4,-38,33,12,-3,10,13
1514893016401503,-10,-13,61,-54,-6,2,9,2
1514893016401503,16,20,-11,36,7,-5,-11,-6
1514893016417518,0,-25,-41,-53,-14,-3,-5,10
1514893016417518,-25,-31,-31,-14,-11,-1,0,0
1514893016419514,8,10,-23,7,-4,-4,-7,-4
1514893016419514,6,-4,57,-5,-14,-6,-1,-6
1514893016441034,-7,7,44,14,24,6,1,2
1514893016441034,3,3,-24,-18,1,0,-7,-9
1514893016447535,-6,6,69,-13,-27,-9,-16,8
1514893016447535,9,3,23,-1,5,11,32,-10
1514893016454539,12,9,-20,60,11,-5,11,32
1514893016454539,6,4,-15,-18,31,11,-2,-25
1514893016461045,-3,-1,65,38,-7,-5,6,6
1514893016461045,-8,2,-24,-12,-11,-8,-20,1
1514893016477555,-10,-9,-12,5,3,-1,-17,-24
1514893016477555,19,11,79,-5,-5,-3,-5,6
1514893016479557,6,1,-120,-11,-5,2,5,6
1514893016479557,-7,7,66,-3,-8,2,10,3
1514893016500572,-1,-8,-36,-10,4,-4,-22,-25
1514893016500572,0,-5,17,15,-14,-5,5,11
1514893016515583,15,9,-12,-13,16,3,8,8
1514893016515583,-1,1,-55,-27,-24,-11,-26,22
1514893016516083,-2,8,39,13,-3,2,16,-11
1514893016516083,-19,-5,1,-5,3,-1,-12,-21
1514893016522087,-13,-2,-2,18,-10,-5,1,-15
1514893016522087,17,12,-18,-9,37,13,17,31
1514893016537598,-8,-2,58,-18,-16,-8,-4,-17
1514893016537598,3,-10,-65,-46,7,5,-5,9
1514893016539100,-10,0,49,47,13,2,-9,-7
1514893016539100,7,0,6,23,-18,-3,-6,8
1514893016560132,10,14,-15,1,-1,2,14,-8
1514893016560132,-5,-6,41,-8,2,1,10,3
1514893016561632,-16,-21,-47,-4,10,1,-16,-1
1514893016561632,11,-1,53,81,-19,-8,4,-20
1514893016574639,-10,-16,-108,-100,24,5,-4,9
1514893016574639,4,16,27,36,-3,-4,10,18
1514893016588644,-8,-9,21,-38,-7,4,5,-19
1514893016588644,-9,-20,-53,-12,3,0,-4,-13
1514893016597645,0,8,18,12,-10,-6,-11,2
1514893016597645,3,3,-41,-3,-5,-3,-8,-4
1514893016599644,16,1,42,-9,7,-3,15,19
1514893016599644,-19,-13,32,3,3,-4,-13,-27
1514893016620158,9,3,-18,-30,-20,0,1,9
1514893016620158,-16,-5,68,30,6,-1,2,5
1514893016622659,14,4,5,-10,-12,-1,1,-3
1514893016622659,-4,-9,-60,-16,1,-2,-9,-9
1514893016634178,1,-11,54,6,2,-6,-8,11
1514893016634178,3,6,-55,-24,-8,1,2,6
1514893016641181,-7,-8,15,5,-7,-4,-2,-16
1514893016641181,1,8,32,-35,-5,-2,-1,-16
1514893016657692,-2,4,17,29,5,2,-3,4
1514893016657692,-4,-10,-67,-13,-9,-2,-3,-2
1514893016660186,-9,-3,-23,6,6,-3,-6,-3
1514893016660186,-9,-2,-59,-16,-11,-2,7,3
1514893016680699,1,-3,34,25,-9,-5,1,-3
1514893016680699,4,1,53,-37,5,0,-2,9
1514893016682200,5,12,4,26,5,1,8,8
1514893016682200,-9,-16,-30,0,-7,-4,-5,-8
1514893016694227,8,-4,-6,13,6,5,8,8
1514893016694227,-2,-13,-50,11,-7,-5,-13,-6
1514893016701213,7,12,8,-15,-13,-2,-4,3
1514893016701213,2,23,-33,-10,24,7,1,2
1514893016725731,-20,-21,42,18,-7,-7,-3,2
1514893016725731,-5,-9,5,-34,-27,-8,2,-11
1514893016727233,5,6,-20,18,33,9,-4,-3
1514893016727233,-1,-8,77,17,9,-1,-3,-2
1514893016740251,-9,3,-70,0,-2,1,11,12
1514893016740251,7,14,-4,-8,-12,-5,8,11
1514893016741752,-9,-5,7,-16,-19,-7,-20,-16
1514893016741752,7,-20,-66,17,14,2,-8,-13
1514893016753754,5,12,28,-18,7,-3,-2,0
1514893016753754,-8,4,16,11,13,3,-6,0
1514893016762767,-20,-19,-23,-13,-23,-7,3,-7
1514893016762767,10,30,37,28,-13,-4,2,7
1514893016777767,1,-22,-62,-32,14,6,1,-3
1514893016777767,-7,13,40,19,4,-1,-9,-7
1514893016779269,6,-2,-41,-19,13,7,8,2
1514893016779269,7,4,63,-6,-11,-2,1,-5
1514893016801284,-2,-5,-17,9,-16,-3,-2,5
1514893016801284,-4,4,-23,4,16,-2,-4,-12
1514893016804787,11,20,32,-3,-11,-5,-6,5
1514893016804787,-19,-35,-1,-7,-5,-3,7,-2
1514893016813793,1,8,-17,-5,-11,-1,7,9
1514893016813793,2,15,36,24,20,5,7,0
1514893016822799,-6,-9,93,46,-22,-8,-4,-16
1514893016822799,3,-3,-42,-82,23,5,-12,0
1514893016837810,8,-1,-54,48,7,-2,9,9
1514893016837810,-12,-16,42,-37,-6,0,1,-7
1514893016839325,5,9,64,18,9,0,-19,-4
1514893016839325,-1,-15,-73,-45,-16,-5,2,7
1514893016867837,1,14,60,2,-14,-7,-17,-8
1514893016867837,9,2,8,-15,0,2,-1,3
1514893016869338,-3,-2,-42,11,9,5,19,7
1514893016869338,-9,14,46,27,-12,-5,2,0
1514893016873845,16,10,-12,-18,11,5,10,22
1514893016873845,-2,-8,-40,1,-26,-5,-1,7
1514893016882846,-10,-12,-36,-17,22,4,-6,-15
1514893016882846,-2,-4,62,25,-6,-5,-3,-7
1514893016897873,-6,-5,-49,-10,4,5,9,-5
1514893016897873,6,20,21,8,-12,-8,-10,-9
1514893016899353,-12,-10,-60,-20,-6,-2,-6,6
1514893016899353,-9,2,-37,3,11,2,15,8
1514893016919877,-1,-10,28,-23,-11,-5,-17,-17
1514893016919877,-15,-14,2,51,13,2,15,39
1514893016921869,17,9,-53,-21,-9,2,2,-40
1514893016921869,-3,1,21,6,-2,-4,-13,6
1514893016933887,-8,1,-14,-20,-8,-1,0,-6
1514893016933887,2,3,33,44,7,0,-4,-8
1514893016942894,1,-5,43,4,10,7,10,25
1514893016942894,-2,10,56,-12,4,-2,-12,-7
1514893016957404,2,0,62,3,-2,5,23,2
1514893016957404,17,4,3,-27,-7,-4,-2,1
1514893016959406,-8,-13,46,-3,-8,-10,-7,2
1514893016959406,18,8,-4,-3,-9,1,2,-5
1514893016979920,-11,-9,38,20,6,-6,-27,-8
1514893016979920,-7,7,-64,-11,-3,3,17,15
1514893016981914,0,-6,-42,-16,6,-3,-9,-30
1514893016981914,0,5,-4,9,-10,-4,-8,-5
1514893017002426,11,10,18,24,8,4,0,2
1514893017002426,-11,-21,-66,-27,-8,-5,-8,-15
1514893017004428,1,6,1,-18,6,1,8,19
1514893017004428,-5,2,-2,30,-2,1,7,7
1514893017017937,-15,-10,63,36,19,0,-9,-17
1514893017017937,12,12,72,-40,-17,-7,-2,0
1514893017018939,13,2,-70,11,12,6,11,11
1514893017018939,-10,-6,37,-49,-11,0,-18,-10
1514893017039953,-8,-12,-27,3,-5,-6,-3,-2
1514893017039953,-2,-1,5,26,4,-2,-9,-18
1514893017041454,-10,-9,7,5,-9,-6,-10,-2
1514893017041454,-9,10,11,33,-12,0,27,38
1514893017053962,-5,-12,-48,-14,-19,-6,-11,-38
1514893017053962,-10,2,-41,-27,30,10,-8,-2
1514893017063470,3,-6,73,-3,-17,-5,-10,-16
1514893017063470,-4,-19,-36,2,7,-2,11,-9
1514893017077479,-7,12,30,10,-12,-5,-3,11
1514893017077479,18,-4,56,-14,-11,1,13,-4
1514893017078980,-6,0,-73,10,-9,-10,-11,19
1514893017078980,-1,-7,47,-5,1,2,-11,-5
1514893017099995,6,9,-28,2,7,4,13,21
1514893017099995,-9,-4,-31,-19,-12,-6,-11,-26
1514893017101516,7,-1,53,22,8,1,-1,5
1514893017101516,0,-6,28,19,-8,-2,0,-10
1514893017113506,3,-6,-92,-79,4,0,-10,11
1514893017113506,-14,11,-6,40,8,-1,-2,-17
1514893017122512,2,3,37,-20,-19,-8,-5,0
1514893017122512,-3,1,-8,61,-9,-4,9,-4
1514893017137522,-1,-11,13,-26,30,15,4,-8
1514893017137522,16,13,24,-21,-19,-10,-23,0
1514893017139023,-14,-25,-66,-10,-10,-1,16,0
1514893017139023,-1,-9,-65,-24,16,8,2,-2
1514893017160038,-9,6,61,9,-35,-15,-6,-1
1514893017160038,14,6,9,5,26,7,7,3
1514893017161556,7,18,-10,7,-9,-3,-2,3
1514893017161556,-6,-38,-14,-49,-15,-14,-12,2
1514893017182553,-2,20,-3,16,18,4,11,11
1514893017182553,5,-24,53,-4,-7,-2,-3,-22
1514893017184056,9,-2,3,19,18,2,-1,9
1514893017184056,5,12,-77,-20,-8,-5,-16,-2
1514893017197565,8,3,1,25,-3,2,13,4
1514893017197565,-13,-4,30,14,-9,-5,-1,3
1514893017199067,-1,-3,-28,-10,8,4,3,4
1514893017199067,-2,8,23,-23,1,2,3,-6
1514893017220090,-4,-1,30,16,-21,-11,-3,18
1514893017220090,6,21,-52,19,31,16,8,-13
1514893017221591,1,-15,-23,-21,-7,-7,-7,-2
1514893017221591,-7,-1,18,13,7,2,-5,2
1514893017250101,-6,-10,-34,-5,-3,-4,-15,-23
1514893017250101,3,2,0,-3,-18,-8,2,13
1514893017251602,-3,7,39,-3,-6,-1,12,20
1514893017251602,-4,0,-25,35,37,8,4,-25
1514893017257606,6,0,24,-6,-10,-4,-17,-12
1514893017257606,-12,-3,-51,6,15,5,2,2
1514893017260108,2,5,-60,-6,-10,-1,5,-1
1514893017260108,-1,-15,25,-7,-13,-8,-2,15
1514893017280636,0,12,19,-8,3,1,8,-4
1514893017280636,-1,-6,-51,-3,-3,1,-1,5
1514893017282141,-11,-9,29,-7,1,-2,-7,1
1514893017282141,-1,-2,11,25,4,1,3,9
1514893017303140,6,3,26,-4,-43,-14,-18,-17
1514893017303140,-12,-11,-57,-53,34,10,26,17
1514893017305141,-15,8,42,14,14,3,0,-18
1514893017305141,-4,-14,13,-16,-25,-10,-24,-25
1514893017317649,13,10,6,36,19,2,0,9
1514893017317649,-9,-19,-4,-19,-32,-11,-6,0
1514893017319150,4,-2,-16,-2,-10,1,3,4
1514893017319150,-8,4,-15,-10,25,5,2,1
1514893017340165,-3,-11,-50,-17,5,-7,-3,0
1514893017340165,3,5,-11,11,-6,1,0,0
1514893017341666,-8,18,64,25,-6,-6,5,2
1514893017341666,0,-19,-70,-47,-9,1,9,5
1514893017362695,1,-11,-47,-2,1,-2,0,3
1514893017362695,-7,-14,-53,10,8,0,-2,18
1514893017364191,-4,-2,6,-18,-27,-6,-3,-8
1514893017364191,11,16,95,28,4,0,1,-12
1514893017377192,-10,-10,-12,-18,9,1,-22,-25
1514893017377192,5,7,8,26,-7,-1,-1,-2
1514893017383696,9,-7,-83,-3,0,0,0,5
1514893017383696,5,19,37,-26,3,-2,7,13
1514893017400207,-1,-8,-77,-23,-15,-7,5,6
1514893017400207,5,8,54,27,3,0,-11,-13
1514893017401708,-10,-15,-15,-7,14,3,3,0
1514893017401708,9,-2,17,7,-5,2,5,3
1514893017422723,2,18,61,9,16,5,2,-2
1514893017422723,-3,-2,-75,-25,-34,-13,-5,-2
1514893017424224,-2,-5,15,25,22,4,7,8
1514893017424224,-8,-9,29,21,-3,-1,-9,-1
1514893017436733,-1,32,-6,14,-6,-4,-10,-21
1514893017436733,8,-3,19,-22,-10,-4,-7,0
1514893017443738,-7,-16,10,-18,16,1,0,6
1514893017443738,-2,5,-41,-34,-15,-5,-5,-4
1514893017460249,13,6,-8,1,4,6,13,22
1514893017460249,1,15,73,19,-2,-5,-1,-2
1514893017461750,-11,-24,-82,3,9,1,-30,-18
1514893017461750,7,17,25,19,8,8,37,11
1514893017482767,2,-5,20,37,-22,-8,-11,-2
1514893017482767,-6,5,13,-33,27,6,-2,-6
1514893017484267,13,16,-15,18,-32,-10,9,17
1514893017484267,-1,-3,-65,-45,33,6,-23,-20
1514893017496775,-4,-10,2,5,17,9,12,4
1514893017496775,-3,-20,25,12,-17,-6,0,4
1514893017503780,1,13,58,-19,-4,-6,-9,-6
1514893017503780,3,-3,-3,17,2,-2,-3,-5
1514893017520792,-11,-21,-64,-15,0,-3,8,-3
1514893017520792,-4,12,20,3,2,4,0,8
1514893017524295,6,-6,-22,-21,-7,0,2,-6
1514893017524295,11,20,40,43,-2,1,6,4
1514893017542815,-6,-16,-69,7,0,1,1,6
1514893017542815,0,7,-11,-35,-3,-7,-13,4
1514893017545810,-6,1,59,-6,13,1,4,-28
1514893017545810,-12,-17,-33,34,-10,-1,-4,0
1514893017557318,16,8,30,6,8,4,8,10
1514893017557318,9,6,-5,-7,8,2,7,13
1514893017563825,16,39,87,2,-5,-4,-12,-7
1514893017563825,-3,-41,-62,-28,-10,-9,-10,-4
1514893017579834,-16,6,25,4,-6,-4,-1,-8
1514893017579834,-6,-17,-47,1,-15,-2,1,-6
1514893017581836,7,8,75,27,20,13,16,20
1514893017581836,-4,8,13,-2,-3,-5,-1,14
1514893017602351,15,-2,22,3,0,-1,-5,-23
1514893017602351,-16,8,31,-41,-36,-10,-4,-10
1514893017604353,5,-3,-36,23,71,15,-3,2
1514893017604353,-7,-17,-10,-15,-22,-7,0,5
1514893017617861,-1,15,-50,-14,-17,-6,-3,4
1514893017617861,8,8,53,6,23,6,4,-5
1514893017623865,-9,-5,-43,3,-13,-3,2,0
1514893017623865,-7,-5,62,-8,-11,-4,-2,-1
1514893017639877,-7,6,51,-16,7,2,-2,-4
1514893017639877,8,-4,-28,36,5,2,0,-7
1514893017641878,-5,-2,26,7,-21,-3,1,-11
1514893017641878,7,-7,-59,-33,12,1,-3,2
1514893017662405,-20,-5,17,-14,-28,-7,-2,2
1514893017662405,-9,-4,34,10,21,-1,-3,15
1514893017665397,15,-14,-36,8,-2,2,8,-7
1514893017665397,-21,10,18,7,-12,-3,7,-13
1514893017676421,-6,-7,34,9,10,0,-9,2
1514893017676421,0,3,-24,-27,-5,-4,-1,-5
1514893017685408,-4,-4,-53,-34,-17,-6,-13,6
1514893017685408,-9,-11,-8,41,5,-1,2,-5
1514893017699944,1,-4,53,-10,-2,-4,-1,-2
1514893017699944,2,10,-29,39,-9,-5,2,3
1514893017701942,0,-16,-32,-36,6,1,-2,-1
1514893017701942,15,17,-15,-44,-10,-4,1,3
1514893017721456,-19,-25,49,56,20,6,5,17
1514893017721456,3,-2,-29,-9,-4,0,-3,-28
1514893017730462,-11,-8,7,-7,-29,-9,-5,8
1514893017730462,9,9,10,9,19,7,-3,-14
1514893017744973,-5,-15,-61,-38,4,2,-4,-13
1514893017744973,-8,-7,-43,43,-12,-5,-1,3
1514893017746474,2,-23,-26,-51,12,3,9,14
1514893017746474,-2,6,61,45,1,1,1,10
1514893017759983,15,7,-45,-31,-5,-1,0,2
1514893017759983,3,7,12,7,4,2,0,-5
1514893017761486,-9,-11,69,26,-24,-14,-5,-7
1514893017761486,-3,7,22,9,18,4,-15,-3
1514893017790004,6,17,40,9,3,3,8,4
1514893017790004,0,-7,-23,-34,-9,-6,-10,-15
1514893017791506,7,13,66,22,-4,4,10,9
1514893017791506,-9,-4,-71,10,7,2,6,2
1514893017805022,2,-2,43,-5,-15,-6,-16,-21
1514893017805022,-5,-14,-42,-32,11,4,5,6
1514893017806516,-10,-24,-12,-4,-11,-7,-9,-14
1514893017806516,7,18,53,42,-17,1,9,9
1514893017820041,3,-10,-82,-36,18,1,5,12
1514893017820041,-3,7,76,24,0,5,-2,-2
1514893017821537,-6,-22,-47,-36,-8,1,-3,-9
1514893017821537,2,14,-3,-26,-7,-10,-10,22
1514893017842541,-21,-9,-68,5,-37,-12,21,-18
1514893017842541,34,14,81,24,16,2,-3,3
1514893017844043,-1,10,-78,18,26,9,3,8
1514893017844043,-3,-41,14,-11,-12,-7,-2,-5
1514893017856052,-23,12,51,9,6,3,6,7
1514893017856052,13,12,45,34,-26,-9,-7,-3
1514893017866059,-2,2,-81,-40,13,4,-6,-8
1514893017866059,9,1,23,11,-5,-3,5,2
1514893017880078,9,6,-56,4,8,0,-8,5
1514893017880078,-8,-8,-9,-12,8,1,11,7
1514893017883571,2,13,45,12,-37,-19,-45,-27
1514893017883571,-14,-5,-27,6,33,18,4,-4
1514893017902585,5,-4,69,3,5,2,-1,-7
1514893017902585,-13,-6,-50,-36,-25,-2,0,-2
1514893017904085,2,-7,16,2,7,0,17,10
1514893017904085,3,17,20,0,0,1,3,1
1514893017916595,-4,-12,-12,17,-5,-7,-13,-1
1514893017916595,2,-2,-21,-18,1,0,2,1
1514893017926602,-16,-6,9,-3,-3,-3,-5,-8
1514893017926602,-4,-10,40,55,5,-3,1,-1
1514893017940112,10,10,-30,-50,-12,-3,-2,-6
1514893017940112,-13,-1,9,-12,-3,-8,-11,-10
1514893017941613,16,-1,7,14,31,14,7,8
1514893017941613,-12,-16,-20,-32,-5,2,8,24
1514893017962628,1,6,3,38,-8,-4,-10,-23
1514893017962628,-6,-12,-30,-3,0,-4,-5,-7
1514893017964129,-9,4,33,-13,-12,-3,2,-7
1514893017964129,9,8,4,2,0,-7,-6,6
1514893017976138,5,2,-3,-12,9,1,7,9
1514893017976138,-3,-4,21,2,4,4,6,1
1514893017985159,2,-10,20,20,-1,4,12,6
1514893017985159,-4,3,-21,-46,-27,-8,-8,-16
1514893018000153,-9,3,-38,11,7,2,-2,0
1514893018000153,4,2,73,62,12,1,-2,0
1514893018002655,-1,10,-4,-9,0,2,-2,-14
1514893018002655,1,-5,-38,-28,-16,-4,-2,-9
1514893018022669,1,37,19,25,22,10,10,10
1514893018022669,9,-47,-78,-62,-20,-8,1,8
1514893018024170,-6,-4,22,33,19,1,-3,5
1514893018024170,10,18,9,-32,-23,-6,1,-19
1514893018036178,-1,-8,-4,28,6,-2,-5,5
1514893018036178,-17,-11,7,-13,0,1,1,2
1514893018045186,-5,0,20,-15,-7,-7,-2,-2
1514893018045186,-1,-8,-111,-18,5,0,-5,-5
1514893018060196,3,6,73,1,-9,-3,-7,-2
1514893018060196,8,-1,-33,22,10,3,0,-1
1514893018061697,-3,2,13,-24,-8,-5,3,0
1514893018061697,2,0,-13,23,4,0,5,11
1514893018083230,-7,-2,-11,-22,-7,0,-5,-6
1514893018083230,-4,-12,-30,16,4,-4,-5,-4
1514893018086725,15,8,-13,15,-6,1,3,10
1514893018086725,-6,8,-14,-15,10,2,-2,-5
1514893018105228,0,-16,35,-10,-16,-10,4,16
1514893018105228,-6,3,-15,-9,1,2,0,-18
1514893018106730,-3,-9,-14,35,-4,-2,-8,-10
1514893018106730,-1,22,18,-13,1,0,-1,-3
1514893018120239,7,15,55,14,4,-2,-5,-8
1514893018120239,10,2,-54,-19,-9,-2,-5,9
1514893018121740,-6,-8,33,43,4,7,13,0
1514893018121740,9,3,48,-7,-5,-3,-8,-3
1514893018142754,-9,-8,-67,-24,13,1,-1,4
1514893018142754,1,12,18,25,0,2,4,-1
1514893018144255,-15,-27,15,-13,-39,-16,-5,-4
1514893018144255,10,21,-25,-19,33,8,-5,-6
1514893018165271,2,-1,-10,-1,-3,2,8,4
1514893018165271,-13,-3,66,-17,-9,-3,-12,-7
1514893018166774,-6,-13,-42,29,10,1,-1,15
1514893018166774,5,1,53,-22,-8,-4,-4,-18
1514893018180281,6,11,-22,-10,-18,-7,-11,-4
1514893018180281,7,3,17,41,26,7,4,2
1514893018187285,-17,-16,-71,-66,-19,-5,-2,-1
1514893018187285,3,5,22,37,2,-1,2,4
1514893018203308,6,11,28,24,-7,-3,-1,4
1514893018203308,-2,-5,-6,-28,2,3,7,1
1514893018205798,-1,0,32,19,4,-2,-8,-16
1514893018205798,-7,-14,-74,18,9,1,-4,8
1514893018225812,2,0,-21,-27,-2,2,-1,-5
1514893018225812,-5,-2,4,49,-4,-2,1,3
1514893018231316,-13,-16,17,-77,-6,-3,-1,-4
1514893018231316,8,11,19,9,-2,-2,9,18
1514893018240322,13,13,7,-3,0,3,-11,-30
1514893018240322,-12,-19,-36,-19,8,-2,-2,2
1514893018253845,9,6,-4,14,-7,-5,-4,-5
1514893018253845,-18,-19,-70,36,-9,-6,-4,1
1514893018262351,3,-3,17,-23,3,4,9,16
1514893018262351,0,-4,0,-6,-1,1,1,-6
1514893018264357,8,7,6,5,5,0,1,15
1514893018264357,-21,-2,26,1,-24,-9,-7,-27
1514893018284864,-5,-9,-70,26,8,2,4,-4
1514893018284864,23,15,124,-1,13,2,2,1
1514893018286866,-2,-20,-89,-15,-5,-1,1,10
1514893018286866,-1,8,21,-11,-6,3,7,14
1514893018299365,-21,-9,-24,2,8,-5,-11,-30
1514893018299365,-5,-6,42,4,-2,-1,-11,-9
1514893018306369,15,10,-20,-4,-17,-8,-1,-6
1514893018306369,-3,0,23,6,17,2,-4,3
1514893018322381,-1,-3,26,-24,-9,-4,4,7
1514893018322381,-9,-1,-30,-1,-4,-1,5,3
1514893018324382,-2,5,47,4,-1,0,-11,-16
1514893018324382,-14,-5,-17,-15,-8,-1,-4,-16
1514893018346418,7,14,61,57,10,5,6,17
1514893018346418,-3,2,-50,-46,-46,-15,-9,-8
1514893018348910,5,-2,62,10,44,14,9,23
1514893018348910,6,-14,-13,17,12,1,0,-9
1514893018359917,-6,-14,-54,-59,-21,-8,-18,-7
1514893018359917,-1,-13,-2,29,3,2,3,0
1514893018366414,-14,6,27,-2,-20,-2,5,-5
1514893018366414,14,17,-21,3,13,5,-2,-2
1514893018382424,8,15,84,26,-8,-4,5,15
1514893018382424,-8,-35,-75,-56,-7,-5,-7,-4
1514893018388928,-1,12,18,74,-4,-3,3,0
1514893018388928,-10,-11,24,-49,12,4,10,8
1514893018404953,16,5,-12,11,8,-4,-36,-46
1514893018404953,-17,-23,-11,-15,4,3,2,2
1514893018406441,-4,-1,33,32,-5,1,1,-1
1514893018406441,5,3,43,-13,-12,-1,3,5
1514893018419462,1,8,-20,3,-8,3,12,15
1514893018419462,3,-3,-18,-7,16,2,2,2
1514893018425965,5,-4,-34,-20,15,0,0,-3
1514893018425965,-8,-6,-23,17,-23,-9,-11,-7
1514893018442475,4,15,70,-6,17,5,5,9
1514893018442475,2,3,12,34,-14,-5,0,-3
1514893018443977,-14,-4,-28,-36,13,1,-4,7
1514893018443977,3,-2,-49,-22,5,-3,-7,-16
1514893018463981,4,-9,3,15,-26,-9,-2,3
1514893018463981,2,-7,17,-7,25,10,7,7
1514893018472488,2,22,-7,3,-1,-2,-8,8
1514893018472488,-4,-11,-20,-25,-28,-9,-7,-14
1514893018479992,-22,-19,26,22,20,6,6,2
1514893018479992,0,8,0,4,-12,-6,-14,-7
1514893018485997,13,1,30,-10,-1,3,2,0
1514893018485997,-13,-6,20,10,-5,0,-4,-7
1514893018501517,-8,17,-21,-41,-8,-6,2,5
1514893018501517,0,-15,-37,8,8,2,7,6
1514893018510013,19,3,17,7,2,3,12,9
1514893018510013,-6,8,-11,-7,-5,-2,-14,-17
1514893018525024,-6,-24,-45,-14,-6,-2,-3,-1
1514893018525024,-10,10,59,30,-10,-5,-5,-1
1514893018527025,8,3,-41,-39,-4,-5,-1,-10
1514893018527025,-2,-10,4,29,7,2,8,18
1514893018539553,-5,1,-46,6,-6,-4,-1,4
1514893018539553,-12,7,22,-8,3,2,-2,-8
1514893018546051,-2,-10,-53,-24,-7,-5,0,0
1514893018546051,8,5,6,17,-11,-2,4,5
1514893018562550,-6,-8,-25,-25,11,4,0,-7
1514893018562550,7,2,24,17,-3,-1,-3,6
1514893018564051,2,-5,24,5,-4,-2,0,-9
1514893018564051,10,28,16,-23,4,1,-4,6
1514893018585066,-13,-27,-60,27,13,-1,2,5
1514893018585066,2,-12,-4,6,-4,0,10,1
1514893018586567,-10,2,-16,17,-1,0,-13,-14
1514893018586567,13,7,30,-13,-7,0,3,9
1514893018599079,3,7,29,-3,-1,1,2,-2
1514893018599079,-4,-7,19,3,2,-3,-1,-3
1514893018607582,5,16,23,21,9,4,1,4
1514893018607582,-22,-30,-58,-23,-10,-6,0,-12
1514893018622594,8,13,49,-21,-21,-4,-5,-3
1514893018622594,3,10,11,73,3,-2,6,14
1514893018624104,-5,1,-19,-49,9,2,-10,-24
1514893018624104,-1,18,7,16,25,8,3,8
1514893018645118,6,-17,-49,-21,-6,-6,-10,-6
1514893018645118,-8,1,19,-14,-9,-2,-3,-8
1514893018646620,-5,-12,-56,8,-28,-11,-5,2
1514893018646620,10,10,53,39,35,12,11,15
1514893018667624,-8,-23,-2,-21,-11,-3,6,-4
1514893018667624,-7,-16,-98,-20,-4,-5,-13,-7
1514893018669139,-13,-5,10,5,-5,0,-1,-7
1514893018669139,4,8,-20,16,10,4,-2,-5
1514893018682639,7,16,56,12,-5,-2,22,38
1514893018682639,25,12,3,-66,5,2,-3,-19
1514893018684150,-20,-22,45,15,-12,-6,-6,-2
1514893018684150,1,5,-5,3,-2,-3,-20,-12
1514893018705153,-7,-10,-37,2,0,-1,2,0
1514893018705153,19,30,4,34,-19,-4,6,11
1514893018707655,-9,-10,-12,-40,39,9,-1,-7
1514893018707655,-1,-17,16,6,-15,-8,-3,5
1514893018718674,-4,2,-23,-23,-10,-5,-13,-20
1514893018718674,-25,-25,-5,-7,5,-1,4,3
1514893018729169,19,25,49,27,4,2,3,-1
1514893018729169,-14,-5,-41,-19,-16,-6,1,7
1514893018742679,13,-1,8,8,7,4,6,21
1514893018742679,-12,-8,-38,-18,-12,-6,-4,-32
1514893018744180,4,3,-41,17,4,3,2,-2
1514893018744180,9,12,84,1,-12,-6,-4,0
1514893018765195,-5,5,24,-4,7,2,-1,-7
1514893018765195,-3,14,68,-1,6,0,0,14
1514893018766699,-13,-15,-65,17,-21,-9,-3,2
1514893018766699,1,-5,-16,4,1,4,5,-10
1514893018779705,15,10,-47,-16,14,3,-4,3
1514893018779705,9,-4,78,22,3,-1,-5,0
1514893018787711,1,-3,27,-18,-7,-2,3,-2
1514893018787711,-6,-9,-55,-3,-20,-7,1,7
1514893018802721,-13,-8,12,17,-8,-3,7,15
1514893018802721,12,18,-23,-5,28,11,-2,-23
1514893018806223,-1,10,40,15,-9,-2,0,-1
1514893018806223,0,-10,-5,-12,-5,-6,-3,-5
1514893018825237,0,2,3,16,8,0,2,10
1514893018825237,-7,-12,-101,-24,-4,3,-1,-21
1514893018827238,-4,11,40,6,4,0,5,9
1514893018827238,4,2,-39,-8,-12,-5,-5,-9
1514893018838746,3,-6,9,-34,0,-5,-7,-6
1514893018838746,-6,-8,0,24,-3,-5,5,16
1514893018847752,-12,-9,-24,-14,12,1,-14,-17
1514893018847752,9,-8,-1,-38,5,3,11,12
1514893018862272,-10,5,5,0,-7,-1,0,-4
1514893018862272,-5,-5,-9,0,-9,-2,-6,-2
1514893018864264,9,-5,3,3,-3,-2,0,17
1514893018864264,6,25,53,22,6,6,1,-13
1514893018886289,15,-15,-22,14,-6,-3,-8,-15
1514893018886289,-7,-9,-51,-14,4,-2,4,15
1514893018887781,-2,-6,-23,21,-19,-7,4,-5
1514893018887781,-2,-6,6,15,13,1,-9,-11
1514893018899790,2,12,20,-14,5,4,2,-5
1514893018899790,-9,-7,-35,-23,-7,-2,-5,-3
1514893018907794,3,14,-22,3,-12,-3,10,14
1514893018907794,3,0,67,-16,7,-3,-10,9
1514893018921805,-12,-23,-11,29,-9,-9,-9,-15
1514893018921805,4,4,28,-5,-7,-2,0,9
1514893018930310,9,9,-32,-23,12,8,3,3
1514893018930310,-15,-21,-59,0,-14,-5,8,3
1514893018945333,1,11,13,21,9,7,-6,-11
1514893018945333,8,3,23,-16,-19,-8,-6,22
1514893018946832,4,-10,32,22,12,-2,-2,-15
1514893018946832,6,6,-10,-1,14,3,4,4
1514893018958831,-4,-2,-4,9,0,-3,-26,-25
1514893018958831,-15,-4,31,-20,-7,-1,-1,-4
1514893018967837,-6,-2,-14,21,9,0,-7,-6
1514893018967837,1,6,24,-19,-1,1,7,12
1514893018981858,-12,-9,16,53,3,-2,3,0
1514893018981858,9,1,4,-41,3,2,-5,-6
1514893018991363,-5,-2,62,3,-4,2,2,5
1514893018991363,4,-11,34,16,-3,0,1,1
1514893019004875,-17,9,-21,-12,-10,-7,-3,-9
1514893019004875,34,6,12,8,15,5,7,15
1514893019006877,-6,-6,-28,-11,-12,-6,9,11
1514893019006877,-9,8,-8,7,5,2,-7,-7
1514893019018873,11,-1,8,-20,-10,-5,0,-5
1514893019018873,-14,-16,-31,8,-1,0,2,11
1514893019027879,-4,4,47,-13,8,-1,-4,-17
1514893019027879,4,5,-58,-22,-16,-5,2,10
1514893019042389,8,2,38,24,9,4,9,8
1514893019042389,7,14,29,16,-9,1,5,-2
1514893019044391,-8,-6,-53,-3,14,5,3,3
1514893019044391,1,-19,17,-17,-2,1,-4,-8
1514893019064905,0,10,-49,11,11,2,6,10
1514893019064905,-3,-5,-10,-19,-6,-4,-3,-4
1514893019066908,-9,8,50,20,1,-5,-10,-8
1514893019066908,-4,10,-4,-13,-6,0,1,-2
1514893019087421,7,-15,-27,-12,-4,-1,-1,5
1514893019087421,-1,0,12,-15,4,1,-1,-7
1514893019089923,12,4,-67,22,-20,-7,-6,4
1514893019089923,-5,4,24,-6,-1,-3,-2,-15
1514893019109937,-15,-8,26,-4,16,6,7,6
1514893019109937,-22,-14,-25,28,-14,-11,-11,-13
1514893019111438,15,5,-31,-42,13,9,9,8
1514893019111438,-7,4,63,24,-4,-6,-6,0
1514893019124948,0,-9,-52,-6,-8,-2,-1,1
1514893019124948,-7,-4,15,27,12,1,3,-4
1514893019126449,-8,4,25,-19,-9,-3,-18,-22
1514893019126449,12,-14,-91,-12,3,1,0,-1
1514893019148465,11,18,42,-10,-7,-1,3,1
1514893019148465,0,0,-3,5,7,-1,2,11
1514893019149969,-2,-13,-46,-15,-3,-1,1,1
1514893019149969,-7,4,-8,24,-8,-7,-5,-10
1514893019162487,2,4,7,-17,0,1,2,3
1514893019162487,13,16,72,16,-2,-1,0,1
1514893019163976,-13,-4,8,-24,-3,-3,-18,-15
1514893019163976,-14,-20,20,20,-13,-6,1,3
1514893019192508,9,-7,-1,-51,5,-2,-4,0
1514893019192508,-5,9,55,21,12,2,-2,7
1514893019193998,13,2,-13,-2,-18,-5,1,-3
1514893019193998,-5,9,14,25,19,9,-5,-7
1514893019207516,-6,-2,-13,10,0,3,5,-3
1514893019207516,6,12,-28,-3,-16,-11,-11,-3
1514893019209017,23,14,-4,-24,-8,1,11,22
1514893019209017,-20,-19,-37,11,4,-4,0,-6
1514893019222519,0,13,56,10,-7,-3,-3,-10
1514893019222519,-20,-20,-32,4,-2,0,-4,-15
1514893019228522,6,2,-17,16,11,6,8,9
1514893019228522,9,8,38,-22,-7,-6,-5,2
1514893019245033,-9,-3,-10,22,-3,2,-1,2
1514893019245033,3,-3,58,-20,8,0,-7,-9
1514893019247047,-11,-8,-23,2,-3,-2,4,6
1514893019247047,10,16,12,-1,6,5,14,10
1514893019267549,-2,2,25,-11,-2,-4,-24,-33
1514893019267549,-12,-16,-62,-8,-12,-8,-7,-6
1514893019269050,-16,-15,-17,-5,-6,3,4,-4
1514893019269050,9,5,21,1,-4,-6,-9,1
1514893019282058,-5,-5,-50,15,3,0,8,13
1514893019282058,-4,2,-25,-23,4,2,1,-3
1514893019288578,-4,1,35,-6,-9,-7,-10,1
1514893019288578,12,9,7,28,13,8,8,15
1514893019305075,1,-7,8,-22,-10,-5,-3,-16
1514893019305075,-3,-7,-91,-21,-18,-7,0,-5
1514893019306576,-4,0,39,32,18,7,3,0
1514893019306576,-9,-1,18,-1,-9,-3,-5,-4
1514893019328091,5,-17,-52,3,16,2,3,7
1514893019328091,11,9,44,15,9,4,6,5
1514893019331594,-8,2,-11,-8,-33,-14,-5,-8
1514893019331594,2,2,6,-23,8,5,1,5
1514893019341602,-7,-6,1,3,-3,-2,1,2
1514893019341602,-8,-20,-12,-4,-5,0,-9,-11
1514893019348606,0,11,18,4,-1,0,5,1
1514893019348606,0,-10,-6,2,7,-2,3,15
1514893019365117,4,-13,16,8,-11,-4,0,-22
1514893019365117,-4,7,-17,-17,11,2,0,-1
1514893019366619,-6,-7,12,5,3,-2,-5,-10
1514893019366619,21,16,-6,-1,-2,1,2,-3
1514893019386643,7,13,29,-19,-5,0,10,23
1514893019386643,-4,-10,28,5,-3,-5,-2,-9
1514893019387643,-4,-16,-50,-12,-5,1,5,1
1514893019387643,-3,14,-34,-4,-1,-5,-17,-11
1514893019401143,-4,-12,-2,8,-1,1,-8,0
1514893019401143,-1,14,40,14,-6,2,7,1
1514893019409161,19,7,-10,-26,-9,-6,-6,5
1514893019409161,-1,-6,32,13,23,2,3,-6
1514893019431668,-5,8,-25,-6,-3,1,-11,-9
1514893019431668,-6,0,-54,26,-16,-6,-4,1
1514893019439182,-5,-5,23,-40,7,2,0,-13
1514893019439182,-4,-14,-16,-17,-16,-4,-4,-6
1514893019446685,-1,11,18,24,20,3,5,6
1514893019446685,1,-8,17,8,7,8,10,5
1514893019447686,1,5,-8,-21,-12,-4,-14,-6
1514893019447686,-6,-5,21,29,-6,-3,7,-6
1514893019461195,-6,-22,-88,-22,3,-2,-15,-15
1514893019461195,19,22,34,-6,-7,1,0,15
1514893019469202,0,-1,34,20,16,1,2,-2
1514893019469202,-5,9,-31,-23,-3,1,-3,-5
1514893019484202,0,-12,7,-19,-18,-5,10,4
1514893019484202,-16,-5,-2,8,5,-5,-10,-12
1514893019485211,9,6,65,8,2,3,11,19
1514893019485211,-20,-34,-68,-9,-10,-5,-5,-12
1514893019506728,-4,3,20,34,-4,-5,-4,2
1514893019506728,13,7,-4,-30,2,1,4,10
1514893019507728,-12,-4,-7,-1,24,4,-1,-8
1514893019507728,24,15,-9,29,-13,0,5,5
1514893019521228,14,3,27,-33,3,-1,4,17
1514893019521228,-8,-9,-14,0,12,4,-2,-8
1514893019529233,-4,3,-27,13,0,-4,-10,-10
1514893019529233,-4,-1,-16,6,7,2,-3,-3
1514893019544256,10,9,78,9,1,4,2,0
1514893019544256,-6,6,35,3,0,0,2,4
1514893019545257,13,-6,-100,-26,-21,-5,0,5
1514893019545257,-10,-1,-15,9,13,4,5,3
1514893019566779,-16,-17,17,9,-10,-6,-2,-5
1514893019566779,0,-6,-56,-13,13,3,-5,0
1514893019567761,-6,12,94,61,-11,-4,2,-1
1514893019567761,24,-7,1,-56,3,3,-12,-12
1514893019582275,-4,-1,-13,9,-5,-3,2,5
1514893019582275,-2,-12,3,-23,0,-4,0,1
1514893019589285,-12,-6,-13,8,4,-1,2,0
1514893019589285,-8,-3,-28,-6,-23,-11,-11,-17
1514893019604286,12,12,10,-19,10,6,0,3
1514893019604286,-15,-14,-12,1,-10,-4,-5,-12
1514893019605287,-11,0,15,-3,0,-2,-2,11
1514893019605287,-13,-14,20,0,-21,-6,2,0
1514893019627813,-7,-3,7,37,19,5,-3,-10
1514893019627813,-1,8,-48,14,8,4,5,5
1514893019629805,33,28,58,-12,-3,1,13,15
1514893019629805,9,4,-8,7,-16,-4,-16,-2
1514893019641827,-19,-21,-12,-3,1,-2,0,-8
1514893019641827,8,3,-39,-41,-6,0,-2,3
1514893019649823,-9,-9,-25,30,8,2,-4,-13
1514893019649823,-3,1,1,-23,-3,4,14,8
1514893019664830,-2,13,42,17,-15,-9,-6,15
1514893019664830,-5,-6,19,0,-1,-2,-9,-20
1514893019671834,18,7,8,-6,-13,-3,-5,-6
1514893019671834,-28,-16,-27,-11,5,-5,-8,-2
1514893019687345,7,28,44,14,-21,-4,6,10
1514893019687345,-9,-30,-50,11,49,11,5,3
1514893019688846,-8,-1,-52,-39,-8,-7,-6,-5
1514893019688846,1,-14,65,27,4,1,0,0
1514893019700854,-3,-2,-40,-33,-21,-6,-3,-4
1514893019700854,3,13,71,12,-5,-4,0,-5
1514893019709370,0,-9,-24,8,5,1,-4,1
1514893019709370,4,5,4,-3,12,3,5,3
1514893019724371,-2,-12,16,-26,-5,-4,6,5
1514893019724371,-5,-2,-32,15,-24,-10,-2,0
1514893019725372,-1,9,9,-3,6,5,-6,-17
1514893019725372,-4,-9,35,7,12,-1,-3,-7
1514893019746888,3,-1,43,14,-21,-12,-21,-17
1514893019746888,9,5,39,11,26,15,26,14
1514893019747388,-1,5,10,-22,-12,-6,-7,10
1514893019747388,-13,-8,4,12,11,2,2,1
1514893019761398,-3,-17,-32,-35,1,5,8,2
1514893019761398,0,16,62,14,-11,-7,-11,-4
1514893019776910,-3,-5,-19,-5,-15,-8,-3,2
1514893019776910,-9,0,17,-2,-8,-2,1,-5
1514893019784414,-3,5,-39,-2,18,6,6,9
1514893019784414,-10,6,57,17,-27,-10,-4,6
1514893019785414,-7,-3,10,-24,12,5,3,-14
1514893019785414,8,-20,-58,-27,-21,-14,-22,-2
1514893019806930,1,0,-41,41,29,9,4,-10
1514893019806930,1,12,6,-9,-9,-4,-5,-4
1514893019807438,-1,3,-8,-1,-2,-1,3,11
1514893019807438,-3,7,-18,5,-9,-2,9,6
1514893019820940,2,-6,-32,-44,7,4,1,-3
1514893019820940,4,7,23,19,-1,-3,-17,-8
1514893019829446,6,-10,-55,-1,1,-1,5,2
1514893019829446,-3,7,6,-11,-14,-5,-3,-14
1514893019843957,-13,-14,12,13,12,2,1,5
1514893019843957,4,9,-16,5,-1,1,8,0
1514893019851961,-2,-5,56,21,1,-1,-10,-6
1514893019851961,2,0,-50,-14,-7,-2,-2,2
1514893019866984,11,6,21,-41,-14,-2,16,-2
1514893019866984,-15,-29,-54,-18,-1,-3,-6,-6
1514893019867472,2,2,22,31,21,4,0,3
1514893019867472,-5,4,24,38,-8,0,1,-1
1514893019881982,3,-13,-21,-34,12,6,1,7
1514893019881982,12,25,42,-12,-12,-4,3,5
1514893019890489,-11,-16,-37,18,2,1,-11,-19
1514893019890489,7,14,46,16,-2,0,10,9
1514893019904499,-15,-20,-72,-17,-5,-8,-15,-12
1514893019904499,24,11,-24,-1,0,3,9,15
1514893019904999,-9,1,-22,-25,-7,-2,-2,-3
1514893019904999,-9,-6,76,13,17,4,-2,-3
1514893019928015,-1,-3,-8,7,-12,-6,3,3
1514893019928015,-3,12,-2,11,5,-1,-7,-12
1514893019929516,16,1,5,-33,-21,-4,3,4
1514893019929516,-21,-17,-44,-13,3,0,-2,4
1514893019941024,4,18,38,38,28,6,1,-8
1514893019941024,-13,-29,-34,-20,-10,-4,3,8
1514893019949533,13,25,33,31,-8,-1,1,3
1514893019949533,3,-9,-26,-61,7,-2,-8,-9
1514893019964541,-10,-22,9,5,-5,-3,-14,-8
1514893019964541,-4,19,37,9,-2,-4,-1,-7
1514893019965042,-6,-9,-62,-11,-13,-1,7,10
1514893019965042,4,9,45,23,6,-1,1,-2
1514893019988058,-6,-10,-51,-12,-4,1,-1,-5
1514893019988058,17,13,41,16,5,0,-2,0
1514893019989058,-19,-37,-14,-26,-12,-9,-6,-4
1514893019989058,0,20,34,18,0,-2,0,3
1514893020010574,-17,-14,-45,-29,-5,-1,-6,-12
1514893020010574,15,12,30,-7,-8,-1,6,23
1514893020011074,-4,-9,-6,-18,7,-2,-17,-30
1514893020011074,13,-2,-13,-34,-10,-3,6,1
1514893020025584,-11,3,34,31,10,3,-3,3
1514893020025584,-4,-21,-45,-13,-8,-4,6,1
1514893020026585,-21,9,53,8,-2,-5,-6,-5
1514893020026585,-3,-30,-90,-22,-9,-4,-6,0
1514893020046600,20,32,10,12,-6,-3,1,8
1514893020046600,-11,-16,-41,-22,-9,-3,-6,-11
1514893020054104,6,10,-11,28,18,6,12,10
1514893020054104,-6,10,40,28,7,3,4,-3
1514893020070116,-10,-5,-20,-36,-26,-9,-14,-6
1514893020070116,11,-3,-7,25,22,5,-3,-13
1514893020070624,5,-8,25,8,12,1,11,27
1514893020070624,0,-2,-30,-19,-8,-1,-2,-14
1514893020084128,7,12,39,35,-8,-4,-1,-1
1514893020084128,-19,-6,-10,-58,4,-3,-10,-3
1514893020085126,3,-7,19,20,-16,-6,-2,-17
1514893020085126,4,-1,-22,5,19,9,8,11
1514893020107642,-1,8,-9,-27,-7,-5,3,2
1514893020107642,-16,-7,17,22,-8,-6,-4,-6
1514893020108142,-5,-1,28,33,7,1,-9,-2
1514893020108142,3,-12,-19,-33,5,3,11,-4
1514893020130158,15,13,-4,3,-4,-2,2,0
1514893020130158,-10,2,40,11,-1,-4,-9,0
1514893020130658,-8,-15,-32,-20,-7,-4,-14,-16
1514893020130658,-2,12,42,9,-8,-4,-7,-2
1514893020144168,-5,-7,7,10,4,-1,-3,-7
1514893020144168,9,0,-18,-12,-12,-2,8,7
1514893020145168,-2,6,22,-10,3,2,10,9
1514893020145168,11,7,39,30,4,-2,-6,1
1514893020167185,-5,4,-19,28,3,-1,3,4
1514893020167185,-2,4,-26,-24,-4,-1,-3,-2
1514893020167684,12,1,29,-14,5,2,2,15
1514893020167684,2,-11,-80,-13,-1,-3,1,-11
1514893020189700,1,13,58,-5,-21,-12,-6,-3
1514893020189700,-4,-15,-41,24,17,3,-2,-4
1514893020190701,-5,2,29,-1,-2,-1,-2,-6
1514893020190701,-2,-12,6,-5,10,4,5,9
1514893020204210,8,-3,22,-5,-18,-4,-8,-3
1514893020204210,4,8,-8,-6,-3,-3,-6,-9
1514893020205211,-5,-8,-43,-5,-7,-6,-1,-1
1514893020205211,-3,2,10,19,13,1,-1,8
1514893020227727,2,25,13,-23,3,2,1,-4
1514893020227727,-14,-11,-5,-5,0,2,4,-2
1514893020228728,13,-8,-46,2,4,-1,-1,8
1514893020228728,-4,-3,21,6,-9,-3,-1,-2
1514893020250245,-5,-8,21,26,9,1,1,2
1514893020250245,2,3,-10,-9,1,0,0,-3
1514893020250744,-4,14,45,18,4,3,9,-1
1514893020250744,-8,-25,-57,-25,-13,-5,-21,-11
1514893020264253,-3,-4,-11,-18,7,2,5,7
1514893020264253,1,3,38,17,-8,-6,-11,2
1514893020265253,6,-9,-24,7,7,3,8,1
1514893020265253,-7,9,40,-6,-7,-4,-8,-7
1514893020286779,9,12,-35,-22,-9,0,10,19
1514893020286779,-10,-7,-18,28,-1,-3,-5,-13
1514893020287780,11,15,31,26,18,5,-21,-15
1514893020287780,-8,-6,-77,-61,-16,-6,3,3
1514893020309785,-9,-6,36,12,1,-4,-10,-10
1514893020309785,14,14,31,8,-2,6,11,9
1514893020310785,-3,-24,-24,-20,-2,-3,3,8
1514893020310785,-3,-6,17,23,1,1,2,1
1514893020332315,0,21,33,22,-17,-5,-5,6
1514893020332315,2,5,-57,-30,3,-4,-2,-13
1514893020333304,-9,-36,18,7,5,3,0,-8
1514893020333304,4,0,4,11,-9,-4,-3,1
1514893020346831,6,6,-4,-22,9,4,6,4
1514893020346831,10,0,14,12,-19,-4,11,11
1514893020347324,-19,-13,-64,-41,7,1,-5,-2
1514893020347324,5,-3,67,5,-4,-1,12,12
1514893020369829,-8,-4,-35,37,16,2,-6,-14
1514893020369829,8,11,34,-24,-5,2,-4,-1
1514893020370829,-13,-18,2,16,-9,-7,-2,-1
1514893020370829,-1,4,-24,6,2,2,-1,-5
1514893020384337,13,18,6,4,8,4,1,6
1514893020384337,-4,-8,-2,16,-12,-2,17,23
1514893020384839,-15,-11,-35,-34,-1,2,0,-15
1514893020384839,12,-1,29,24,-1,-6,-14,-9
1514893020406853,-1,1,0,-38,6,4,-4,-15
1514893020406853,0,-3,-19,20,7,-2,-9,-2
1514893020407354,4,8,36,-1,-1,3,8,15
1514893020407354,-20,-15,-10,-4,4,-4,1,-7
1514893020429870,10,10,23,13,-4,-1,-3,1
1514893020429870,-9,-12,-14,-17,-7,-1,-1,-2
1514893020431871,14,10,-42,-9,-4,-4,-2,-4
1514893020431871,-5,11,32,6,4,1,-3,0
1514893020444380,-10,-10,-52,-23,-16,-8,-1,3
1514893020444380,-17,-8,9,-13,0,-3,-7,-15
1514893020444880,19,9,82,33,5,1,-11,-7
1514893020444880,-2,-9,-39,-6,-4,0,5,9
1514893020474901,-7,-5,4,31,1,-1,-13,-6
1514893020474901,4,17,19,-46,7,2,-3,-4
1514893020475902,-6,-3,-49,-13,-4,-1,-2,-5
1514893020475902,3,11,50,3,1,0,-3,8
1514893020489912,0,-4,-17,-14,-13,-8,-1,-16
1514893020489912,-11,-13,-41,20,10,3,4,-3
1514893020491413,14,12,40,-8,-11,-5,-4,10
1514893020491413,0,14,-5,17,0,0,5,4
1514893020504422,-20,-40,-51,-6,3,-2,0,-4
1514893020504422,17,12,25,5,-10,-8,-9,1
1514893020504924,-8,-4,-28,-13,4,3,11,4
1514893020504924,-5,4,-3,0,2,-2,-7,-14
1514893020526938,17,23,84,13,6,5,5,5
1514893020526938,-22,-45,-36,-31,-6,-2,-8,-13
1514893020527439,-1,15,10,10,-19,-11,-2,1
1514893020527439,5,3,-29,-38,11,3,1,0
1514893020549955,-6,-2,14,14,10,7,3,1
1514893020549955,9,1,-21,14,12,4,-1,7
1514893020550955,-11,-1,4,2,-4,-1,-1,-10
1514893020550955,-2,-13,-30,22,-22,-7,-2,-4
1514893020564490,-4,-2,-5,-47,8,1,-1,0
1514893020564490,11,2,46,21,13,3,3,1
1514893020565967,-8,-16,-14,-18,-7,-4,0,5
1514893020565967,-3,6,30,4,0,0,0,-6
1514893020586991,-1,-1,-21,26,2,0,-1,3
1514893020586991,5,10,1,-14,-12,-6,-3,0
1514893020587481,-1,2,6,10,8,4,4,6
1514893020587481,-8,-6,-8,-14,-1,-1,0,2
1514893020609998,6,-2,10,8,-12,-6,1,-1
1514893020609998,-2,11,-16,-19,-2,-1,-10,-7
1514893020610998,-4,5,-61,-4,9,2,0,2
1514893020610998,11,8,39,3,-13,-5,-4,6
1514893020623507,5,-20,21,15,12,3,3,-12
1514893020623507,-19,-13,8,10,-8,-3,7,10
1514893020631512,-13,-7,-26,-7,-2,4,-1,-10
1514893020631512,20,7,-28,-21,15,1,-12,-12
1514893020647023,-4,2,65,23,-14,-4,-2,2
1514893020647023,4,-4,66,-12,-3,-2,-4,-2
1514893020647524,0,5,-26,-19,-3,0,3,4
1514893020647524,-6,8,16,6,-7,-3,3,-2
1514893020670540,6,-3,-39,0,9,4,-1,4
1514893020670540,-12,-2,10,22,-10,-8,-2,-5
1514893020672551,-6,-9,31,-2,10,6,3,-2
1514893020672551,9,16,-5,5,-10,-1,2,-1
1514893020683559,-9,-16,-50,-18,-9,-6,1,7
1514893020683559,-7,3,-4,32,0,0,1,-10
1514893020692055,17,15,39,-28,7,-2,-10,3
1514893020692055,-11,-18,16,1,0,0,-3,-6
1514893020707089,-11,-23,-17,0,-7,-2,1,5
1514893020707089,16,5,-14,-5,6,2,12,20
1514893020707566,-9,10,3,17,-6,-8,-8,-17
1514893020707566,9,-2,0,-1,10,5,2,8
1514893020730083,-2,10,2,-38,-23,-8,-1,-2
1514893020730083,-2,-13,0,10,13,0,-3,-6
1514893020730582,-7,9,-1,2,2,0,2,-2
1514893020730582,-13,-2,-13,21,-17,-6,5,6
1514893020743604,-5,-25,-24,-34,7,2,2,-7
1514893020743604,1,5,-31,-19,-2,-2,-16,-6
1514893020751597,6,20,25,5,-6,-4,-3,3
1514893020751597,-6,4,-35,-17,1,-1,-1,9
1514893020766607,-3,-18,0,29,-22,-7,0,-16
1514893020766607,-5,-8,6,-27,22,8,-6,-11
1514893020774127,-1,23,-43,15,-7,-4,-4,2
1514893020774127,20,12,44,10,-2,1,3,3
1514893020790135,-10,-39,-62,-5,12,2,1,4
1514893020790135,7,19,17,16,-12,-5,-1,-4
1514893020791135,0,12,-10,-17,-10,-3,3,7
1514893020791135,-16,-5,51,-14,6,-4,-5,-4
1514893020803644,-14,-38,-67,0,-2,5,12,2
1514893020803644,6,20,22,1,-8,-6,-31,-28
1514893020811655,6,26,-30,4,3,1,4,10
1514893020811655,-1,-21,-20,-1,-8,-4,2,-14
1514893020826660,5,-18,31,24,18,6,1,10
1514893020826660,1,7,-22,-11,-6,-2,8,8
1514893020827651,1,14,36,36,-7,-6,-16,-14
1514893020827651,-11,-12,-7,-37,-7,-4,-5,0
1514893020849177,-5,-11,-9,7,5,0,5,5
1514893020849177,27,17,2,3,6,6,17,11
1514893020857188,-7,5,82,7,-8,-9,-6,-2
1514893020857188,0,-5,-93,-3,3,3,0,-8
1514893020863691,6,-1,86,34,-2,-7,-8,-6
1514893020863691,-20,-16,-77,-28,-6,-4,0,3
1514893020872182,15,29,-17,-21,0,2,9,5
1514893020872182,-20,-30,72,16,-1,0,-1,6
1514893020886693,2,-6,-28,-17,4,0,-6,-14
1514893020886693,0,-8,37,16,4,-1,-9,-10
1514893020887694,11,20,6,15,8,1,13,3
1514893020887694,-8,-15,-77,-12,3,0,-17,-19
1514893020909721,-11,-12,19,28,2,-4,-13,-4
1514893020909721,1,9,-19,-18,-14,-1,7,13
1514893020910709,-6,8,14,-4,1,0,-6,-8
1514893020910709,24,1,21,-5,2,2,10,13
1514893020924733,-8,-9,8,-5,-1,1,0,-2
1514893020924733,-1,-6,-15,-4,-10,-4,-1,-2
1514893020931725,-3,7,9,-10,-7,-3,-1,2
1514893020931725,0,1,-5,21,2,1,-2,-7
1514893020946747,-4,-5,-11,-17,0,3,4,3
1514893020946747,-4,1,20,7,2,-2,-3,1
1514893020947748,10,12,-19,-10,-13,-7,10,21
1514893020947748,8,13,33,1,-21,-7,4,-4
1514893020969751,9,-4,-14,15,47,16,-6,-9
1514893020969751,-19,-9,-57,4,5,2,-2,-2
1514893020970759,1,-15,-20,-14,-12,-4,-5,-10
1514893020970759,-15,1,-11,-4,-11,-5,-11,-7
1514893020992268,3,-14,46,14,-1,-2,6,9
1514893020992268,3,15,-12,12,0,0,4,0
1514893020993286,-2,7,-3,-16,0,2,-7,-11
1514893020993286,7,-1,6,-15,4,3,8,15
1514893021006777,-4,1,-14,-32,-19,-8,-4,1
1514893021006777,-13,-25,38,13,10,3,2,-3
1514893021007779,1,-1,-19,-3,-13,-5,1,8
1514893021007779,18,8,33,19,5,-2,6,0
1514893021029794,-15,17,-27,-29,-2,-4,-21,-15
1514893021029794,-1,-4,-17,17,4,0,5,4
1514893021030796,-14,-18,16,1,-1,-4,-8,-12
1514893021030796,-6,-4,16,14,5,4,9,11
1514893021053311,7,2,-35,-6,-6,-2,6,1
1514893021053311,0,6,6,-18,-9,-7,-12,-10
1514893021053813,-4,-4,-28,2,8,4,0,5
1514893021053813,-6,-3,-16,-10,6,2,-8,-7
1514893021066822,-5,6,-5,-1,-28,-10,-2,-7
1514893021066822,5,8,19,34,24,6,6,5
1514893021067822,11,-9,-11,-19,13,2,-1,2
1514893021067822,-5,-5,-10,2,-1,-1,-3,-3
1514893021089837,-5,11,30,25,-51,-16,-10,-7
1514893021089837,-16,-8,-18,-48,46,14,7,-2
1514893021090838,23,17,47,44,3,2,2,6
1514893021090838,21,-24,-39,-8,0,0,-1,-1
1514893021112352,-10,-14,-19,-25,-2,3,3,4
1514893021112352,-6,-6,18,12,-22,-9,-9,-5
1514893021113352,-21,2,9,0,-13,-6,-8,-11
1514893021113352,2,1,-25,-11,13,6,2,11
1514893021126863,17,6,69,23,17,3,6,4
1514893021126863,-9,-3,-36,-25,-23,-6,3,-4
1514893021127363,-5,-4,-43,-24,-32,-9,-3,-1
1514893021127363,3,1,3,33,45,11,5,3
1514893021150380,6,0,48,17,4,-3,-19,-5
1514893021150380,-19,-8,-5,-22,-11,-2,4,-2
1514893021150880,19,6,35,13,-5,0,-5,-1
1514893021150880,-17,3,-19,-26,-25,-8,-5,-7
1514893021172895,11,9,-17,-1,9,1,10,10
1514893021172895,10,22,10,3,12,6,2,-1
1514893021173396,-26,-41,-41,-16,-8,-8,-5,-12
1514893021173396,7,2,5,-14,-10,-6,-5,-4
1514893021187409,-5,3,-21,6,11,2,1,-7
1514893021187409,-6,-8,20,4,-28,-10,-16,-3
1514893021187909,0,-1,-34,-24,13,10,16,6
1514893021187909,-15,4,43,28,-2,-11,-20,-9
1514893021209963,41,16,-71,-33,-3,-2,3,69
1514893021209963,-17,8,-30,7,-2,-10,-12,-76
1514893021210964,-12,-2,86,15,8,-23,-8,33
1514893021210964,89,-8,-11,2,-13,-19,-59,58
1514893021233982,-40,9,-30,-11,12,6,74,-67
1514893021233982,-28,-5,70,10,-5,9,-67,127
1514893021235983,33,1,29,-72,-13,-64,-32,-16
1514893021235983,13,12,-26,7,2,9,84,-31
1514893021246989,36,-47,1,-25,-4,37,9,90
1514893021246989,70,29,-16,-11,13,92,115,-38
1514893021247491,-41,-11,0,36,9,31,29,-43
1514893021247491,-16,3,-1,-2,-13,-32,-95,-43
1514893021270005,-56,-11,-31,2,-2,-18,32,-30
1514893021270005,-35,-9,-47,9,-5,-39,-74,-17
1514893021271008,27,11,-72,-12,2,18,10,22
1514893021271008,-41,-1,57,21,-1,-16,4,-25
1514893021291522,-9,9,57,15,3,-11,-48,-11
1514893021291522,15,4,19,-3,-7,-13,-9,5
1514893021299526,-12,-4,-31,11,1,-12,-24,-13
1514893021299526,-20,-8,-35,2,6,14,16,11
1514893021307536,4,11,-5,-3,-5,0,-20,-7
1514893021307536,19,5,13,-3,-5,-19,7,10
1514893021307536,-1,-9,-43,-15,3,8,-4,-10
1514893021307536,-23,-5,49,14,0,8,11,3
1514893021330047,15,2,-7,0,1,0,-22,16
1514893021330047,11,0,73,5,-1,-17,-7,-31
1514893021331049,-7,-12,-83,11,-1,18,14,9
1514893021331049,0,2,-3,-15,2,7,8,9
1514893021352566,-4,4,19,-3,-2,-18,-25,-13
1514893021352566,-1,-10,-16,-8,-6,0,30,14
1514893021353564,7,-1,41,14,4,15,13,7
1514893021353564,-2,1,4,-8,-9,-1,5,5
1514893021367074,4,4,16,-2,14,8,-5,-11
1514893021367074,-6,-4,-13,5,2,-4,5,3
1514893021367578,8,-4,28,9,2,0,-5,2
1514893021367578,-9,-3,-15,-12,-4,4,8,-2
1514893021391092,-2,4,11,-3,-6,-5,-8,-8
1514893021391092,3,-1,-1,1,-3,-1,1,3
1514893021392094,-2,-2,20,4,0,-1,-8,1
1514893021392094,-8,-4,-8,-9,-1,-2,-3,0
1514893021412607,9,4,11,3,-3,2,0,-4
1514893021412607,-17,-14,-1,3,-1,-2,9,-3
1514893021413607,-2,-15,6,-2,-1,0,-3,-2
1514893021413607,-6,-4,-9,-6,1,4,-3,-1
1514893021428124,1,3,3,0,-3,1,6,-4
1514893021428124,9,13,-6,1,1,-2,18,2
1514893021429620,-3,0,6,-3,-3,-1,-14,-4
1514893021429620,-8,-10,-9,-3,-2,4,3,2
1514893021450132,3,1,4,0,-3,-5,-1,-2
1514893021450132,-2,4,-2,-3,-2,-5,-11,1
1514893021451136,-1,0,9,3,0,3,3,-1
1514893021451136,0,-6,-7,-3,2,0,4,0
1514893021472648,-7,2,-4,0,-4,-1,0,-6
1514893021472648,1,0,-10,0,1,-3,-5,0
1514893021473149,-4,-2,0,-1,0,1,1,1
1514893021473149,-2,-4,-6,-3,-1,0,-2,-4
1514893021486158,-2,-2,0,-1,-1,-2,1,-1
1514893021486158,1,2,-4,-3,-1,0,-4,0
1514893021496165,-1,0,0,1,0,-1,-4,0
1514893021496165,1,-4,-5,-2,0,-3,-3,-1
1514893021510174,-4,-1,-4,1,-2,-1,-3,0
1514893021510174,1,4,-6,-1,-2,1,13,3
1514893021511675,-2,-1,-4,-2,0,-1,-1,-3
1514893021511675,-2,-9,-7,-4,1,0,-1,-3
1514893021532691,-3,-1,-14,-6,-1,-1,1,-3
1514893021532691,-1,6,17,11,1,-3,-10,-3
1514893021534196,1,-1,-1,-2,-1,-2,-6,0
1514893021534196,-3,-8,11,3,0,-1,-14,-4
1514893021546200,-2,-2,-6,-8,-2,0,3,0
1514893021546200,0,1,7,7,-2,-2,-5,-3
1514893021555206,-2,-4,4,-1,-3,0,-1,-2
1514893021555206,-2,-8,-4,-4,1,-2,0,-1
1514893021569717,-1,6,11,10,1,-4,-10,-3
1514893021569717,1,1,-12,-5,-2,-1,-1,1
1514893021571725,-1,-1,10,2,1,-5,-6,-3
1514893021571725,1,-3,-14,-6,-3,0,5,0
1514893021592232,-2,-1,10,-2,0,-1,0,-2
1514893021592232,1,0,-11,-6,-2,-3,-1,0
1514893021594234,-1,-1,-3,0,-1,0,-2,0
1514893021594234,-2,-3,-8,-5,-1,1,1,0
1514893021606248,-1,2,-5,-2,-1,-2,-1,0
1514893021606248,-1,-1,-3,-3,-2,-2,-7,-3
1514893021615249,2,0,-8,-3,-3,-1,0,-1
1514893021615249,1,2,-1,1,-1,0,1,-1
1514893021631261,0,3,1,0,-1,-1,2,0
1514893021631261,-2,-1,-2,-4,-1,-1,0,-1
1514893021634763,0,-3,-7,-1,1,-1,0,-1
1514893021634763,-5,2,-1,0,-1,0,3,1
1514893021651776,0,2,-3,-2,-2,-4,-15,-5
1514893021651776,-1,-6,-3,-1,0,0,5,0
1514893021660280,-4,-2,1,1,1,-1,2,0
1514893021660280,0,5,2,1,0,-2,-4,-2
1514893021666286,1,1,-7,-3,-2,-1,-4,-2
1514893021666286,-4,-18,-4,0,-3,-2,0,0
1514893021675301,0,-2,1,0,-1,1,-4,0
1514893021675301,0,3,-14,-2,-3,0,6,1
1514893021689811,1,4,11,1,-2,1,3,0
1514893021689811,1,-2,-5,-4,0,-2,3,-2
1514893021691303,-3,-4,2,3,-3,-2,1,0
1514893021691303,-2,4,-6,-2,-1,-2,-4,0
1514893021719823,1,2,-11,-3,-2,0,1,-1
1514893021719823,-3,-7,1,-1,-1,-1,-7,-6
1514893021721825,-1,-4,-3,-2,1,-2,-1,-1
1514893021721825,1,4,1,-1,-1,-1,-2,-3
1514893021726838,0,1,-4,-2,-2,-2,3,0
1514893021726838,-1,-4,-3,-2,0,-2,-5,-2
1514893021735344,-1,-2,3,1,0,0,1,-2
1514893021735344,-1,6,-1,-1,-2,-2,-1,1
1514893021749845,-1,1,2,-3,-2,-3,-2,-1
1514893021749845,-1,-2,-4,-2,-3,-2,-3,-2
1514893021751345,-1,-5,-4,-3,1,1,0,-1
1514893021751345,0,2,3,2,-2,1,1,1
1514893021772360,-1,0,-4,-3,-3,-1,-1,-2
1514893021772360,-1,-1,-4,-3,-1,-2,-4,0
1514893021774871,-1,-3,-4,0,0,3,15,0
1514893021774871,0,-1,1,-1,-2,-3,-2,-1
1514893021785870,-2,1,2,0,-2,-2,-1,-1
1514893021785870,0,2,-3,-1,-2,1,3,1
1514893021794877,-3,-5,0,0,-2,-2,-7,0
1514893021794877,-4,-8,-4,-1,-2,0,-3,-3
1514893021810887,1,2,-10,-3,-1,0,0,0
1514893021810887,0,5,10,1,-2,-3,-3,0
1514893021813389,1,1,-5,-2,0,0,-3,-1
1514893021813389,1,-3,-4,-2,-1,-3,1,-1
1514893021832425,0,-4,2,0,-1,-1,-3,-2
1514893021832425,-1,1,-4,-3,-2,-2,-2,-2
1514893021834415,-2,0,-6,-4,-1,1,-2,-3
1514893021834415,-4,-6,-1,-1,1,-1,1,-1
1514893021845917,-1,1,4,0,-1,-1,0,-1
1514893021845917,-1,4,3,1,0,-2,-1,0
1514893021854918,-2,0,1,-2,-2,-1,0,0
1514893021854918,-1,-7,-1,0,0,0,-2,-2
1514893021869930,0,-1,-7,-3,-2,-2,-2,-1
1514893021869930,-1,2,-7,-3,0,0,-1,0
1514893021871936,-2,-3,2,-2,-2,-2,-4,-3
1514893021871936,-2,-7,4,0,-2,-1,0,0
1514893021892453,-1,2,-4,-2,1,-1,1,0
1514893021892453,0,8,1,-1,-1,0,-1,-2
1514893021895965,0,-4,2,-1,-1,-3,-1,-3
1514893021895965,0,-11,-1,-1,-1,-1,0,-1
1514893021905955,-2,3,-5,-4,-2,-2,0,-3
1514893021905955,0,11,0,-1,-1,-1,0,0
1514893021920965,1,-4,-3,-3,-3,-2,-1,-1
1514893021920965,-3,-12,5,1,-1,-1,-1,-1
1514893021929984,-1,0,-2,2,-1,1,0,-1
1514893021929984,2,9,-7,-3,-2,-1,-1,0
1514893021931484,-1,-1,-1,1,-3,-2,-2,0
1514893021931484,-1,-12,-9,-5,1,-1,-2,-1
1514893021952997,-1,2,16,7,-2,-1,-1,0
1514893021952997,-1,10,-3,-2,0,-1,-1,0
1514893021954499,0,-5,-3,-2,-1,-1,-1,-1
1514893021954499,-3,-12,-5,-2,-2,0,-2,-1
1514893021975003,0,2,7,1,-1,-1,0,-3
1514893021975003,2,9,-8,-4,-1,0,-1,0
1514893021977505,-2,-4,2,-1,-1,0,-1,-1
1514893021977505,-1,-9,1,1,0,-2,-1,-1
1514893021989013,-1,1,-7,-4,-2,-1,-1,0
1514893021989013,1,7,-4,-2,-5,-1,0,-1
1514893021997520,-2,-3,-2,1,-2,0,0,-2
1514893021997520,-1,-8,8,3,0,0,-1,-2
1514893022012539,-3,1,-1,-2,0,0,-1,1
1514893022012539,0,4,-9,-5,-1,-1,-2,-2
1514893022015041,-1,-2,4,1,-2,-2,-2,-1
1514893022015041,-3,-6,4,1,-2,0,0,-1
1514893022035045,0,0,-6,0,0,-2,-2,-2
1514893022035045,-1,4,0,0,-1,-2,0,0
1514893022036549,0,-4,-1,-2,0,-3,-1,0
1514893022036549,0,-2,3,2,1,-1,-1,-1
1514893022050557,-2,-1,-3,-2,-1,-3,-2,-1
1514893022050557,-2,-6,-1,-2,0,-1,-2,-2
1514893022051557,1,0,-2,-1,0,-1,-1,-1
1514893022051557,-1,6,6,1,-4,-1,-1,-1
1514893022072572,-1,-1,-4,-3,0,0,0,-1
1514893022072572,-2,-6,3,2,-1,1,-1,0
1514893022074073,-3,-2,-11,-2,-1,0,-1,-1
1514893022074073,0,5,3,0,-2,-2,-1,-1
1514893022095588,-1,2,-2,1,0,0,-1,-2
1514893022095588,-1,-6,1,-2,-2,0,1,0
1514893022098592,1,-3,-6,-3,0,-1,1,0
1514893022098592,0,8,-9,-3,0,1,-1,0
1514893022110099,1,0,6,-2,-2,-1,-3,-2
1514893022110099,-3,-16,-3,-3,0,-1,-2,-1
1514893022116104,-1,0,7,4,1,0,0,0
1514893022116104,1,16,-4,-3,0,-1,-1,-1
1514893022133115,-2,-2,-1,-2,-4,-2,-2,1
1514893022133115,-3,-19,-1,-1,-1,-1,0,-2
1514893022134616,-4,-6,1,-2,-1,0,-2,-4
1514893022134616,0,17,-12,-1,3,1,0,0
1514893022155133,1,4,11,1,-4,-1,-1,-1
1514893022155133,-1,-20,-2,-2,-3,-2,-1,-1
1514893022156631,-1,-9,6,3,1,1,0,-2
1514893022156631,3,22,-3,-3,-3,0,-2,1
1514893022169641,2,7,-13,-8,-1,1,-2,-2
1514893022169641,-2,-24,2,0,-1,-2,-1,-3
1514893022176145,-3,-13,0,2,-1,0,1,-2
1514893022176145,0,21,4,1,0,-1,1,1
1514893022191663,2,12,-8,-6,-3,-3,-3,0
1514893022191663,-3,-22,1,-1,-1,-1,0,-3
1514893022200162,-5,-16,-2,2,0,0,2,-3
1514893022200162,1,17,1,-1,-2,0,0,1
1514893022215173,2,11,-7,-5,-3,1,-3,0
1514893022215173,-3,-19,-1,-2,-1,-1,-2,-1
1514893022218176,-1,-12,2,3,0,-3,1,-1
1514893022218176,0,14,1,1,0,-1,-1,0
1514893022229186,1,8,-5,-5,-3,-3,-2,0
1514893022229186,-2,-13,-6,-5,-2,-2,-1,-3
1514893022236188,-3,-8,7,6,0,2,-1,0
1514893022236188,-1,10,0,-2,-1,0,-1,0
1514893022252199,1,5,-5,-2,-2,-3,-2,-2
1514893022252199,-2,-9,1,-2,-3,-2,-1,-1
1514893022254200,-5,-7,0,-1,1,-2,-2,-1
1514893022254200,0,8,-7,-1,1,-1,-1,-2
1514893022275215,-1,5,-2,-3,-3,-3,-1,-1
1514893022275215,-1,-10,0,0,1,1,-2,-2
1514893022278717,0,-3,7,3,-3,-1,-2,-3
1514893022278717,-1,6,3,2,-1,0,-1,0
1514893022289225,0,3,-12,-4,0,-2,-1,0
1514893022289225,-1,-4,7,1,-3,-2,-3,-2
1514893022296230,-2,-4,-5,-2,0,-2,-2,1
1514893022296230,1,2,-2,-2,0,-1,-1,-1
1514893022312766,-1,0,-3,0,0,0,-2,-2
1514893022312766,-1,-4,-2,-1,-1,-1,0,-2
1514893022316269,-2,-4,-1,-1,-1,-1,0,-2
1514893022316269,-2,2,0,-1,-4,-2,0,-1
1514893022334782,-1,1,-1,-1,-2,-1,-1,1
1514893022334782,0,-3,-4,-2,-1,0,-2,-1
1514893022336783,-1,-4,4,2,1,1,1,-2
1514893022336783,-1,3,-5,-2,-2,-1,0,0
1514893022349292,0,1,5,-1,-1,-1,-2,-2
1514893022349292,-3,-4,1,0,-1,0,-1,-2
1514893022363817,-1,-2,-4,-2,-1,-2,0,0
1514893022363817,-1,2,-1,-2,0,-2,0,-1
1514893022372309,0,-2,-1,2,1,0,0,-3
1514893022372309,-1,-3,-1,0,-2,-2,-2,-2
1514893022373810,-1,-3,1,2,-1,-1,-1,1
1514893022373810,1,1,0,-2,-3,-2,-2,0
1514893022394824,0,-1,-3,-1,-2,0,0,-1
1514893022394824,-1,-4,-6,-2,-1,-1,-1,1
1514893022397338,-3,-3,2,-3,-2,-1,-1,1
1514893022397338,-2,-1,1,2,-2,0,-1,-2
1514893022408343,0,0,-2,-3,0,0,0,0
1514893022408343,-2,-2,-1,-1,-2,0,0,-1
1514893022417842,-1,-2,-7,-6,-3,-2,-2,-1
1514893022417842,-1,-1,3,2,1,-2,-2,-1
1514893022432353,-1,-2,-3,-2,-1,-1,-1,0
1514893022432353,-1,0,1,0,-2,-3,1,-1
1514893022434857,-1,0,-2,-4,-1,-1,-1,0
1514893022434857,0,-2,-4,0,-1,-2,1,-1
1514893022454870,-1,-2,-1,2,0,0,-1,-1
1514893022454870,-2,-1,3,1,1,-1,-2,0
1514893022456368,-1,1,-5,-2,0,0,-1,-1
1514893022456368,-2,0,2,-3,-3,1,-1,-1
1514893022469377,-4,0,-2,-4,-2,-2,-1,-1
1514893022469377,-1,-2,0,-1,-1,-1,-1,1
1514893022477896,-2,-1,0,1,0,0,0,-1
1514893022477896,-1,-4,-9,-3,-1,-2,-1,-2
1514893022492903,1,-1,0,1,-1,-2,0,-2
1514893022492903,-3,-2,9,0,-1,-1,-1,-2
1514893022494403,-1,0,-1,0,-1,-1,0,-1
1514893022494403,-1,1,1,2,0,0,-1,0
1514893022514912,-1,-5,-3,-3,-1,-1,1,1
1514893022514912,-1,-1,-6,-3,0,0,-1,0
1514893022516413,-1,-1,0,0,0,-1,0,1
1514893022516413,0,-2,-6,-3,-2,0,-1,-2
1514893022528919,-1,-1,-5,-5,-2,-2,-1,-2
1514893022528919,0,0,10,4,-2,-1,-1,-2
1514893022537430,-1,0,-1,0,-2,0,-1,-2
1514893022537430,0,2,-4,-1,0,-1,-1,-1
1514893022552435,0,-1,-6,-3,-3,-1,-1,-1
1514893022552435,1,-4,-2,-3,-1,-2,0,0
1514893022553943,-1,2,1,2,-2,1,-2,-1
1514893022553943,-2,-1,-8,-5,-2,0,-3,0
1514893022574951,-2,0,15,2,-2,-3,-3,-1
1514893022574951,-2,-3,-5,2,1,0,0,-2
1514893022576453,1,-3,-8,-1,-2,0,1,-2
1514893022576453,-1,1,5,-1,-3,-1,-1,-2
1514893022588461,-2,0,-3,-2,-3,-3,0,0
1514893022588461,-1,-2,0,-4,-1,-1,1,-1
1514893022597467,2,-1,2,-1,0,-3,-1,-3
1514893022597467,0,-1,-3,-3,-1,-1,1,0
1514893022612478,1,-1,-3,5,6,2,0,-1
1514893022612478,0,-1,-1,-1,-2,-1,-2,0
1514893022613979,-1,-2,-5,-1,-2,0,0,1
1514893022613979,0,-1,5,-3,-2,-2,-2,-1
1514893022634996,-1,-1,0,-2,0,-1,-1,-1
1514893022634996,-3,-3,-3,0,-1,0,-2,-1
1514893022636495,-2,-1,-4,-4,-1,-1,-3,-1
1514893022636495,-1,-1,3,0,0,-2,0,-2
1514893022648503,0,0,-7,-5,-1,0,0,-1
1514893022648503,0,-3,11,4,0,-1,-1,-1
1514893022657510,-1,-1,0,-2,-3,-1,-1,-2
1514893022657510,-1,2,-1,0,0,-1,-2,-2
1514893022672521,-2,-2,-5,-3,-1,1,-1,-2
1514893022672521,-1,0,-2,-4,-1,-2,0,-2
1514893022674022,-1,0,1,1,0,0,-1,-1
1514893022674022,1,-1,-2,-1,0,-1,1,-1
1514893022695538,-1,-3,0,-1,-1,-1,-2,-3
1514893022695538,0,-1,-8,-2,-2,1,-1,-1
1514893022698040,-1,1,0,-2,1,-2,-1,0
1514893022698040,-1,0,0,-1,0,-2,-2,1
1514893022708547,-1,-2,-3,1,-2,-2,-3,1
1514893022708547,-4,-10,-4,0,-2,1,0,1
1514893022719555,-1,-2,8,0,1,-1,-1,0
1514893022719555,-2,1,-7,-5,-3,1,-2,-1
1514893022732563,1,5,5,8,2,1,-1,-2
1514893022732563,1,5,-10,-4,-3,-4,-2,-2
1514893022734065,-2,-2,-3,-1,0,0,0,-2
1514893022734065,2,0,-5,-5,-4,-2,-2,0
1514893022755082,-1,-2,0,-4,-4,-2,-1,1
1514893022755082,-1,0,-3,1,1,-2,-1,-2
1514893022756581,0,9,-5,-1,-2,-4,-1,-3
1514893022756581,-1,1,0,-1,-1,-1,-2,-2
1514893022768588,-3,-3,-8,-3,-4,-3,-1,-2
1514893022768588,-2,-5,7,-1,-1,-2,0,-3
1514893022785101,-1,0,-1,-2,-1,-1,-1,-1
1514893022785101,-3,-3,1,1,-1,0,1,-2
1514893022791618,-1,-4,1,-2,-1,-1,0,-1
1514893022791618,-2,-2,-3,-2,-1,0,-1,-2
1514893022800113,-1,-3,-2,-2,-1,-1,-2,-1
1514893022800113,0,0,-6,-4,-2,-2,-2,-1
1514893022815622,0,-1,10,8,2,-2,-2,-2
1514893022815622,0,-1,2,-2,0,-2,1,-1
1514893022819127,1,-2,-2,-2,-1,-1,0,-1
1514893022819127,-2,0,-7,-3,0,0,-1,0
1514893022829145,0,-2,-4,-3,-2,0,-2,-1
1514893022829145,-1,-2,6,0,0,-2,-1,-2
1514893022837637,-2,-2,-5,-2,-2,-1,-2,-1
1514893022837637,-1,2,-4,-3,0,-1,0,0
1514893022852648,-2,-2,0,-4,-2,-3,-1,-1
1514893022852648,4,3,-6,-2,-2,-2,0,-1
1514893022854149,-4,-3,3,3,2,0,0,-2
1514893022854149,0,-1,-2,2,1,0,-1,-4
1514893022875164,-3,-1,4,-1,-1,-2,-2,0
1514893022875164,3,4,-4,-4,-3,-1,-1,0
1514893022877678,-3,-5,4,1,-2,-2,0,1
1514893022877678,0,-1,1,1,0,0,-1,-2
1514893022897189,-1,-4,-5,-2,-1,-1,0,-2
1514893022897189,-4,-3,-4,-2,-1,0,1,-1
1514893022899205,1,1,-1,0,-1,-2,-1,-2
1514893022899205,-2,-1,3,2,1,0,-3,-1
1514893022911699,1,-1,-1,-4,-2,-2,-1,-1
1514893022911699,-3,-2,-1,0,-2,-1,0,1
1514893022922197,-1,0,-3,-1,-2,1,-2,-1
1514893022922197,-1,-1,-4,-1,-2,-2,0,0
1514893022935207,-1,0,5,1,0,1,0,-1
1514893022935207,-2,-1,-2,0,1,-2,-3,-3
1514893022936707,-1,0,-1,-1,0,-1,1,0
1514893022936707,-3,-6,0,0,-1,0,-1,1
1514893022957222,-1,-4,-9,-3,0,-2,0,-1
1514893022957222,-2,-1,3,-1,-2,-2,-1,0
1514893022959223,0,0,-1,1,-1,-2,-2,-1
1514893022959223,1,1,2,2,0,-1,-1,-1
1514893022972232,-5,-3,-1,0,-2,-2,0,-1
1514893022972232,0,-3,-2,-1,-1,0,-2,-2
1514893022974233,-1,0,-1,-3,-2,-2,-2,-3
1514893022974233,1,0,4,0,0,0,0,-1
1514893022994748,-3,-3,-10,-1,-1,-1,-2,-1
1514893022994748,-7,1,6,-1,-2,-1,0,-1
1514893022996750,-1,1,-1,0,1,-1,0,0
1514893022996750,0,1,-1,-1,-2,-2,-1,-3
1514893023018265,-1,-4,-11,-3,-1,1,0,-1
1514893023018265,1,1,6,-1,-1,-1,-1,0
1514893023019766,1,0,9,3,-1,1,-1,-1
1514893023019766,-4,-2,-3,1,1,-2,0,-1
1514893023031774,-2,-3,1,-3,-1,-1,0,0
1514893023031774,-1,-4,-13,-4,1,-3,-1,-1
1514893023038779,0,0,-3,-3,-2,-2,0,1
1514893023038779,1,0,2,-2,-1,-1,-1,0
1514893023054791,-1,-4,1,0,0,-1,0,-2
1514893023054791,-1,-1,0,0,-1,-2,0,-2
1514893023056792,-2,-1,-4,-1,-2,-3,-2,-2
1514893023056792,-2,-3,-2,-1,0,-2,-1,0
1514893023077308,2,1,2,0,0,-2,0,0
1514893023077308,-2,-2,-2,1,0,-1,-1,1
1514893023079808,4,4,-3,-3,-2,-2,-1,-2
1514893023079808,-3,-1,-3,-4,-2,0,-2,-1
1514893023091316,-2,-1,1,2,-1,-2,-2,-1
1514893023091316,0,0,3,1,-1,1,-1,1
1514893023105827,-2,-1,-4,-2,-1,1,-3,0
1514893023105827,0,-2,0,-1,-2,-3,0,-1
1514893023114845,-1,-1,2,0,-1,-1,-2,-2
1514893023114845,0,-3,-9,-3,-1,0,-1,-3
1514893023117837,0,2,6,2,0,-1,-1,0
1514893023117837,-2,0,9,-1,-1,-3,-1,-3
1514893023137359,0,-1,0,-1,-1,1,-2,0
1514893023137359,-1,-2,-3,0,0,0,0,-1
1514893023138861,-1,-1,-6,-2,-2,1,0,-1
1514893023138861,0,-4,-3,-1,0,-1,-1,-2
1514893023151859,-1,-3,0,-1,-1,-1,0,-1
1514893023151859,-2,-3,-2,0,-1,-1,-1,0
1514893023166887,-2,-2,-1,-3,0,0,-1,-1
1514893023166887,-3,0,0,-2,0,0,0,-2
1514893023174887,-3,-4,2,-1,-2,-1,-1,-2
1514893023174887,0,1,0,0,-1,0,-2,0
1514893023176378,-2,0,0,0,0,-2,0,0
1514893023176378,0,0,-2,1,-1,0,0,-1
1514893023197402,1,0,-3,-3,-1,-1,0,0
1514893023197402,-1,0,1,1,-1,-1,-1,-1
1514893023198908,1,1,-2,-5,-2,-1,-1,-2
1514893023198908,-1,-2,-6,1,0,-2,-2,1
1514893023211902,2,-4,-2,-2,-1,-1,0,-1
1514893023211902,-2,-1,1,-1,-1,-1,1,-2
1514893023218408,-4,-2,-1,-1,-3,-1,-1,-1
1514893023218408,-1,-3,-1,-1,-1,0,0,-1
1514893023234919,-4,-2,-4,-1,-3,-2,0,0
1514893023234919,2,0,6,-1,0,-1,-2,-2
1514893023236419,-2,0,-2,-2,-1,-2,-2,0
1514893023236419,1,-1,-3,-1,1,-1,-3,-2
1514893023257434,0,-1,1,0,0,-2,-1,0
1514893023257434,-2,0,-4,-4,-3,-2,0,0
1514893023258935,-1,-1,-3,2,-1,-1,0,0
1514893023258935,-1,-2,0,-1,-4,-1,-1,-1
1514893023271954,0,-2,5,1,0,-2,0,-2
1514893023271954,-1,2,2,-1,-3,-1,-1,-1
1514893023279949,0,1,-2,-3,0,-2,0,-1
1514893023279949,0,-2,-4,-2,-2,-3,-2,0
1514893023294960,-1,-2,-3,-3,0,1,-2,-2
1514893023294960,-2,-1,-3,0,0,-1,0,-2
1514893023296461,0,0,1,0,-1,0,-1,-1
1514893023296461,0,-2,-3,-3,-1,-1,0,-2
1514893023317478,-1,-1,2,-3,-2,0,-2,-1
1514893023317478,-2,0,-1,-1,-2,1,-1,0
1514893023318977,0,0,-3,0,0,1,-2,0
1514893023318977,0,-1,-6,-2,-2,-2,-2,-1
1514893023339992,-1,-3,6,0,-2,-1,-1,0
1514893023339992,1,-1,-3,-1,1,0,-1,0
1514893023341493,-1,1,-1,-1,-2,-2,0,-1
1514893023341493,-2,-6,3,-1,-1,-1,-1,-1
1514893023355003,-2,-3,-3,-2,-1,-1,-1,-1
1514893023355003,-1,2,-3,1,-1,-2,-2,-2
1514893023356504,-1,-1,1,-1,-2,-3,-1,-1
1514893023356504,-1,0,-1,-1,-1,-1,-2,-1
1514893023376528,-1,-1,-4,-3,0,-1,-1,-3
1514893023376528,0,0,3,0,0,-1,1,-1
1514893023386035,-1,-1,-2,-3,-1,-2,-1,-1
1514893023386035,-3,-1,2,1,-1,-2,-3,-2
1514893023391028,-1,-2,-8,-2,-1,-3,-2,0
1514893023391028,-1,1,2,1,-2,-3,-2,0
1514893023401540,-3,1,-2,-1,0,0,-2,-1
1514893023401540,-1,-2,2,-3,-1,-1,-2,-1
1514893023415073,0,-3,0,-2,-2,-2,-3,-2
1514893023415073,-1,-1,-3,-3,0,-1,0,-1
1514893023416561,0,-1,-2,-1,-2,-1,0,-1
1514893023416561,-1,-2,-1,-2,0,-1,0,0
1514893023437562,-2,-2,0,2,-1,0,1,-1
1514893023437562,-3,-2,-4,-1,-2,-1,-1,-2
1514893023439062,1,0,-1,-1,0,0,0,-1
1514893023439062,-1,0,-3,-3,0,0,-2,0
1514893023451070,-3,-1,1,-1,0,-2,-1,-1
1514893023451070,-1,-1,-7,-3,-2,-1,0,-1
1514893023460087,-2,0,12,2,-1,-2,-1,-3
1514893023460087,-1,0,-3,0,-2,-2,-1,-1
1514893023475087,0,-1,-4,-2,0,2,0,0
1514893023475087,-2,1,-4,-4,-1,-1,-1,0
1514893023476588,0,0,5,2,-1,-1,-1,-2
1514893023476588,-1,-1,0,-2,0,0,0,-2
1514893023497619,-2,-3,-2,0,0,-1,0,-1
1514893023497619,0,0,-2,-1,-1,-2,-1,-2
1514893023499105,1,-1,-11,-4,-2,2,-1,1
1514893023499105,1,-1,7,0,0,0,0,-2
1514893023511125,-1,-1,0,-1,-3,0,-1,-1
1514893023511125,2,5,-3,-3,-3,-2,-3,-2
1514893023522120,-1,1,-2,-4,-2,-3,-1,-2
1514893023522120,0,-1,-6,1,-1,0,0,-1
1514893023542635,-3,-2,1,-2,0,1,1,-1
1514893023542635,-2,-1,2,0,-2,0,0,-1
1514893023544146,-1,0,-7,-1,0,-1,-1,-1
1514893023544146,-1,-1,2,2,-2,-2,0,-2
1514893023557656,0,-1,2,-1,-2,-3,-1,-1
1514893023557656,0,-1,2,-2,0,-3,-1,2
1514893023559157,-1,0,-2,-1,-1,-1,-1,-1
1514893023559157,-1,-4,-4,-4,-3,-1,-3,-2
1514893023571156,-3,-3,1,2,2,-1,-1,0
1514893023571156,-3,-1,-2,6,0,1,0,0
1514893023580161,-2,1,0,0,-2,-2,0,-1
1514893023580161,1,-1,-6,-2,-1,0,-2,-1
1514893023594672,2,-3,0,-4,-4,-2,1,-1
1514893023594672,0,0,2,-1,-3,0,-2,-1
1514893023597174,1,1,4,1,-2,0,-1,-1
1514893023597174,-2,-3,-2,-3,-2,0,0,-1
1514893023618689,-2,-3,-9,-3,-1,-4,-2,-2
1514893023618689,1,-1,2,1,1,0,-1,-2
1514893023622192,0,2,-6,-2,0,-2,-2,-2
1514893023622192,-1,-4,-5,-2,-2,-1,0,-2
1514893023631197,-1,-2,4,1,-3,-1,-1,-1
1514893023631197,-2,-2,-6,-3,-2,-2,-1,-1
1514893023640204,-1,-2,0,-1,0,0,-1,0
1514893023640204,-2,-1,-4,-1,1,0,-1,-2
1514893023662720,0,-2,-5,2,0,-1,-2,0
1514893023662720,-2,0,3,1,-1,-1,-2,0
1514893023664223,-1,-1,-6,-3,-1,-1,0,1
1514893023664223,2,-4,2,-2,-1,-1,-1,-1
1514893023684736,0,-1,5,1,1,-1,-1,-3
1514893023684736,-1,-1,-5,-3,1,-1,-1,-1
1514893023686236,-1,-2,-1,-3,-2,-1,0,0
1514893023686236,-3,-1,-2,-2,-1,-1,-2,-1
1514893023691241,-3,-2,-3,0,1,1,-1,-1
1514893023691241,0,-1,3,-2,-2,-2,-1,-4
1514893023700257,1,1,-7,0,-1,-2,0,-1
1514893023700257,-3,-3,-3,-3,-1,-1,-2,0
1514893023714766,-1,-2,4,-3,-1,-1,-1,0
1514893023714766,-1,1,-1,3,0,0,-1,0
1514893023716770,-1,-1,-2,-1,-2,0,1,0
1514893023716770,-1,-1,0,0,-2,-1,-1,-1
1514893023737286,-2,-2,-9,-4,-1,-2,0,0
1514893023737286,1,-1,-5,-4,-2,-2,-1,0
1514893023739296,-2,0,6,-1,-1,-3,-2,-3
1514893023739296,-1,-4,-3,-1,-1,-2,-2,-1
1514893023751283,-1,-1,0,0,-2,-1,-1,-2
1514893023751283,0,0,-2,-1,-3,-3,-1,-1
1514893023759804,0,0,-3,-1,0,-1,-2,-1
1514893023759804,-2,-1,3,2,0,0,1,2
1514893023774799,-2,-2,-1,-1,-1,0,0,-1
1514893023774799,-1,0,-3,-2,-2,-1,0,1
1514893023778314,0,0,-8,-3,-1,1,-1,0
1514893023778314,-1,2,13,4,-2,-3,-1,-1
1514893023797325,0,-1,1,-2,0,0,-2,-3
1514893023797325,1,0,-3,-3,-1,-1,-1,-1
1514893023798817,-1,0,-1,-2,0,-1,-1,-1
1514893023798817,0,-3,-4,-1,-2,0,1,1
1514893023820832,-1,-4,-2,-2,-3,-2,-1,-1
1514893023820832,0,0,-3,-1,1,0,0,-1
1514893023822335,0,0,1,-1,-1,-1,-1,-1
1514893023822335,0,0,-4,-2,-1,-1,-1,0
1514893023833842,-1,-3,-2,1,-1,-2,-2,-1
1514893023833842,-3,-1,4,0,-1,0,-1,-2
1514893023842347,2,-1,3,0,-1,-1,-1,-1
1514893023842347,-2,-3,-1,-3,-1,1,0,-2
1514893023857868,-1,0,8,3,-1,-1,-1,-3
1514893023857868,-1,0,-2,0,-2,-1,-1,-2
1514893023863380,0,-1,-2,1,-1,0,-2,-1
1514893023863380,-1,-2,-8,-2,-1,-2,-1,-2
1514893023879883,-1,-3,-4,-3,-1,0,1,-1
1514893023879883,-2,0,0,-2,-2,-1,0,-2
1514893023881375,-1,-1,1,-2,-4,0,-1,-1
1514893023881375,0,-3,0,-1,-1,-3,-1,-2
1514893023894894,1,-3,-4,-2,0,-3,-1,-2
1514893023894894,0,2,5,3,-1,-3,-2,-2
1514893023897396,-2,2,-2,-1,0,-3,1,-1
1514893023897396,0,-3,1,1,-1,-1,-2,3
1514893023918902,-2,0,-1,0,-3,-1,-1,-3
1514893023918902,-2,-1,-5,-6,0,0,1,1
1514893023921404,-2,-1,-4,2,0,-1,-2,-1
1514893023921404,-2,-1,7,2,-1,-1,-2,-3
1514893023940420,-2,-4,-4,-1,-2,1,-1,0
1514893023940420,-2,-1,-2,-3,-2,-2,-3,1
1514893023941918,-1,0,-3,-1,1,-1,-2,-1
1514893023941918,0,-3,-8,-2,0,0,1,-1
1514893023954927,-2,-2,6,-1,-2,1,0,0
1514893023954927,0,0,1,-2,-2,-1,-1,-3
1514893023956438,0,1,-2,-1,0,0,-1,0
1514893023956438,-3,-1,-3,-1,-2,-2,-2,-1
1514893023977443,0,-3,-3,0,0,-1,-1,-1
1514893023977443,-2,-1,-13,-3,0,-1,0,2
1514893023978944,-1,0,14,1,-3,-2,-1,0
1514893023978944,0,-4,-2,-2,-1,2,-1,-2
1514893024000461,1,-2,-3,1,-2,-2,1,0
1514893024000461,1,0,6,0,-2,0,0,-1
1514893024002461,-1,-2,-6,-4,0,0,-2,-1
1514893024002461,-2,-2,-1,-2,-1,-2,-2,0
1514893024014503,-2,-3,0,-1,-2,0,-1,1
1514893024014503,1,-1,-5,-1,-3,-1,-2,-3
1514893024020983,-1,0,-1,0,-2,-2,-1,-1
1514893024020983,-2,-1,4,-1,-1,-2,0,-1
1514893024037495,-2,0,-1,-1,0,-1,0,0
1514893024037495,-1,0,-3,-2,-1,-4,-1,-1
1514893024038996,0,1,0,-1,-1,0,-1,-1
1514893024038996,0,-2,-4,-1,-1,1,-1,-1
1514893024060015,0,-3,2,1,-1,1,-3,-1
1514893024060015,-2,0,-4,-1,-1,-1,0,0
1514893024061515,0,-1,3,0,-1,-2,-2,-2
1514893024061515,-3,-1,-6,0,-2,-1,1,-2
1514893024074011,-3,-3,1,-2,0,0,0,-1
1514893024074011,0,0,0,-1,-2,-1,0,-2
1514893024082516,-1,1,-5,-3,-1,-2,-1,-2
1514893024082516,-1,-1,-3,-3,-1,-2,-1,-3
1514893024098028,-2,-2,0,1,0,1,-1,0
1514893024098028,-2,0,-6,-5,0,-1,-2,0
1514893024099529,-1,2,1,5,2,0,0,-2
1514893024099529,-2,-1,2,2,0,-1,0,-2
1514893024121044,1,-4,-6,0,-1,-2,0,0
1514893024121044,-1,-1,1,-1,0,0,-1,-1
1514893024123546,-1,-1,-4,-4,-4,0,-2,-2
1514893024123546,-1,-2,0,-1,0,1,0,-1
1514893024134056,0,-2,-4,-3,0,-3,-2,-2
1514893024134056,0,0,6,3,-2,-1,-2,-2
1514893024141058,-1,1,-4,-3,-1,-1,-2,0
1514893024141058,0,-3,0,-1,-1,-2,-1,-1
1514893024157570,-1,-2,-2,-1,-2,1,0,0
1514893024157570,-1,-2,-2,0,-1,0,-1,-1
1514893024159071,0,-2,-2,-2,-1,-1,-2,0
1514893024159071,0,-3,-6,-3,-2,-3,-2,0
1514893024188604,-3,0,12,-1,-3,-2,-2,-1
1514893024188604,0,1,-2,-1,0,-2,-1,-1
1514893024190094,-2,-2,-4,-1,-2,-2,-2,2
1514893024190094,-1,-3,0,-1,-2,0,-1,-2
1514893024194108,1,-3,-4,0,-1,1,-1,-2
1514893024194108,-2,-1,-2,0,-1,-1,0,-2
1514893024201104,-2,-2,-11,-7,-3,-2,0,-1
1514893024201104,-1,0,3,5,0,-1,-2,-2
1514893024218112,0,0,11,-1,-1,-2,-3,-4
1514893024218112,-1,1,2,-1,0,0,0,-2
1514893024219614,1,1,-5,-2,-1,0,0,-1
1514893024219614,0,-2,-3,-4,0,-2,0,0
1514893024240128,-1,-2,-8,-1,0,-1,-2,-1
1514893024240128,0,0,-1,-3,-3,-2,-2,-1
1514893024241638,-1,-1,0,1,0,0,-2,-1
1514893024241638,-2,-2,0,0,0,0,-1,0
1514893024254307,-2,-1,1,2,0,-1,1,0
1514893024254307,-2,-2,-3,-1,0,-1,0,-1
1514893024260832,0,-1,0,-1,-1,-1,0,-2
1514893024260832,-1,-3,1,-2,-1,0,-3,0
1514893024277332,-2,-3,-9,-6,-1,-1,-1,0
1514893024277332,1,1,2,4,-1,-1,-1,0
1514893024278824,-1,-1,14,0,-3,-1,0,-2
1514893024278824,-1,-1,1,1,-1,-1,-2,-2
1514893024299851,-1,0,-4,0,1,0,0,-2
1514893024299851,-2,-1,-11,-4,-2,-2,0,-2
1514893024303351,-1,1,-5,-2,-1,0,-2,-1
1514893024303351,0,-1,2,-1,0,-2,-1,-2
1514893024313348,-2,-1,-5,-4,-2,-1,0,0
1514893024313348,-1,-1,1,0,-1,-2,-1,-1
1514893024322355,0,0,-4,0,-1,-2,-1,-1
1514893024322355,-3,-2,-2,-3,-5,1,-2,-1
1514893024337375,-2,-2,2,3,-1,-1,1,-1
1514893024337375,-2,-1,-1,1,0,-1,-1,0
1514893024338876,1,0,-4,-1,-3,-1,0,-2
1514893024338876,-1,-1,-2,-3,0,-2,-1,-1
1514893024359920,-1,-3,-2,-1,0,-1,0,0
1514893024359920,1,-1,1,0,0,-2,-1,-1
1514893024361421,-2,-1,-4,-2,-1,2,-1,0
1514893024361421,0,-2,3,0,0,-1,0,1
1514893024373428,-1,-4,-5,-4,-1,-1,-1,-3
1514893024373428,-1,0,7,3,-1,0,-1,-1
1514893024382436,0,-2,1,0,-1,0,-1,-1
1514893024382436,-1,-2,-3,0,0,-1,-1,-1
1514893024397947,-1,-2,-5,0,1,1,-1,0
1514893024397947,0,0,-11,-4,-2,-1,-2,-1
1514893024399448,1,1,3,-3,-2,-2,0,-2
1514893024399448,-3,-2,5,1,-1,-1,0,-1
1514893024419961,-2,-2,1,0,-1,-3,-2,-1
1514893024419961,-3,1,-3,-2,-2,0,-1,-1
1514893024423476,-2,-3,-4,-2,-1,-2,-2,-2
1514893024423476,-1,-1,-9,-2,-1,-1,-1,-3
1514893024433471,-1,-2,6,-1,0,0,-1,-2
1514893024433471,-2,0,2,1,-1,-1,-1,-1
1514893024448491,-1,2,-1,-1,0,-2,1,-1
1514893024448491,-2,-1,-1,-2,-1,0,0,0
1514893024464996,0,0,-5,-4,-2,-1,-1,1
1514893024464996,1,0,3,3,2,0,-2,0
1514893024466494,-1,-1,1,-4,-4,-2,-1,-1
1514893024466494,1,-1,-1,2,2,0,-1,-1
1514893024480023,1,-2,-7,-2,0,-1,0,-1
1514893024480023,0,-1,2,-2,-2,-2,-2,0
1514893024483507,-1,-2,-3,-2,-2,-1,-3,-1
1514893024483507,1,-4,-6,-2,-1,-3,-1,0
1514893024493513,-2,-1,-2,1,-2,-1,-2,0
1514893024493513,-3,-1,9,1,-2,0,-1,-2
1514893024504031,-2,-1,4,-1,0,-1,-2,-2
1514893024504031,-2,-1,0,-2,-1,-2,0,-2
1514893024517531,-1,0,-1,0,0,-1,0,-1
1514893024517531,-2,-1,-8,-2,-1,-1,-2,0
1514893024519032,-1,0,-6,1,-1,0,-1,-1
1514893024519032,-2,-2,5,-1,-1,-1,-1,-1
1514893024540047,-2,1,1,-2,-2,-1,-1,-1
1514893024540047,-2,2,-2,0,1,1,-1,0
1514893024541547,-3,-1,-4,-2,-3,-1,-2,-1
1514893024541547,-1,-4,-2,-2,-1,0,-2,-1
1514893024553567,0,-2,3,1,0,0,-1,-1
1514893024553567,0,1,-4,-5,-3,-3,-1,-2
1514893024562589,-1,-2,-2,-1,0,-1,-1,-3
1514893024562589,-3,-4,-5,-1,1,-2,-1,0
1514893024577583,-2,-2,0,0,-2,-3,0,-1
1514893024577583,-1,-1,-4,-3,0,-2,0,1
1514893024579083,0,0,-5,-1,0,-2,-1,0
1514893024579083,0,0,6,-2,-3,-1,0,0
1514893024607595,-2,-1,1,0,0,-1,-1,-2
1514893024607595,0,0,0,0,-3,-1,1,-1
1514893024609095,-1,-1,-4,-3,0,-1,1,0
1514893024609095,1,-1,-8,0,0,0,-1,-2
1514893024614611,-1,0,6,0,-1,-2,0,-3
1514893024614611,-1,-1,3,-1,-1,-1,-1,-2
1514893024622605,-1,0,-1,-1,-1,0,-2,0
1514893024622605,-1,-1,-5,-5,-2,-1,-2,-1
1514893024637615,-2,0,-2,0,0,0,0,-1
1514893024637615,-1,-1,-3,-1,0,-3,-1,-2
1514893024639116,-2,0,0,-2,-1,-2,-2,-1
1514893024639116,-1,-1,-2,2,-1,0,0,1
1514893024659632,0,0,-5,0,-1,-3,-2,0
1514893024659632,1,-1,2,-2,-2,-1,-1,0
1514893024661659,0,-2,1,2,-1,-4,-1,-1
1514893024661659,0,-2,3,3,-1,-3,-1,-3
1514893024673641,-1,-2,0,-1,-2,-1,0,-2
1514893024673641,-2,0,-10,-3,-1,0,-2,1
1514893024682657,-1,-2,4,-2,0,-1,0,-2
1514893024682657,-2,0,1,1,0,-1,-1,-1
1514893024697658,-1,-3,-2,-2,-2,-2,-3,0
1514893024697658,0,-3,-3,-2,0,-3,-2,-2
1514893024700160,1,-3,-2,-2,1,-2,-2,2
1514893024700160,-2,-1,-5,-2,-1,-3,-2,1
1514893024720174,1,-1,4,3,-2,-1,-1,-1
1514893024720174,-2,-1,-6,-2,-1,0,-2,-1
1514893024721684,-2,1,9,0,0,-2,0,-3
1514893024721684,-2,-2,0,-3,-1,0,0,0
1514893024733686,-2,1,-6,-1,0,1,0,-1
1514893024733686,-1,-1,0,-1,-1,-1,-2,-2
1514893024742690,-1,-3,-6,-3,-1,0,-1,-1
1514893024742690,-1,-2,2,0,-3,-1,-1,-2
1514893024757210,-1,-2,-4,-4,-3,0,0,-1
1514893024757210,0,-1,5,1,1,-1,-2,-1
1514893024759211,-2,-1,-4,-1,-2,-1,-1,-1
1514893024759211,1,-1,-2,-3,-1,0,-2,0
1514893024779726,0,-2,6,-1,0,-1,-1,0
1514893024779726,-2,0,1,-1,-1,-2,0,-1
1514893024782727,-1,-2,-5,-1,-1,-1,-3,0
1514893024782727,-2,-4,-2,-2,-2,0,-2,-1
1514893024802232,-1,0,-12,-6,-3,0,0,0
1514893024802232,1,-1,4,1,-3,-1,-1,-2
1514893024812248,-1,-1,0,0,-1,-2,-1,-2
1514893024812248,-2,0,-1,0,-2,-2,0,-2
1514893024817255,-1,-2,-4,-1,-2,0,-1,0
1514893024817255,-1,1,1,-4,-3,-1,-2,-3
1514893024819243,1,-2,-3,-3,-2,0,-1,-1
1514893024819243,-1,-1,6,3,0,-1,0,-2
1514893024839775,-2,0,-3,-3,0,0,1,-2
1514893024839775,-2,0,-7,-4,0,-3,-1,0
1514893024841259,0,-1,3,2,-2,-2,0,0
1514893024841259,0,-2,-7,-3,-2,-2,-1,0
1514893024862283,0,0,5,4,-1,-1,-2,-2
1514893024862283,-2,1,-1,0,-1,-1,-2,-1
1514893024863785,-2,-1,-3,-2,0,-1,0,0
1514893024863785,0,-2,-3,-2,-1,-2,-1,-1
1514893024877286,0,1,1,0,0,-2,0,-2
1514893024877286,1,0,-5,-1,-1,-1,-1,-1
1514893024879286,0,-2,-1,-1,0,-1,-1,0
1514893024879286,-2,0,4,1,-2,-1,0,-1
1514893024899972,-2,0,-4,-2,-1,-1,0,-2
1514893024899972,-1,1,5,-2,-1,0,0,-1
1514893024903473,-1,-1,-3,-1,-1,0,0,0
1514893024903473,1,-3,-1,1,0,-3,0,-1
1514893024922487,0,-2,0,-2,-3,1,-3,-1
1514893024922487,-1,-1,-3,-2,-2,1,-1,0
1514893024923988,0,-2,-3,-3,-2,2,-1,0
1514893024923988,-2,-1,1,-1,-2,2,-1,0
1514893024936996,-4,-1,0,1,1,-2,0,-1
1514893024936996,-1,-1,-5,-2,-1,-2,-1,-3
1514893024943501,-2,-1,2,0,-2,-5,-1,-2
1514893024943501,-1,-2,-1,-1,1,-3,-1,-2
1514893024960013,-1,0,-1,2,-1,-4,-1,0
1514893024960013,1,-1,-3,-1,-2,-3,0,-1
1514893024961526,-2,-2,1,0,-3,-3,-1,-1
1514893024961526,0,-2,-1,-2,0,-1,-2,-3
1514893024983529,-1,-1,0,-1,0,0,-2,0
1514893024983529,0,1,2,-1,-1,-1,-3,-3
1514893024985052,0,-1,-3,0,0,0,-1,0
1514893024985052,-2,-2,-1,-4,-3,-1,-2,0
1514893024997039,0,0,-6,-1,0,1,-1,-1
1514893024997039,-3,0,-3,2,1,0,-1,0
1514893025003544,0,1,13,3,-2,-2,-1,-2
1514893025003544,-3,-3,-4,-1,-2,0,-1,0
1514893025020057,0,-2,0,-5,-2,-1,-1,-2
1514893025020057,-1,0,-2,0,-1,-1,0,0
1514893025021558,0,-3,-7,-5,-2,-1,-3,-3
1514893025021558,0,-1,7,1,1,-2,-1,-2
1514893025042575,-2,-1,-9,-2,-1,-2,-1,-2
1514893025042575,-2,0,8,0,-2,-1,0,0
1514893025044072,-2,0,-5,2,0,2,-2,-1
1514893025044072,-1,-1,-4,-1,-2,0,-1,-1
1514893025065114,-1,-1,-3,-2,0,-1,-1,0
1514893025065114,-2,-3,-4,-1,-1,-1,-1,0
1514893025066591,0,-1,-3,-3,-2,-1,-1,0
1514893025066591,-2,0,-4,-3,-1,-2,-1,-3
1514893025079610,-1,1,7,7,-1,-1,-1,-1
1514893025079610,-1,1,-2,-3,-2,-1,-1,-2
1514893025083111,0,-2,-2,-1,0,-1,-1,0
1514893025083111,0,-1,-4,-4,-1,-1,1,1
1514893025102115,0,0,-1,-2,-2,-2,-1,-1
1514893025102115,0,-1,-2,-4,-2,1,-1,-1
1514893025110131,-1,-2,-4,-4,-1,-2,-2,0
1514893025110131,-2,-1,2,1,-1,-2,1,-2
1514893025116633,-2,0,-2,-1,-1,0,-3,-2
1514893025116633,-1,-1,0,-2,-2,0,-1,-2
1514893025123638,0,-1,-2,-2,-1,-1,1,-2
1514893025123638,-1,-2,3,1,-1,0,-1,0
1514893025140140,-2,-1,2,1,1,-1,-1,0
1514893025140140,-3,1,-5,-1,0,-2,0,-1
1514893025141641,-3,-3,-4,-2,1,-1,-1,-1
1514893025141641,0,-1,4,1,-2,0,-1,-2
1514893025162165,-1,-1,0,1,-1,0,0,1
1514893025162165,0,0,-1,1,-1,-1,-2,0
1514893025163658,-2,-2,-2,-2,-1,-1,-2,-2
1514893025163658,-1,-3,-3,-3,0,-1,-1,0
1514893025176676,0,1,-1,1,-1,1,0,-2
1514893025176676,0,-1,-2,-1,-1,-1,-2,-1
1514893025183672,-2,-2,-4,0,-1,-2,0,-2
1514893025183672,0,-1,0,-1,-2,-2,-1,0
1514893025199682,-1,1,0,-3,-1,-2,-1,1
1514893025199682,-1,0,-2,1,0,-1,-2,0
1514893025203186,-1,-2,0,-1,-2,0,0,-2
1514893025203186,-1,-1,-5,3,2,-1,-1,-1
1514893025222198,-2,-1,1,-1,-2,-1,0,-1
1514893025222198,0,0,1,0,-2,-3,-2,1
1514893025224201,0,-1,0,-1,-1,-2,-1,0
1514893025224201,-1,-4,-3,-3,-2,-2,-3,-1
1514893025236721,0,0,-1,-6,-2,-2,0,-3
1514893025236721,-1,-1,-2,1,0,-1,-1,-2
1514893025243736,-2,0,6,1,0,1,-2,0
1514893025243736,-1,-2,-1,-1,-2,-2,-2,-2
1514893025259724,-2,-1,-4,-2,0,-1,-2,0
1514893025259724,0,0,-3,-6,-2,0,1,-2
1514893025261738,-2,-1,2,-2,0,-1,0,-1
1514893025261738,-2,-1,-4,1,-1,-1,-1,0
1514893025283743,1,0,1,0,-2,-3,-3,-2
1514893025283743,0,0,0,0,-1,-2,-2,-2
1514893025285253,-1,-3,-1,1,1,-1,-1,-2
1514893025285253,-2,-1,-2,-3,-1,1,0,-1
1514893025296751,-2,-2,-1,-2,-2,0,-1,-1
1514893025296751,-2,0,0,-1,-1,-1,0,1
1514893025305257,0,-2,-3,-2,-3,-1,-1,0
1514893025305257,-2,-2,0,-2,-1,0,0,-1
1514893025327287,-2,-1,2,1,-1,-2,-1,0
1514893025327287,0,0,-2,-4,-1,0,-1,-1
1514893025328775,-1,-1,-2,-1,-1,-1,1,1
1514893025328775,-1,-1,-2,-1,0,-1,-1,0
1514893025341786,0,1,-3,-1,-1,-3,0,0
1514893025341786,-1,-1,-1,-1,-1,-2,0,0
1514893025350288,-1,-3,-3,-3,-1,-2,-2,-2
1514893025350288,-2,-2,1,3,0,-3,0,-1
1514893025356293,-1,2,-1,-4,-2,0,-2,-2
1514893025356293,0,0,-2,3,-1,0,-1,-1
1514893025365299,-1,-1,-3,-2,-3,-1,-1,-2
1514893025365299,0,-4,-1,-1,-1,-2,-1,-1
1514893025379824,-2,-2,-2,-1,0,0,-1,-2
1514893025379824,-1,-1,-2,-2,0,-1,-3,-2
1514893025381310,-3,0,0,-1,-2,-2,-2,-1
1514893025381310,-1,-1,1,-3,0,-1,-3,-3
1514893025402326,0,0,1,0,-1,-1,-1,-1
1514893025402326,-2,0,-1,-1,-2,-1,0,-1
1514893025403828,-1,-3,-1,0,-2,-1,0,-1
1514893025403828,-1,0,-3,-2,-2,0,-1,-2
1514893025415838,1,2,-2,-1,-1,0,-1,1
1514893025415838,-1,0,0,-1,0,0,-2,-2
1514893025424843,-1,-2,-4,-1,-2,-1,-2,0
1514893025424843,-2,1,2,-1,-4,1,-2,0
1514893025439853,-2,0,-2,0,0,1,-1,-1
1514893025439853,-1,1,-3,-3,1,2,0,-1
1514893025441354,1,-4,-2,4,1,3,0,-1
1514893025441354,-1,-3,0,-1,-1,1,0,0
1514893025470874,-1,-3,0,0,-3,0,-1,-1
1514893025470874,0,0,1,-2,-2,-4,0,1
1514893025472375,-2,0,-2,0,0,-2,-1,-1
1514893025472375,-2,-3,-1,-1,-2,-5,-1,-2
1514893025476377,-2,1,-3,-1,-2,-4,-1,-1
1514893025476377,1,-1,-2,-2,-2,-2,-1,-1
1514893025485385,0,0,-1,1,0,-2,0,-2
1514893025485385,-1,-3,0,-1,-1,-2,0,-1
1514893025499895,0,-3,-2,0,-2,-1,-1,-2
1514893025499895,-2,-1,-2,-1,-2,-2,-3,0
1514893025501398,-2,-1,-2,-2,-2,-4,-1,-1
1514893025501398,0,0,2,-2,-1,-2,-2,0
1514893025522420,0,0,-2,-2,0,-2,-2,-1
1514893025522420,-2,0,-1,-1,0,-3,-1,-1
1514893025523922,-1,-3,0,-3,-2,-2,-2,0
1514893025523922,0,-1,-4,0,1,0,-2,-2
1514893025536422,-3,1,-1,0,1,-1,0,-1
1514893025536422,-2,0,-1,-4,-1,0,-1,-1
1514893025544927,0,-2,0,1,-2,-1,-1,-3
1514893025544927,-1,-3,-3,0,-2,1,0,-1
1514893025559937,1,2,1,1,0,-1,0,0
1514893025559937,0,0,-2,1,-3,0,0,-3
1514893025562439,-2,-2,0,-3,0,-2,-1,0
1514893025562439,-2,-3,-3,-2,-1,-1,-1,1
1514893025582454,-1,-2,-3,-2,0,-1,-2,-2
1514893025582454,-1,-1,0,-1,-1,-2,0,-1
1514893025585956,-1,-1,-7,-3,-2,0,-2,-1
1514893025585956,-1,-1,12,4,-1,0,0,-1
1514893025595963,-1,-1,-2,-2,-2,-2,1,0
1514893025595963,-1,2,-1,0,0,0,-1,0
1514893025604968,-1,-2,0,0,-2,-1,0,0
1514893025604968,-2,-2,-6,-3,-2,-2,0,-1
1514893025619980,1,0,-1,-1,-2,-2,-2,0
1514893025619980,-2,-1,-1,-1,-2,-1,-1,-1
1514893025621480,-2,-2,-3,-1,1,1,0,-1
1514893025621480,-1,-3,0,3,0,0,-3,-1
1514893025642495,0,2,2,-2,-1,0,0,-2
1514893025642495,-1,-1,-3,-1,-2,-1,-1,-2
1514893025643996,-1,-2,0,-3,-1,-2,-1,-2
1514893025643996,-1,-2,-3,-2,-2,-1,0,0
1514893025656006,-2,1,-1,2,-1,-2,0,0
1514893025656006,0,0,0,-1,-1,0,0,-2
1514893025665023,-1,-1,0,1,-2,1,0,-1
1514893025665023,-1,-2,-2,-2,-1,-2,-1,0
1514893025680021,0,-2,-1,-1,-1,0,-2,-1
1514893025680021,-1,0,-2,-3,-1,1,-1,-1
1514893025681536,-2,-2,0,-1,-2,-1,-1,0
1514893025681536,-2,-2,-5,-2,0,-1,0,-2
1514893025702549,-3,1,-3,-2,1,0,0,-2
1514893025702549,0,-1,0,-1,0,-1,-2,-1
1514893025704049,-1,2,0,-1,1,0,-2,0
1514893025704049,-1,4,-3,0,-2,-2,-1,-2
1514893025724062,0,4,2,2,0,-2,-2,-1
1514893025724062,-2,4,-1,-1,0,-4,0,-1
1514893025732559,-1,0,1,0,-1,-1,-2,0
1514893025732559,0,-3,-2,-2,-3,-1,0,0
1514893025747069,0,-3,-2,-2,-1,-1,-1,0
1514893025747069,0,-3,-2,0,-1,0,-2,-1
1514893025750072,-2,-4,2,-2,-3,0,-2,-1
1514893025750072,-2,-3,-1,-1,-1,1,-2,-1
1514893025762580,0,-2,-1,-2,-1,1,-1,0
1514893025762580,0,-3,-2,-1,0,0,-1,-3
1514893025764083,0,-5,0,-1,-2,-2,-2,-2
1514893025764083,-2,-4,-1,-2,-1,0,-1,-3
1514893025785612,-1,-1,-4,2,1,0,0,-1
1514893025785612,0,-1,-4,-1,-1,-2,0,1
1514893025788111,-1,-3,3,0,-1,1,-1,0
1514893025788111,-2,-3,0,-1,-1,-3,-2,-2
1514893025799607,0,0,-2,-2,-4,-3,-1,-1
1514893025799607,0,0,-1,-1,0,-2,-1,-2
1514893025801612,-1,-2,-1,-1,-1,-3,1,-1
1514893025801612,-1,-2,-1,0,-1,1,-2,0
1514893025822123,-2,-2,-3,-2,-3,-1,-1,-1
1514893025822123,-1,0,-1,-3,-2,0,-1,1
1514893025824123,-1,-3,-1,0,0,-3,1,-1
1514893025824123,0,-2,1,-2,1,0,-2,0
1514893025852643,-2,0,-1,-6,-3,-1,0,-1
1514893025852643,-2,0,-1,4,-1,1,-2,0
1514893025855145,0,-2,-3,-1,-2,1,-1,-3
1514893025855145,-1,-1,-1,-1,0,-3,1,-1
1514893025859148,0,0,0,0,0,-2,-3,1
1514893025859148,-2,-1,0,-4,-2,-1,-1,-2
1514893025866654,1,0,-3,-1,0,-1,0,0
1514893025866654,0,-2,-5,1,-1,0,-1,-1
1514893025882165,-2,0,-1,0,-1,-1,0,-1
1514893025882165,-1,1,0,0,-2,-2,0,1
1514893025883666,-2,-2,-1,-1,0,-2,-2,-2
1514893025883666,-2,-1,0,0,-1,-2,-2,-1
1514893025904184,0,0,-3,-1,-1,-1,-2,-2
1514893025904184,-1,0,0,0,-1,-2,-2,-1
1514893025911689,-1,-3,-1,-3,-1,0,-3,0
1514893025911689,-2,-4,-3,0,-2,-2,0,-1
1514893025918692,-1,0,4,-1,-1,-1,-1,-1
1514893025918692,-2,1,-1,1,0,-2,0,-1
1514893025926696,-2,-1,0,-2,-2,0,-2,1
1514893025926696,0,-2,0,-2,-1,0,0,-1
1514893025941707,-2,0,-2,-3,-2,-1,0,0
1514893025941707,-1,0,-1,1,-1,-1,0,-2
1514893025942711,-2,-2,-2,1,1,0,0,-1
1514893025942711,1,-1,0,-1,-1,-2,-2,0
1514893025963732,-1,-2,-1,-1,-2,-1,0,-2
1514893025963732,0,1,-2,-3,-1,-1,-1,0
1514893025971738,1,-2,-1,-1,-2,-2,-2,-1
1514893025971738,-2,-3,-4,-1,-1,-2,-3,0
1514893025978734,1,-1,5,0,-1,0,-2,-1
1514893025978734,-1,0,-1,-1,-1,0,-2,-1
1514893025986738,0,-1,-1,0,0,-1,-1,-2
1514893025986738,-1,-2,-1,-2,-1,0,0,-2
1514893026002251,-2,-1,-2,0,0,0,-1,-1
1514893026002251,-1,-1,-2,-3,0,-2,-1,-1
1514893026002752,0,-1,-2,-3,-3,-2,0,-1
1514893026002752,0,-3,0,-1,-1,0,-1,-1
1514893026024766,-3,-1,-2,0,0,-1,-1,-2
1514893026024766,-1,1,0,0,-2,-1,-1,-1
1514893026025266,1,-3,-3,-3,-2,-1,-2,-2
1514893026025266,-2,-1,3,-2,-2,-3,-1,-1
1514893026038776,0,1,-2,-4,-2,-2,1,-1
1514893026038776,0,-1,-2,2,-1,0,0,-1
1514893026046787,-1,-2,0,-1,-1,-2,-2,0
1514893026046787,-1,-1,-1,-1,0,-1,-2,0
1514893026069798,-2,0,-3,-1,0,0,-4,-1
1514893026069798,0,-1,-1,-3,-2,-2,-1,-3
1514893026070801,0,-2,0,0,-1,-1,-1,-2
1514893026070801,0,-2,-1,0,1,-1,0,-1
1514893026085812,0,0,-4,-1,-1,-2,0,0
1514893026085812,-3,0,0,0,1,-2,-1,0
1514893026087311,-1,-3,0,0,-1,0,0,-1
1514893026087311,0,-2,1,-1,-2,0,1,-1
1514893026098818,0,-2,-1,-1,-1,-1,-1,-2
1514893026098818,0,2,0,-2,-2,-2,-2,-1
1514893026106824,-1,-1,0,0,-2,0,-2,-2
1514893026106824,-1,-2,-1,-1,-1,-2,-1,-2
1514893026121834,1,-1,-1,0,0,-3,-1,0
1514893026121834,0,0,-2,-2,0,-3,-3,-2
1514893026122836,-1,-1,-2,-2,-1,-1,0,1
1514893026122836,1,-2,-2,1,-2,-1,0,-2
1514893026144853,-1,0,-1,0,-1,-1,-1,-1
1514893026144853,0,-2,1,-3,-1,-1,0,-2
1514893026145858,-2,-3,-2,-1,0,-1,0,-1
1514893026145858,-2,-3,-1,-1,0,-1,-3,1
1514893026159362,-2,0,-2,-1,-1,-1,-2,-2
1514893026159362,-1,0,-1,0,-3,-1,-2,1
1514893026159861,-1,0,-1,-2,0,-2,-1,-2
1514893026159861,-2,0,2,6,-2,1,0,-1
1514893026181876,-1,-2,0,-2,-3,-1,-2,0
1514893026181876,0,-1,-1,0,-1,0,-1,0
1514893026183377,-2,-4,-2,-2,-2,-2,-1,-1
1514893026183377,-2,-1,2,-3,1,-1,-1,-1
1514893026204395,1,1,-2,1,-2,-2,-1,-1
1514893026204395,-1,0,-2,-1,-1,-3,-1,-1
1514893026204895,-1,-2,-2,-3,-2,0,-1,-2
1514893026204895,-1,-1,-4,1,1,0,0,-1
1514893026218903,-1,0,-1,0,-2,-1,0,-1
1514893026218903,-2,0,-2,-3,-2,-2,-2,-1
1514893026226909,-1,-2,1,0,-3,-3,-2,-1
1514893026226909,-3,-2,-2,-2,0,-2,-2,-1
1514893026241919,-1,0,-2,-1,0,-2,-2,-1
1514893026241919,0,0,-3,-1,0,0,-1,-1
1514893026242920,-2,-1,-2,1,1,0,-1,-2
1514893026242920,-1,-2,0,-3,-3,-1,-1,-2
1514893026264435,-2,-1,-2,0,-1,-1,-1,-2
1514893026264435,1,0,-1,-2,-1,0,-1,-1
1514893026264936,-2,-2,1,0,-2,-1,-1,-2
1514893026264936,-1,-3,-1,1,-1,0,0,-1
1514893026278446,1,0,-2,-1,-1,-2,0,1
1514893026278446,-1,0,0,0,-1,1,0,1
1514893026286952,-1,0,-1,-3,-1,-1,-1,-1
1514893026286952,-2,-1,-2,-3,-2,-2,-2,-2
1514893026302465,-1,0,-1,0,-3,0,-2,-1
1514893026302465,-3,-1,-1,-2,-1,-1,-2,-1
1514893026304468,-1,-3,0,0,-1,-1,0,-2
1514893026304468,0,-2,-1,-2,0,-1,-1,-2
1514893026323978,0,0,1,-3,2,0,-2,0
1514893026323978,0,1,-1,-2,0,-2,-1,-1
1514893026331482,0,-2,1,-1,-1,-2,-2,0
1514893026331482,0,-1,0,-1,-3,-2,0,-1
1514893026338990,0,0,-1,-2,-1,-1,-2,-3
1514893026338990,-1,0,-2,-2,-1,2,0,-1
1514893026346493,-1,-2,-4,-1,-1,0,0,-1
1514893026346493,-2,-1,4,-1,0,0,-3,1
1514893026363005,-2,0,-1,-3,1,-1,0,-1
1514893026363005,-2,-1,-2,5,1,-3,-1,0
1514893026365007,-1,-2,-1,-1,-2,0,-1,-1
1514893026365007,-1,-2,-4,1,0,-2,-2,-1
1514893026384019,-1,-1,0,-2,-2,-3,-3,0
1514893026384019,-1,-1,-4,-4,-1,-2,0,-1
1514893026392027,-1,-2,2,-1,-1,-1,-2,-2
1514893026392027,-3,1,3,0,-1,-1,-1,-3
1514893026398532,-1,1,0,0,-2,-2,-1,-1
1514893026398532,0,-1,-1,-1,-2,-1,-1,0
1514893026407037,-1,-3,-4,-1,-1,-2,0,1
1514893026407037,1,-2,-3,-2,-2,0,-1,-1
1514893026422049,-1,1,-2,-1,-1,0,-1,-2
1514893026422049,-2,0,1,-2,-2,0,-2,-1
1514893026423050,-2,0,-1,0,0,0,-2,-1
1514893026423050,-2,-2,-1,1,-1,-3,-1,-1
1514893026453071,-2,0,-3,-4,-3,-1,-1,1
1514893026453071,1,0,1,0,-1,-1,-1,-3
1514893026455070,-1,-2,1,-1,0,-1,-1,-3
1514893026455070,-1,-1,-4,-1,0,-3,0,-1
1514893026458576,-1,-1,-2,-1,0,-3,0,-3
1514893026458576,-1,-1,-3,-3,-1,-1,-2,-1
1514893026466578,-1,-1,0,1,-1,-1,-1,-1
1514893026466578,0,-3,0,-3,-1,-1,-1,0
1514893026481471,0,-1,0,-1,0,-1,-1,2
1514893026481471,-2,-1,-1,-2,-1,-1,-1,-1
1514893026482471,-2,0,-3,0,0,-2,1,-1
1514893026482471,-2,-3,-2,-1,-3,0,-1,-2
1514893026503988,0,-1,-3,0,-3,1,0,-3
1514893026503988,0,0,-1,-1,0,-4,-1,-1
1514893026511992,0,-4,-1,-2,-1,-1,0,-2
1514893026511992,-2,-3,-2,-2,0,-1,-1,0
1514893026518500,-1,1,0,0,-1,-1,-2,0
1514893026518500,1,-2,-3,0,-2,-1,-1,-1
1514893026526504,1,-1,-1,-1,-3,-2,-1,0
1514893026526504,-2,-1,-7,0,-2,0,0,-2
1514893026541514,-1,-1,5,-4,0,-1,0,-2
1514893026541514,-2,0,3,1,0,1,-1,-2
1514893026542514,-2,-2,-3,-1,-1,0,-2,-1
1514893026542514,1,-1,5,-1,-1,-3,-1,-1
1514893026564029,-1,-2,-9,-1,0,0,-1,1
1514893026564029,0,0,0,-1,-2,-1,-2,-1
1514893026565030,-2,-1,0,2,-1,-2,0,0
1514893026565030,-1,-1,-2,-1,0,-2,-1,0
1514893026578539,-1,0,-1,0,-3,1,-2,-1
1514893026578539,1,-1,-4,-4,1,-2,-2,-1
1514893026586550,-1,-1,1,-1,0,-1,-1,-1
1514893026586550,0,-1,1,-1,0,-1,1,-1
1514893026601557,0,0,-2,-1,1,1,-1,-2
1514893026601557,-2,-3,-1,0,-1,-1,-1,-1
1514893026602566,0,-2,-2,0,-1,0,-2,0
1514893026602566,-2,-2,-2,-2,0,0,-1,0
1514893026624072,0,0,0,0,-3,-3,-3,-1
1514893026624072,-2,0,-1,-5,-3,-3,0,-1
1514893026625073,-1,-2,-2,2,0,-1,-1,-2
1514893026625073,-1,-3,2,0,-2,0,-1,-2
1514893026646587,-1,-1,0,-1,-3,-3,-2,-1
1514893026646587,0,-1,-5,-1,1,1,0,-3
1514893026654093,0,1,3,-2,-2,-2,-1,-1
1514893026654093,-2,-2,-1,-2,0,-1,-1,-1
1514893026661597,-2,-1,1,-1,1,-2,0,-2
1514893026661597,-1,0,-1,1,0,-2,-1,1
1514893026669103,-2,-2,-3,0,0,-2,-2,1
1514893026669103,-1,0,-4,-1,-2,-1,-1,1
1514893026684615,0,0,-3,-1,-1,-2,0,-1
1514893026684615,0,0,3,1,-2,-1,1,1
1514893026685615,-1,-2,-2,-2,-2,-1,-1,-2
1514893026685615,-1,-1,2,0,-1,-1,-1,-2
1514893026714639,-1,1,-3,0,1,-1,0,-1
1514893026714639,0,-1,-2,0,-3,0,-1,-1
1514893026715636,-1,-2,-1,-2,0,0,0,-2
1514893026715636,0,-1,-1,-2,0,-1,0,-2
1514893026721868,-1,-2,-3,-2,-1,-2,0,0
1514893026721868,-1,-1,-4,-1,-2,-1,-2,-1
1514893026722370,-1,-2,7,0,-1,-2,0,-1
1514893026722370,-1,-1,-2,0,0,0,0,-1
1514893026744885,-3,1,1,-5,-2,1,-1,0
1514893026744885,-1,0,-4,4,0,-1,-2,0
1514893026746387,-1,-2,-1,-1,-2,-1,-1,-2
1514893026746387,-2,1,-1,-1,1,-2,0,-2
1514893026768402,0,-1,-2,0,-2,-2,-1,0
1514893026768402,-1,-4,1,-3,-1,-2,0,0
1514893026769902,1,-3,-4,-2,0,-1,-1,-1
1514893026769902,-1,0,0,-1,0,1,1,-1
1514893026781412,0,-1,0,0,1,0,-1,-2
1514893026781412,0,-1,1,-2,-2,-3,0,-2
1514893026782412,0,-1,-1,0,-2,-1,-1,-2
1514893026782412,0,1,0,-2,-1,-2,-1,-1
1514893026804427,-1,-1,-2,-2,-2,0,-1,-3
1514893026804427,-2,0,-1,-2,0,-2,-1,-2
1514893026804932,-2,0,0,-2,-1,1,-1,-1
1514893026804932,-2,-3,-3,-3,-2,-1,-1,-1
1514893026827444,0,1,5,1,-2,-1,-1,1
1514893026827444,-1,-2,1,0,-1,0,0,0
1514893026827943,0,-2,-1,-1,-2,-3,-2,1
1514893026827943,-1,-2,-5,-4,-2,-1,-2,0
1514893026841454,0,1,1,5,1,-1,-1,-1
1514893026841454,-1,-2,-2,-2,-2,1,-1,-2
1514893026842466,-2,-2,-1,-1,-2,0,0,0
1514893026842466,-1,-3,0,1,1,0,0,-1
1514893026863969,-1,0,-2,-3,0,-1,1,-1
1514893026863969,-2,1,-2,-1,0,-2,-3,1
1514893026864982,-1,-2,-1,-2,-1,-1,-1,-1
1514893026864982,0,-2,0,-1,-2,-2,-3,-1
1514893026887485,-2,0,-2,-2,-1,-2,-2,-2
1514893026887485,-2,-1,-5,-1,-1,0,0,-2
1514893026887993,1,-2,1,-2,-2,-1,0,-1
1514893026887993,-1,1,5,2,-3,0,-1,0
1514893026901497,0,-2,-2,0,-2,-2,-2,-1
1514893026901497,-1,0,-1,-2,-2,-2,0,-1
1514893026902498,-2,-1,-3,-1,-1,-1,1,-1
1514893026902498,-2,-1,-2,-2,-1,-1,0,-2
1514893026924019,-1,-2,-3,-6,-2,1,0,0
1514893026924019,1,0,1,1,0,-1,-1,-2
1514893026925012,-2,-2,-5,-2,0,-2,-2,-1
1514893026925012,-3,-1,1,0,-1,-2,0,0
1514893026947037,-2,-2,-4,-1,-2,-1,-3,-1
1514893026947037,0,-2,0,-4,0,-1,0,-1
1514893026948030,-3,0,0,-1,1,0,0,0
1514893026948030,0,0,-2,-2,-1,-2,-2,0
1514893026962040,-1,0,-1,-3,0,-2,-2,-1
1514893026962040,0,0,0,0,1,0,-2,0
1514893026963040,-2,-3,0,0,-2,-1,0,-1
1514893026963040,0,-1,-1,-1,0,-1,-1,0
1514893026984054,-2,-1,-1,0,-3,-2,0,-1
1514893026984054,0,-1,-3,-2,-2,-2,0,1
1514893026985071,0,-3,-3,-1,-1,-3,0,-2
1514893026985071,-1,-2,4,-2,-2,0,-3,-2
1514893027008571,0,-1,-5,-3,-3,-1,-1,0
1514893027008571,-2,-2,5,1,0,0,-1,-2
1514893027010573,-2,-2,-3,0,-2,-1,0,0
1514893027010573,0,-1,-4,1,-1,0,0,0
1514893027021582,1,0,-3,-2,2,-1,-1,-1
1514893027021582,-1,-2,-2,-3,-5,-3,-2,-1
1514893027022582,-1,0,0,-3,-1,0,-3,0
1514893027022582,-1,-1,0,0,-1,-1,0,0
1514893027044096,-2,0,-1,1,-2,-1,0,-1
1514893027044096,0,-2,-3,-2,-1,-1,0,-2
1514893027046106,-2,-2,-3,0,-2,-2,-3,-2
1514893027046106,1,0,-2,-1,0,0,-1,-1
1514893027066657,-1,2,1,-1,-2,0,-1,0
1514893027066657,-3,-2,-2,-4,1,-1,0,-2
1514893027074127,-1,-1,-3,-1,-1,0,0,0
1514893027074127,-2,-1,1,1,-1,-2,-1,-2
1514893027082625,2,0,0,1,-1,-3,-3,0
1514893027082625,0,-1,-2,-1,-1,-1,-2,-1
1514893027083624,-2,-3,0,-1,-2,-1,-2,-2
1514893027083624,-1,-2,-3,0,-1,-2,1,0
1514893027104641,-2,-2,-1,-2,-2,1,-2,-3
1514893027104641,0,-3,0,-6,-1,0,-2,-2
1514893027106641,0,-2,2,2,1,-1,-1,-1
1514893027106641,-1,0,-4,2,-2,0,-1,-2
1514893027127156,-1,0,1,0,-3,-2,-1,0
1514893027127156,-2,-1,-5,-2,-2,-1,-1,-2
1514893027128157,-1,1,5,-1,0,0,1,-3
1514893027128157,-2,-2,-5,-3,1,-2,0,-1
1514893027141666,-2,0,3,2,1,-1,-1,-1
1514893027141666,-1,-2,0,-2,-3,-1,0,0
1514893027143167,-1,-1,-3,-2,-1,-1,-2,0
1514893027143167,-1,0,-1,-1,-1,-1,0,-1
1514893027164181,-1,0,-5,-1,-1,0,-1,-1
1514893027164181,-1,0,-1,2,-2,-3,-1,0
1514893027171688,0,-3,0,0,-2,-1,-3,-1
1514893027171688,0,-1,-1,-3,0,0,-2,-1
1514893027187200,0,-1,-4,-3,-1,-2,1,-2
1514893027187200,1,0,3,3,-1,1,0,0
1514893027188200,-2,0,-5,-2,-1,-1,-2,1
1514893027188200,-2,0,3,-1,-2,-2,-1,-2
1514893027200724,-2,0,-5,-3,0,-1,0,0
1514893027200724,-3,1,4,-2,-1,-3,-1,-2
1514893027209214,-1,0,-1,-2,0,0,-1,0
1514893027209214,0,0,-2,0,-1,-1,-2,0
1514893027224224,-1,-1,2,-1,0,0,-1,-2
1514893027224224,0,-2,-5,0,-1,-1,-2,0
1514893027224725,-3,-3,-1,-3,-4,-2,-1,-3
1514893027224725,-2,0,-3,2,-1,-1,0,-2
1514893027247241,-2,0,1,2,-3,-3,-3,-2
1514893027247241,-1,-2,-8,-3,-1,0,0,0
1514893027248241,-1,-2,4,-3,-2,-3,-1,-1
1514893027248241,-1,1,5,-1,-2,0,0,-1
1514893027260751,0,1,0,-1,-1,-1,-1,-1
1514893027260751,0,-3,-3,-3,-1,-2,-2,-1
1514893027269756,0,-1,1,-4,-1,-1,-1,-1
1514893027269756,0,0,-3,1,-2,-3,-3,-1
1514893027284266,-1,0,-2,-2,0,-2,-1,0
1514893027284266,-4,-2,0,0,-3,-1,-1,-1
1514893027284766,-1,-2,-4,-1,1,1,0,-1
1514893027284766,-2,-1,-2,-3,0,-1,-1,-1
1514893027307282,0,0,0,-1,-1,-1,-1,-1
1514893027307282,-1,-2,-1,-2,0,-1,0,-1
1514893027308283,1,-2,-1,0,-2,-1,-1,-2
1514893027308283,0,-1,-2,-4,-4,0,-1,0
1514893027320793,-2,0,-3,3,0,-1,-2,-3
1514893027320793,0,-1,0,1,-1,0,0,0
1514893027329299,-3,-1,0,0,0,-2,-1,-1
1514893027329299,-1,0,-2,-3,0,-1,-1,0
